Godot Engine v4.5.stable.official.876b29033 - https://godotengine.org

# station zero balance run: seed=1234 sols=1500 overrides=[] fixed_step=0.05 data_hash=fcb5ff2f0fbf63a1 player=attentive cadence=1.0
# deaths and births are cumulative; shorts, trips, energy, asleep, wait, min_* are for the 30-sol window
 sol  pop  min birth dead a/t/h/o/x           oxygen    food     ice   regol   dmnd   supp short bldg R/H/W/G/A/C  reach trips  avgE asleep%  waitH minIce  minO2 age web cn
  10    7    7     0 0/0/0/0/0                 382.9   296.2    51.8    49.3   13.0   28.0     0 2/1/1/1/0/0           2     9  54.2   10.2  170.4   48.5  261.5 L 1.00 -
  20    7    7     0 0/0/0/0/0                 549.1   420.0    77.9    35.3   17.0   28.0     0 2/3/1/1/0/0           2    14  58.1   12.8  102.3   47.1  383.0 L 1.00 -
  30    7    7     0 0/0/0/0/0                 550.0   420.0    83.4     3.7   23.0   28.0     0 2/3/2/1/0/0           2    15  56.0   12.1   92.6   70.4  548.9 L 1.00 -
  40    7    7     0 0/0/0/0/0                 550.0   420.0    92.5    50.5   24.0   28.0     0 2/3/2/1/0/1           2    10  57.7   11.6  145.7   79.9  548.3 L 1.00 -
  50    7    7     0 0/0/0/0/0                 550.0   420.0    98.4    64.9   24.0   42.0     0 3/3/2/1/0/1           2    14  54.6   11.1   66.4   85.4  548.1 L 1.00 -
  60    7    7     0 0/0/0/0/0                 550.0   420.0    93.3    38.3   26.0   42.0     0 3/3/2/1/1/1           2     8  58.5   12.0   76.3   91.8  548.0 L 1.00 -
  70    7    7     0 0/0/0/0/0                 550.0   420.0   110.5    36.7   28.0   42.0     0 3/3/2/1/1/1           2    15  54.6   11.7  124.3   92.8  549.0 L 1.00 -
  80    7    7     0 0/0/0/0/0                 550.0   420.0   105.3    43.5   31.0   42.0     0 3/4/2/1/1/1           2    11  59.8   11.8   96.8  105.1  549.0 L 1.00 -
  90    7    7     0 0/0/0/0/0                 700.0   532.8   105.1     7.6   35.0   42.0     0 3/4/2/2/1/1           2     8  55.3   10.8  191.3   99.2  549.0 L 1.00 -
 100    7    7     0 0/0/0/0/0                 700.0   540.0   109.8    66.2   36.0   42.0     0 3/4/2/2/1/2           2    14  60.7   11.6  152.7   93.5  699.0 L 0.43 -
 110    7    7     0 0/0/0/0/0                 700.0   540.0    97.6    76.6   39.0   42.0     0 3/5/2/2/1/2           2    15  57.6   12.0   80.9   97.6  699.0 L 0.86 -
 120    7    7     0 0/0/0/0/0                 700.0   540.0    98.5    53.9   39.0   56.0     0 4/5/2/2/1/2           2    10  57.0   12.3  113.4   92.4  699.0 L 0.86 -
 130    7    7     0 0/0/0/0/0                 700.0   540.0   108.4    11.8   41.0   56.0     0 4/5/2/2/1/2           2    15  57.0   10.7  159.4   93.0  698.2 L 0.86 -
 140    7    7     0 0/0/0/0/0                 700.0   540.0   118.5    79.6   41.0   56.0     0 4/5/2/2/1/2           2    10  55.2   11.8  234.1  107.0  699.0 L 0.86 -
 150    7    7     0 0/0/0/0/0                 700.0   540.0   122.3   103.5   41.0   56.0     0 4/5/2/2/1/2           2     7  56.6   10.9  223.3  113.7  698.4 L 0.57 -
 160    7    7     0 0/0/0/0/0                 700.0   540.0   113.5    59.0   45.0   56.0     0 4/7/2/2/1/2           2    11  59.4   11.7  169.7  113.5  698.4 L 0.43 -
 170    7    7     0 0/0/0/0/0                 700.0   540.0   106.3    26.0   47.0   56.0     0 4/7/2/2/1/2           2    10  57.7   11.7  143.7  106.3  699.0 L 0.43 -
 180    7    7     0 0/0/0/0/0                 700.0   540.0   106.5    64.9   48.0   56.0     0 4/7/2/2/1/3           2    10  57.8   10.7  175.2  101.2  699.0 L 0.43 -
 190    7    7     0 0/0/0/0/0                 850.0   660.0    99.7    82.3   52.0   56.0     0 4/7/2/3/1/3           2    18  53.8   12.3   91.8   99.7  699.0 L 0.57 -
 200    7    7     0 0/0/0/0/0                 850.0   660.0   103.7    64.0   52.0   70.0     0 5/7/2/3/1/3           2    12  54.6   11.5  101.7   90.1  848.6 L 0.57 -
 210    7    7     0 0/0/0/0/0                 850.0   660.0   100.9    23.0   54.0   70.0     0 5/7/2/3/1/3           2    15  57.7   11.2   88.6   98.3  848.8 L 0.57 -
 220    7    7     0 0/0/0/0/0                 850.0   660.0    93.8    94.4   55.0   70.0     0 5/8/2/3/1/3           2     9  56.3   12.0  208.0   90.5  849.0 L 0.57 -
 230    7    7     0 0/0/0/0/0                 850.0   660.0   101.0    16.5   57.0   70.0     0 5/8/2/3/1/3           2    11  58.5   11.4  125.3   88.3  849.0 L 0.43 -
 240    7    7     0 0/0/0/0/0                 850.0   660.0   104.8    83.8   58.0   70.0     0 5/8/2/3/1/4           2    12  57.7   11.6   95.2   99.3  849.0 L 0.43 -
 250    7    7     0 0/0/0/0/0                 850.0   660.0    99.1    13.3   60.0   70.0     0 5/8/2/3/1/4           2     7  60.2   11.1  170.0   90.9  849.0 L 0.43 -
 260    7    7     0 0/0/0/0/0                1000.0   780.0    94.6    49.3   62.0   70.0     0 5/8/2/4/1/4           2    10  57.6   11.3  150.2   92.4  848.6 L 0.43 -
 270    7    7     0 0/0/0/0/0                1000.0   780.0   100.8    27.4   64.0   70.0     0 5/8/2/4/1/4           2    16  56.3   11.3  103.2   90.7  998.3 L 0.43 -
 280    9    7     2 0/0/0/0/0                1000.0   780.0    83.0    83.8   65.0   70.0     0 5/9/2/4/1/4           2     9  57.8   11.4  169.3   83.0  999.0 L 0.44 -
 290   10    9     3 0/0/0/0/0                1000.0   780.0    70.9    24.3   67.0   70.0     0 5/9/2/4/1/4           2    11  60.3   11.6  149.8   70.9  999.0 L 0.90 -
 300   13   10     6 0/0/0/0/0                1000.0   780.0    67.9    78.0   69.0   70.0     0 5/9/3/4/1/4           2    15  61.9   11.0   66.6   67.9  999.0 S 1.00 -
 310   13   13     6 0/0/0/0/0                1000.0   780.0    50.8    45.7   71.0  105.0     2 5/9/3/4/1/4           2    13  60.4   11.2   90.1   50.8  998.7 S 1.00 -
 320   13   13     6 0/0/0/0/0                1000.0   780.0    69.7    74.7   69.0   84.0     0 6/9/3/4/1/4           2    13  61.1   10.5   35.0   42.2  999.0 S 1.00 -
 330   13   13     6 0/0/0/0/0                1000.0   780.0    49.4   133.9   69.0   84.0     0 6/9/3/4/1/4           2    11  62.4   11.3   65.0   49.4  999.0 S 1.00 -
 340   13   13     6 0/0/0/0/0                1000.0   780.0    66.8    11.2   72.0   84.0     0 6/9/3/4/1/5           2    11  61.5   11.0  130.5   35.4  999.0 S 0.69 -
 350   13   13     6 0/0/0/0/0                1000.0   780.0    52.0    70.3   72.0   84.0     0 6/9/3/4/1/5           2    12  61.8   10.9   15.0   50.6  999.0 S 0.69 -
 360   13   13     6 0/0/0/0/0                1000.0   780.0    52.7   126.4   72.0   84.0     0 6/9/3/4/1/5           2    11  62.5   10.6   15.0   46.9  999.0 S 0.69 -
 370   13   13     6 0/0/0/0/0                1000.0   780.0    48.6    35.3   74.0   84.0     0 6/9/3/4/1/5           2    10  60.9   11.5  193.4   40.0  999.0 S 0.62 -
 380   13   13     6 0/0/0/0/0                1000.0   780.0    26.0    43.0   74.0   84.0     0 6/9/3/4/1/5           2     4  62.2   10.8  224.7   26.0  999.0 S 0.77 -
 390   13   13     6 0/0/0/0/0                1150.0   900.0    25.5    80.7   76.0   84.0     0 6/9/3/5/1/5           2    11  60.8   11.2   46.0   10.7  999.0 S 0.77 -
 400   13   13     6 0/0/0/0/0                1150.0   900.0    42.9   110.2   76.0   84.0     0 6/9/3/5/1/5           2    12  62.0   10.5   10.0   24.3 1149.0 S 0.92 -
 410   13   13     6 0/0/0/0/0                1150.0   900.0    49.7   123.0   76.0   84.0     0 6/9/3/5/1/5           2    11  62.2   11.1   10.0   38.0 1149.0 S 0.92 -
 420   13   13     6 0/0/0/0/0                1150.0   900.0    53.5    17.9   78.0   84.0     0 6/9/3/5/1/5           2     9  61.5   11.0  173.8   47.4 1149.0 S 0.77 -
 430   13   13     6 0/0/0/0/0                1150.0   900.0    40.9    38.7   78.0   84.0     0 6/9/3/5/1/5           2     6  62.9   10.9  235.1   38.4 1149.0 S 0.77 -
 440   13   13     6 0/0/0/0/0                1150.0   900.0    27.6    38.7   78.0   84.0     0 6/9/3/5/1/5           2     5  61.7   10.8  227.5   25.9 1149.0 S 0.77 -
 450   13   13     6 0/0/0/0/0                1150.0   900.0    12.9    51.5   78.0   84.0     0 6/9/3/5/1/5           2     4  62.8   10.9  246.6   12.7 1149.0 S 0.77 -
 460   13   13     6 0/0/0/0/0                1300.0  1020.0    12.0    75.1   80.0   84.0     0 6/9/3/6/1/5           2    12  61.2   10.4   58.7    1.6 1149.0 S 0.62 -
 470   13   13     6 0/0/0/0/0                1300.0  1020.0    47.7    95.1   80.0   84.0     0 6/9/3/6/1/5           2    18  60.8   11.6   40.0   11.4 1298.8 S 0.62 -
 480   13   13     6 0/0/0/0/0                1300.0  1020.0    36.5    23.1   82.0   84.0     0 6/9/3/6/1/5           2    10  61.9   11.1   51.7   36.5 1299.0 S 0.62 -
 490   13   13     6 0/0/0/0/0                1300.0  1020.0    38.1    37.0   82.0   84.0     0 6/9/3/6/1/5           2     8  62.3   10.2  209.1   30.2 1299.0 S 0.62 -
 500   13   13     6 0/0/0/0/0                1300.0  1020.0    59.2    42.7   80.0   98.0     0 7/9/3/6/1/5           2    11  61.9   11.5  166.7   35.6 1299.0 S 0.77 -
 510   13   13     6 0/0/0/0/0                1300.0  1020.0    70.4   102.0   80.0   98.0     0 7/9/3/6/1/5           2    15  60.3   10.7   30.0   58.4 1298.4 S 0.77 -
 520   13   13     6 0/0/0/0/0                1300.0  1020.0    62.1   131.5   80.0   98.0     0 7/9/3/6/1/5           2    10  63.6   11.2   55.0   60.9 1299.0 S 0.77 -
 530   13   13     6 0/0/0/0/0                1300.0  1020.0    36.6    48.6   82.0   98.0     0 7/9/3/6/1/5           2    10  59.7   11.2  180.4   36.6 1299.0 S 0.62 -
 540   13   13     6 0/0/0/0/0                1300.0  1020.0    34.1    68.5   83.0   98.0     0 7/9/3/6/1/6           2    10  60.8   10.5  222.9   23.4 1299.0 S 0.62 -
 550   14   13     7 0/0/0/0/0                1300.0  1020.0    60.5   125.2   83.0   98.0     0 7/9/3/6/1/6           2    18  60.9   11.0   20.0   33.1 1299.0 S 0.57 -
 560   15   14     8 0/0/0/0/0                1300.0  1020.0    59.8   160.9   83.0   98.0     0 7/9/3/6/1/6           2    13  61.5   11.2   45.0   58.8 1299.0 S 0.80 -
 570   16   15     9 0/0/0/0/0                1300.0  1020.0    51.0    22.0   85.0   98.0     0 7/9/3/6/1/6           2     5  62.9   10.8  246.1   51.0 1299.0 S 0.81 -
 580   18   16    11 0/0/0/0/0                1300.0  1020.0     9.3    50.2   85.0   98.0     0 7/9/3/6/1/6           2     4  64.0   10.5  234.5    9.3 1299.0 S 0.89 -
 590   13   13    11 0/5/0/0/0                1300.0  1020.0     0.0    50.2   85.0   98.0     0 7/9/3/6/1/6           2     2  64.1   10.6  234.8    0.0 1299.0 S 0.77 -
 600   11   10    12 0/8/0/0/0                1300.0  1020.0     6.5    56.6   85.0   98.0     0 7/9/3/6/1/6           2     7  60.6   10.9  238.0    0.0 1299.0 S 0.82 -
 610   11   11    12 0/8/0/0/0                1300.0  1020.0    37.0    64.1   86.0   98.0     0 7/10/3/6/1/6          2    12  62.7   11.2   61.0    3.3 1299.0 S 0.73 -
 620   11   11    12 0/8/0/0/0                1300.0  1020.0    42.1    94.6   86.0   98.0     0 7/10/3/6/1/6          2    12  60.4   10.9   40.0   32.1 1299.0 S 0.73 -
 630   11   11    12 0/8/0/0/0                1300.0  1020.0    47.8   128.8   86.0   98.0     0 7/10/3/6/1/6          2    11  60.4   10.9   75.0   41.6 1299.0 S 0.91 -
 640   11   11    12 0/8/0/0/0                1300.0  1020.0    47.7    15.1   88.0   98.0     0 7/10/3/6/1/6          2     9  60.1   11.6   66.9   41.9 1299.0 S 0.91 -
 650   11   11    12 0/8/0/0/0                1300.0  1020.0    30.2    81.4   88.0   98.0     0 7/10/3/6/2/6          2    13  60.8   10.7  141.6   30.2 1299.0 S 0.91 -
 660   11   11    12 0/8/0/0/0                1300.0  1020.0    50.1   100.0   88.0   98.0     0 7/10/3/6/2/6          2     9  59.8   11.2    0.0   29.0 1299.0 S 1.00 -
 670   11   11    12 0/8/0/0/0                1300.0  1020.0    50.5   123.3   88.0   98.0     0 7/10/3/6/2/6          2    11  62.4   11.1   30.0   44.7 1299.0 S 1.00 -
 680   11   11    12 0/8/0/0/0                1300.0  1020.0    70.1    18.2   90.0   98.0     0 7/10/3/6/2/6          2    14  60.2   11.2   78.6   50.1 1299.0 S 1.00 -
 690   11   11    12 0/8/0/0/0                1300.0  1020.0    49.0    75.4   90.0   98.0     0 7/10/3/6/2/6          2     8  59.6   11.0  238.2   49.0 1299.0 S 1.00 -
 700   11   11    12 0/8/0/0/0                1300.0  1020.0    21.9   100.3   91.0   98.0     0 7/10/3/6/2/7          2     6  58.0   10.6  186.6   21.9 1299.0 S 1.00 -
 710   11   11    12 0/8/0/0/0                1300.0  1020.0    29.3   128.0   91.0   98.0     0 7/10/3/6/2/7          2     9  59.8   10.9   10.0   20.5 1299.0 S 1.00 -
 720   11   11    12 0/8/0/0/0                1300.0  1020.0    33.3   161.6   91.0   98.0     0 7/10/3/6/2/7          2    10  63.8   11.2    5.0   21.0 1299.0 S 1.00 -
 730   11   11    12 0/8/0/0/0                1300.0  1020.0    21.2    26.3   93.0   98.0     0 7/10/3/6/2/7          2     5  61.3   10.8  211.3   21.2 1299.0 S 1.00 -
 740   11   11    12 0/8/0/0/0                1450.0  1140.0    26.7    33.5   95.0   98.0     0 7/10/3/7/2/7          2    14  60.1   11.3  100.0   15.1 1299.0 S 1.00 -
 750   11   11    12 0/8/0/0/0                1450.0  1140.0    70.9    57.6   95.0   98.0     0 7/10/3/7/2/7          2    13  60.6   11.6    0.0   26.5 1449.0 S 1.00 -
 760   11   11    12 0/8/0/0/0                1450.0  1140.0    71.1   123.7   95.0   98.0     0 7/10/3/7/2/7          2    14  58.6   10.3   10.0   63.4 1449.0 S 1.00 -
 770   11   11    12 0/8/0/0/0                1450.0  1140.0    73.1     8.2   97.0   98.0     0 7/10/3/7/2/7          2    11  60.2   11.2    3.0   65.3 1449.0 S 1.00 -
 780   11   11    12 0/8/0/0/0                1450.0  1140.0    60.4    21.4   97.0   98.0     0 7/10/3/7/2/7          2     5  60.0   10.8  226.8   53.3 1449.0 S 1.00 -
 790   11   11    12 0/8/0/0/0                1450.0  1140.0    54.7    56.6   95.0  112.0     0 8/10/3/7/2/7          2    10  60.1   11.0  110.7   46.3 1449.0 S 1.00 -
 800   11   11    12 0/8/0/0/0                1450.0  1140.0    44.9   137.2   95.0  112.0     0 8/10/3/7/2/7          2    14  59.6   11.2   30.0   42.4 1449.0 S 1.00 -
 810   11   11    12 0/8/0/0/0                1450.0  1140.0    36.5    26.1   97.0  112.0     0 8/10/3/7/2/7          2    10  59.1   10.4  164.4   30.0 1449.0 S 1.00 -
 820   11   11    12 0/8/0/0/0                1450.0  1140.0    26.6    26.1   97.0  112.0     0 8/10/3/7/2/7          2     4  59.6   11.1  220.2   21.2 1449.0 S 1.00 -
 830   11   11    12 0/8/0/0/0                1600.0  1260.0    41.4    26.1   99.0  112.0     0 8/10/3/8/2/7          2     8  59.4   10.4   76.5   15.5 1449.0 S 1.00 -
 840   11   11    12 0/8/0/0/0                1600.0  1260.0    41.6    32.2   99.0  112.0     0 8/10/3/8/2/7          2     8  59.0   10.8   50.0   34.7 1599.0 S 1.00 -
 850   13   11    14 0/8/0/0/0                1600.0  1260.0    47.8    78.2   99.0  112.0     0 8/10/3/8/2/7          2    10  62.6   10.6   25.0   39.3 1599.0 S 1.00 -
 860   13   13    14 0/8/0/0/0                1600.0  1260.0    52.3   125.2   99.0  112.0     0 8/10/3/8/2/7          2    13  60.3   11.2   40.0   42.7 1599.0 S 1.00 -
 870   13   13    14 0/8/0/0/0                1600.0  1260.0    48.3     7.7  101.0  112.0     0 8/10/3/8/2/7          2    15  61.2   11.1   49.0   45.2 1599.0 S 0.92 -
 880   14   13    15 0/8/0/0/0                1600.0  1260.0    38.2    21.7  101.0  112.0     0 8/10/3/8/2/7          2     6  61.2    9.9  238.6   35.7 1599.0 S 0.93 -
 890   16   14    17 0/8/0/0/0                1600.0  1260.0    16.2    36.4  101.0  112.0     0 8/10/3/8/2/7          2     4  62.4   11.1  245.9   15.3 1599.0 S 0.94 -
 900   16   16    17 0/8/0/0/0                1600.0  1260.0    15.5    36.4  101.0  112.0     0 8/10/3/8/2/7          2     9  61.6   10.6  230.5    7.3 1599.0 S 0.88 -
 910   16   16    17 0/8/0/0/0                1600.0  1260.0     4.7    36.4  101.0  112.0     0 8/10/3/8/2/7          2     5  61.7   10.9  237.9    0.0 1599.0 S 0.88 -
 920    2    2    17 0/22/0/0/0               1600.0  1260.0     3.2    36.4  102.0  112.0     0 8/11/3/8/2/7          2     2  62.3   10.5  215.4    0.0 1599.0 S 0.50 -
 930    2    2    17 0/22/0/0/0               1600.0  1260.0    14.3    36.4  102.0  112.0     0 8/11/3/8/2/7          2     5  40.2    9.3   10.0    2.4 1599.0 L 0.50 -
 940    2    2    17 0/22/0/0/0               1600.0  1260.0    14.5    36.4  102.0  112.0     0 8/11/3/8/2/7          2     1  61.2    9.8    5.0   12.5 1599.0 L 0.50 -
 950    2    2    17 0/22/0/0/0               1600.0  1260.0    33.3    36.4  102.0  112.0     0 8/11/3/8/2/7          2     5  60.8   12.1    0.0   14.0 1599.0 L 0.50 -
 960    2    2    17 0/22/0/0/0               1600.0  1260.0    28.4    42.7  102.0  112.0     0 8/11/3/8/2/7          2     1  58.4   10.4   10.0   28.4 1599.0 L 0.50 -
 970    2    2    17 0/22/0/0/0               1600.0  1260.0    29.7    51.4  102.0  112.0     0 8/11/3/8/2/7          2     2  50.3   11.0   10.0   26.9 1599.0 L 0.50 -
 980    2    2    17 0/22/0/0/0               1600.0  1260.0    31.6    51.4  102.0  112.0     0 8/11/3/8/2/7          2     2  52.0   10.9    5.0   25.7 1599.0 L 0.50 -
 990    2    2    17 0/22/0/0/0               1600.0  1260.0    40.0    66.4  102.0  112.0     0 8/11/3/8/2/7          2     4  49.5   11.1   15.0   28.4 1599.0 L 0.50 -
1000    2    2    17 0/22/0/0/0               1600.0  1260.0    42.9    75.8  102.0  112.0     0 8/11/3/8/2/7          2     2  63.3   11.1   10.0   37.3 1599.0 L 0.50 -
1010    2    2    17 0/22/0/0/0               1600.0  1260.0    44.4   108.4  102.0  112.0     0 8/11/3/8/2/7          2     6  50.7   10.4   20.0   40.2 1599.0 L 0.50 -
1020    2    2    17 0/22/0/0/0               1600.0  1260.0    50.3   118.6  102.0  112.0     0 8/11/3/8/2/7          2     3  55.2   11.0    0.0   42.5 1599.0 L 0.50 -
1030    2    2    17 0/22/0/0/0               1600.0  1260.0    51.9   128.7  102.0  112.0     0 8/11/3/8/2/7          2     2  56.7   11.6   10.0   48.7 1599.0 L 0.50 -
1040    2    2    17 0/22/0/0/0               1600.0  1260.0    57.6   134.6  102.0  112.0     0 8/11/3/8/2/7          2     4  60.9    9.4   10.0   49.7 1599.0 L 0.50 -
1050    2    2    17 0/22/0/0/0               1600.0  1260.0    52.6   159.2  102.0  112.0     0 8/11/3/8/2/7          2     2  48.5   11.1   30.0   52.6 1599.0 L 0.50 -
1060    2    2    17 0/22/0/0/0               1600.0  1260.0    57.9   159.2  102.0  112.0     0 8/11/3/8/2/7          2     2  57.3   11.6   25.0   49.6 1599.0 L 0.50 -
1070    2    2    17 0/22/0/0/0               1600.0  1260.0    53.0   167.2  102.0  112.0     0 8/11/3/8/2/7          2     1  58.3   11.0   15.0   53.0 1599.0 L 0.50 -
1080    2    2    17 0/22/0/0/0               1600.0  1260.0    53.4   173.8  102.0  112.0     0 8/11/3/8/2/7          2     2  49.6    9.5    0.0   49.3 1599.0 L 0.50 -
1090    2    2    17 0/22/0/0/0               1600.0  1260.0    57.8     7.4  104.0  112.0     0 8/11/3/8/2/7          2     3  56.3   10.7   89.1   52.8 1599.0 L 0.50 -
1100    2    2    17 0/22/0/0/0               1600.0  1260.0    52.9     7.4  104.0  112.0     0 8/11/3/8/2/7          2     0  49.4   10.0  245.7   52.9 1599.0 L 0.50 -
1110    2    2    17 0/22/0/0/0               1600.0  1260.0    54.0    16.0  104.0  112.0     0 8/11/3/8/2/7          2     2  64.1   11.1  246.6   50.2 1599.0 L 0.50 -
1120    2    2    17 0/22/0/0/0               1600.0  1260.0    49.1    16.0  104.0  112.0     0 8/11/3/8/2/7          2     0  49.9    9.1  246.6   49.1 1600.0 L 0.50 -
1130    3    2    18 0/22/0/0/0               1600.0  1260.0    52.6    24.6  104.0  112.0     0 8/11/3/8/2/7          2     3  51.7    9.8  235.0   45.4 1599.0 L 0.67 -
1140    3    3    18 0/22/0/0/0               1600.0  1260.0    45.2    30.5  104.0  112.0     0 8/11/3/8/2/7          2     1  61.7   11.0  237.4   45.2 1599.0 L 0.67 -
1150    4    3    19 0/22/0/0/0               1600.0  1260.0    35.8    30.5  104.0  112.0     0 8/11/3/8/2/7          2     0  55.9    8.5  238.9   35.8 1599.0 L 1.00 -
1160    4    4    19 0/22/0/0/0               1600.0  1260.0    26.0    30.5  104.0  112.0     0 8/11/3/8/2/7          2     0  59.1   11.3  246.6   26.0 1600.0 L 0.75 -
1170    4    4    19 0/22/0/0/0               1600.0  1260.0    16.5    30.5  104.0  112.0     0 8/11/3/8/2/7          2     1  58.7   10.4  246.6   16.5 1599.0 L 0.75 -
1180    4    4    19 0/22/0/0/0               1600.0  1260.0    12.7    30.5  104.0  112.0     0 8/11/3/8/2/7          2     1  62.9   10.3  246.6   12.7 1599.0 L 0.75 -
1190    4    4    19 0/22/0/0/0               1600.0  1260.0     2.9    30.5  104.0  112.0     0 8/11/3/8/2/7          2     0  65.1   10.5  246.6    2.9 1600.0 L 0.75 -
1200    0    0    19 0/26/0/0/0               1600.0  1260.0     0.0    30.5  104.0  112.0     0 8/11/3/8/2/7          2     0  65.0   10.3  246.6    0.0 1600.0 L 0.00 -
1210    0    0    19 0/26/0/0/0               1600.0  1260.0     0.0    30.5  104.0  112.0     0 8/11/3/8/2/7          2     0   0.0    0.0  246.6    0.0 1600.0 L 0.00 -
1220    0    0    19 0/26/0/0/0               1600.0  1260.0     0.0    30.5  104.0  112.0     0 8/11/3/8/2/7          2     0   0.0    0.0  246.6    0.0 1600.0 L 0.00 -
1230    0    0    19 0/26/0/0/0               1600.0  1260.0     0.0    30.5  104.0  112.0     0 8/11/3/8/2/7          2     0   0.0    0.0  246.6    0.0 1600.0 L 0.00 -
1240    0    0    19 0/26/0/0/0               1600.0  1260.0     0.0    30.5  104.0  112.0     0 8/11/3/8/2/7          2     0   0.0    0.0  246.6    0.0 1600.0 L 0.00 -
1250    0    0    19 0/26/0/0/0               1600.0  1260.0     0.0    30.5  104.0  112.0     0 8/11/3/8/2/7          2     0   0.0    0.0  246.6    0.0 1600.0 L 0.00 -
1260    0    0    19 0/26/0/0/0               1600.0  1260.0     0.0    30.5  104.0  112.0     0 8/11/3/8/2/7          2     0   0.0    0.0  246.6    0.0 1600.0 L 0.00 -
1270    0    0    19 0/26/0/0/0               1600.0  1260.0     0.0    30.5  104.0  112.0     0 8/11/3/8/2/7          2     0   0.0    0.0  246.6    0.0 1600.0 L 0.00 -
1280    0    0    19 0/26/0/0/0               1600.0  1260.0     0.0    30.5  104.0  112.0     0 8/11/3/8/2/7          2     0   0.0    0.0  246.6    0.0 1600.0 L 0.00 -
1290    0    0    19 0/26/0/0/0               1600.0  1260.0     0.0    30.5  104.0  112.0     0 8/11/3/8/2/7          2     0   0.0    0.0  246.6    0.0 1600.0 L 0.00 -
1300    0    0    19 0/26/0/0/0               1600.0  1260.0     0.0    30.5  104.0  112.0     0 8/11/3/8/2/7          2     0   0.0    0.0  246.6    0.0 1600.0 L 0.00 -
1310    0    0    19 0/26/0/0/0               1600.0  1260.0     0.0    30.5  104.0  112.0     0 8/11/3/8/2/7          2     0   0.0    0.0  246.6    0.0 1600.0 L 0.00 -
1320    0    0    19 0/26/0/0/0               1600.0  1260.0     0.0    30.5  104.0  112.0     0 8/11/3/8/2/7          2     0   0.0    0.0  246.6    0.0 1600.0 L 0.00 -
1330    0    0    19 0/26/0/0/0               1600.0  1260.0     0.0    30.5  104.0  112.0     0 8/11/3/8/2/7          2     0   0.0    0.0  246.6    0.0 1600.0 L 0.00 -
1340    0    0    19 0/26/0/0/0               1600.0  1260.0     0.0    30.5  104.0  112.0     0 8/11/3/8/2/7          2     0   0.0    0.0  246.6    0.0 1600.0 L 0.00 -
1350    0    0    19 0/26/0/0/0               1600.0  1260.0     0.0    30.5  104.0  112.0     0 8/11/3/8/2/7          2     0   0.0    0.0  246.6    0.0 1600.0 L 0.00 -
1360    0    0    19 0/26/0/0/0               1600.0  1260.0     0.0    30.5  104.0  112.0     0 8/11/3/8/2/7          2     0   0.0    0.0  246.6    0.0 1600.0 L 0.00 -
1370    0    0    19 0/26/0/0/0               1600.0  1260.0     0.0    30.5  104.0  112.0     0 8/11/3/8/2/7          2     0   0.0    0.0  246.6    0.0 1600.0 L 0.00 -
1380    0    0    19 0/26/0/0/0               1600.0  1260.0     0.0    30.5  104.0  112.0     0 8/11/3/8/2/7          2     0   0.0    0.0  246.6    0.0 1600.0 L 0.00 -
1390    0    0    19 0/26/0/0/0               1600.0  1260.0     0.0    30.5  104.0  112.0     0 8/11/3/8/2/7          2     0   0.0    0.0  246.6    0.0 1600.0 L 0.00 -
1400    0    0    19 0/26/0/0/0               1600.0  1260.0     0.0    30.5  104.0  112.0     0 8/11/3/8/2/7          2     0   0.0    0.0  246.6    0.0 1600.0 L 0.00 -
1410    0    0    19 0/26/0/0/0               1600.0  1260.0     0.0    30.5  104.0  112.0     0 8/11/3/8/2/7          2     0   0.0    0.0  246.6    0.0 1600.0 L 0.00 -
1420    0    0    19 0/26/0/0/0               1600.0  1260.0     0.0    30.5  104.0  112.0     0 8/11/3/8/2/7          2     0   0.0    0.0  246.6    0.0 1600.0 L 0.00 -
1430    0    0    19 0/26/0/0/0               1600.0  1260.0     0.0    30.5  104.0  112.0     0 8/11/3/8/2/7          2     0   0.0    0.0  246.6    0.0 1600.0 L 0.00 -
1440    0    0    19 0/26/0/0/0               1600.0  1260.0     0.0    30.5  104.0  112.0     0 8/11/3/8/2/7          2     0   0.0    0.0  246.6    0.0 1600.0 L 0.00 -
1450    0    0    19 0/26/0/0/0               1600.0  1260.0     0.0    30.5  104.0  112.0     0 8/11/3/8/2/7          2     0   0.0    0.0  246.6    0.0 1600.0 L 0.00 -
1460    0    0    19 0/26/0/0/0               1600.0  1260.0     0.0    30.5  104.0  112.0     0 8/11/3/8/2/7          2     0   0.0    0.0  246.6    0.0 1600.0 L 0.00 -
1470    0    0    19 0/26/0/0/0               1600.0  1260.0     0.0    30.5  104.0  112.0     0 8/11/3/8/2/7          2     0   0.0    0.0  246.6    0.0 1600.0 L 0.00 -
1480    0    0    19 0/26/0/0/0               1600.0  1260.0     0.0    30.5  104.0  112.0     0 8/11/3/8/2/7          2     0   0.0    0.0  246.6    0.0 1600.0 L 0.00 -
1490    0    0    19 0/26/0/0/0               1600.0  1260.0     0.0    30.5  104.0  112.0     0 8/11/3/8/2/7          2     0   0.0    0.0  246.6    0.0 1600.0 L 0.00 -
1500    0    0    19 0/26/0/0/0               1600.0  1260.0     0.0    30.5  104.0  112.0     0 8/11/3/8/2/7          2     0   0.0    0.0  246.6    0.0 1600.0 L 0.00 -

targets for seed 1234 (1500 sols):
  T1 FAIL run min pop 0 (needs >= 5), final pop 0
  T2 PASS deaths 26 (air 0 thirst 26 hunger 0 eva 0 other 0), unexplained 0
  T3 PASS births 19, first_birth_sol 278, at_capacity 0, cooldown_violations 0, pop@30=7, pop@100=7, pop@300=13
  T4 PASS min O2 261.5, food 203.1; ice ran dry (pressure): min ice 0.0, ice>30 0.0, thirst deaths 26; max ice/target 1.08, regolith/target 0.38
  T5 FAIL demand>supply 0.24% of steps (<=10), max shorts/sol 1 (<=2), max offline 74.2 h (<=24.7), first new reactor sol 5 (<=15)
  T6 PASS limited 21552.1 h = 58.27% (>=2% provisional; 4 of 5 seeds), site busy 57.2%; waiting_regolith 1695.0 h, site_no_crew 19857.1 h
  T7 PASS turn_backs_air 0, exhausted 181, reachable>=2 at 100.0% of 1500 sol samples (>=95), trips 1006
  T8 FAIL row avg energy 0.0..65.1 (40..90), row asleep 0.0..12.8% (5..30), max sleep 8.8 h (<=18)
  T9 N/A  checked by repeating the run and by tests/test_determinism.gd (compare the table sha256)
  T10 FAIL first settlement sol 294 (40..150), age_changes 2 (<=4), min gap between consecutive history entries 294 (>=20), history 3 entries (changes+1 = 3); report: sols_in_age landing 871 settlement 629 council 0, age at end landing, changes [sol 294 settled; sol 923 fell_back (cause ice)], fall back causes [sol 923 ice], not-ok sols 184 (by group, a sol can fail several: ice 32, food 1, oxygen 1, power 4, death 11, unrest 146)
  T11 FAIL (1) list lengths 1501/1501/1501/1501 ok; (2) lonely mean of last 50 readings 0.000 (max 0.35) ok; (3) friends_mean 0.00 (1.0..15.0) BAD; (4) first_friendship_sol 109 ok; (5) lines_dropped (total) 0 ok; report: web 0.00 second 0.00 lonely 0.00 friends_mean 0.00 friends share of colony 0.000 (pop 0)
  T12 PASS (1) list lengths 1501/1501/1501 ok; (2) C2 ok; (3) council changes 0 (<=4) ok; (4) proposals 0 ok; (5) one Council line per boundary ok; report: first Council sol <null>, meetings 0, proposals [], pledge sol <null> reason -, lines {"circles_few":2}, dropped 0; council_min_seeds 3 pledge_min_seeds 1
RESULT FAIL (target 9 determinism: table sha256 463fdf699d1d9b43)
# player attentive cadence=1.0
PLAYER checks=1192 uses guide=161 fortune=2 per100 guide=10.7 fortune=0.1 guide_in_trouble=161
PLAYER first_low_sol=310 samples=120 mean_ice_over_target=0.458 low_share=0.392
PLAYER guide_trips=62 ice_trips_total=482 ice_trips_in_guided_window=89 guide_share_of_window=0.697 guide_hauled=306.7
PLAYER air_deaths=0 turn_backs_air=0 first_thirst_sol=583
