Godot Engine v4.5.stable.official.876b29033 - https://godotengine.org

# station zero balance run: seed=2026 sols=1500 overrides=[] fixed_step=0.05 data_hash=fcb5ff2f0fbf63a1 player=attentive cadence=1.0
# deaths and births are cumulative; shorts, trips, energy, asleep, wait, min_* are for the 30-sol window
 sol  pop  min birth dead a/t/h/o/x           oxygen    food     ice   regol   dmnd   supp short bldg R/H/W/G/A/C  reach trips  avgE asleep%  waitH minIce  minO2 age web cn
  10    7    7     0 0/0/0/0/0                 389.9   296.2    60.1    72.2   13.0   14.0     0 1/1/1/1/0/0           2     6  56.9   10.6  170.7   60.1  263.5 L 1.00 -
  20    7    7     0 0/0/0/0/0                 550.0   420.0    70.4   122.8   11.0   28.0     0 2/1/1/1/0/0           2    12  54.7   11.1  113.3   56.9  390.0 L 1.00 -
  30    7    7     0 0/0/0/0/0                 550.0   420.0    89.0   173.9   11.0   28.0     0 2/1/1/1/0/0           2    13  57.2   11.9    0.0   68.4  549.0 L 1.00 -
  40    7    7     0 0/0/0/0/0                 550.0   420.0    84.4   153.9   14.0   28.0     0 2/2/1/1/0/0           2     8  57.2   10.8   42.3   79.1  549.0 L 1.00 -
  50    7    7     0 0/0/0/0/0                 550.0   420.0    89.5   188.9   14.0   28.0     0 2/2/1/1/0/0           2    10  57.8   10.6    0.0   82.8  548.6 L 1.00 -
  60    7    7     0 0/0/0/0/0                 550.0   420.0   114.4   162.2   16.0   28.0     0 2/2/1/1/0/0           2     8  54.1   10.4   19.2   88.8  549.0 L 1.00 -
  70    7    7     0 0/0/0/0/0                 550.0   420.0   102.4   191.8   16.0   28.0     0 2/2/1/1/0/0           2     7  52.0   11.6  218.5  102.4  548.6 L 1.00 -
  80    7    7     0 0/0/0/0/0                 550.0   420.0    97.0    81.3   22.0   28.0     0 2/3/1/1/0/1           2     3  58.4   10.7  178.6   94.0  548.4 L 1.00 -
  90    7    7     0 0/0/0/0/0                 550.0   420.0    93.8    36.4   24.0   28.0     0 2/3/1/1/1/1           2     6  54.4   11.7  172.6   91.2  549.0 L 1.00 -
 100    7    7     0 0/0/0/0/0                 550.0   420.0    88.6    36.3   27.0   28.0     0 2/4/1/1/1/1           2    10  57.4   10.9  172.1   88.6  548.6 L 1.00 -
 110    7    7     0 0/0/0/0/0                 550.0   420.0    87.6    70.4   25.0   42.0     0 3/4/1/1/1/1           2    10  54.0   12.1   99.2   86.0  549.0 L 1.00 -
 120    7    7     0 0/0/0/0/0                 550.0   420.0    90.3    28.2   27.0   42.0     0 3/4/1/1/1/1           2     7  58.4   10.5  107.0   87.5  548.2 L 1.00 -
 130    7    7     0 0/0/0/0/0                 550.0   420.0    82.8    98.3   27.0   42.0     0 3/4/1/1/2/1           2    12  54.0   11.4   46.0   76.1  549.0 L 0.86 -
 140    7    7     0 0/0/0/0/0                 550.0   420.0    75.1    65.5   29.0   42.0     0 3/4/1/1/2/1           2     7  57.2   11.8  203.7   75.1  548.2 L 0.71 -
 150    7    7     0 0/0/0/0/0                 700.0   540.0    73.9   122.5   31.0   42.0     0 3/4/1/2/2/1           2    11  59.6   10.4    4.1   67.3  550.0 L 0.86 -
 160    7    7     0 0/0/0/0/0                 700.0   540.0    75.1    64.9   33.0   42.0     0 3/4/1/2/2/1           2     7  58.1   11.5  183.9   63.4  699.0 L 0.86 -
 170    7    7     0 0/0/0/0/0                 700.0   540.0    83.3    35.6   37.0   42.0     0 3/4/2/2/2/1           2    12  56.9   11.4  116.8   74.9  699.0 L 0.71 -
 180    7    7     0 0/0/0/0/0                 700.0   540.0   104.2    12.2   41.0   42.0     0 3/4/3/2/2/1           2    16  54.0   11.6   76.0   82.5  699.0 L 0.71 -
 190    7    7     0 0/0/0/0/0                 700.0   540.0    86.9    66.2   41.0   42.0     0 3/4/3/2/2/1           2     9  57.0   10.5  215.4   86.9  699.0 L 0.71 -
 200    7    7     0 0/0/0/0/0                 700.0   540.0    79.2    25.8   41.0   56.0     0 4/4/3/2/2/1           2     7  55.4   11.7  185.7   73.8  699.0 L 0.71 -
 210    7    7     0 0/0/0/0/0                 700.0   540.0    71.5    83.0   41.0   56.0     0 4/4/3/2/2/1           2     9  54.3   11.0  222.7   71.5  699.0 L 0.71 -
 220    7    7     0 0/0/0/0/0                 700.0   540.0    69.2   105.3   41.0   56.0     0 4/4/3/2/2/1           2     7  58.5   11.3  246.6   63.6  699.0 L 0.71 -
 230    7    7     0 0/0/0/0/0                 700.0   540.0    69.5    76.4   44.0   56.0     0 4/5/3/2/2/1           2    13  57.3   11.1   73.8   59.1  698.2 L 0.71 -
 240    7    7     0 0/0/0/0/0                 700.0   540.0    83.1     1.4   47.0   56.0     0 4/6/3/2/2/1           2     9  55.9   11.5  100.6   68.6  699.0 L 0.71 -
 250    7    7     0 0/0/0/0/0                 700.0   540.0    85.3    54.4   47.0   56.0     0 4/6/3/2/2/1           2    10  56.9   11.2  223.6   80.6  699.0 L 0.71 -
 260    7    7     0 0/0/0/0/0                 700.0   540.0    90.3   110.0   47.0   56.0     0 4/6/3/2/3/1           2    12  60.2   10.5   52.3   78.9  699.0 L 0.86 -
 270    7    7     0 0/0/0/0/0                 850.0   660.0    85.6    50.0   51.0   56.0     0 4/6/3/3/3/1           2     7  58.9   11.5  119.9   82.8  699.0 L 0.86 -
 280    7    7     0 0/0/0/0/0                 850.0   660.0    85.3    42.7   53.0   56.0     0 4/6/3/3/3/1           2    13  55.6   12.0   84.8   79.9  849.0 L 0.86 -
 290    7    7     0 0/0/0/0/0                 850.0   660.0    68.1    95.0   53.0   56.0     0 4/6/3/3/3/1           2     8  55.5   10.8  218.7   68.1  849.0 L 0.71 -
 300    7    7     0 0/0/0/0/0                 850.0   660.0    69.7    65.1   57.0   56.0     2 4/6/3/3/3/1           2    15  54.6   11.8   94.0   57.9  849.0 L 0.71 -
 310   12    7     5 0/0/0/0/0                 910.8   703.5    67.2   102.7   57.0   84.0     2 4/6/3/4/3/1           2     9  58.5   10.3  228.0   64.0  849.0 L 0.92 -
 320   12   12     5 0/0/0/0/0                1000.0   780.0    48.6   151.0   55.0   70.0     2 5/6/3/4/3/1           2     9  59.8   10.8  132.4   48.6  849.0 L 0.92 -
 330   12   12     5 0/0/0/0/0                1000.0   780.0    57.7    94.0   57.0   70.0     0 5/6/3/4/3/1           2    14  59.3   11.4   78.3   48.2  999.0 L 0.92 -
 340   12   12     5 0/0/0/0/0                1000.0   780.0    40.4   147.6   58.0   70.0     0 5/7/3/4/3/1           2    10  60.1   11.0   57.4   40.4  999.0 L 0.42 -
 350   13   12     6 0/0/0/0/0                1000.0   780.0    38.2    45.5   60.0   70.0     0 5/7/3/4/3/1           2    11  60.9   10.8  181.0   32.4  999.0 L 0.85 -
 360   13   13     6 0/0/0/0/0                1000.0   780.0    34.1    65.6   60.0   70.0     0 5/7/3/4/3/1           2     9  60.0   11.1  229.4   30.1  999.0 S 0.85 -
 370   13   13     6 0/0/0/0/0                1000.0   780.0    36.7   118.0   61.0   70.0     0 5/8/3/4/3/1           2    13  60.8   10.8   38.3   28.6  999.0 S 0.38 -
 380   13   13     6 0/0/0/0/0                1000.0   780.0    27.9    18.0   63.0   70.0     0 5/8/3/4/3/1           2     9  61.3   10.9  159.7   24.1  999.0 S 0.38 -
 390   13   13     6 0/0/0/0/0                1000.0   780.0    27.8    18.0   63.0   70.0     0 5/8/3/4/3/1           2    10  60.5   11.0  219.2   18.6  999.0 S 0.38 -
 400   13   13     6 0/0/0/0/0                1000.0   780.0    35.0    18.0   64.0   70.0     0 5/9/3/4/3/1           2     7  60.5   10.8  170.8   21.4  999.0 S 0.38 -
 410   13   13     6 0/0/0/0/0                1000.0   780.0    47.2    59.3   64.0   70.0     0 5/9/3/4/3/1           2    15  61.7   10.8   45.0   31.4  999.0 S 0.38 -
 420   13   13     6 0/0/0/0/0                1000.0   780.0    60.3   129.3   64.0   70.0     0 5/9/3/4/3/1           2    15  60.7   11.0   15.0   45.3  999.0 S 0.38 -
 430   13   13     6 0/0/0/0/0                1000.0   780.0    64.8    51.1   67.0   70.0     0 5/9/3/4/3/2           2    14  58.3   11.6  106.7   46.8  999.0 S 0.38 -
 440   13   13     6 0/0/0/0/0                1000.0   780.0    71.4   107.4   67.0   70.0     0 5/9/3/4/3/2           2    14  59.9   11.1    5.0   63.9  999.0 S 0.38 -
 450   13   13     6 0/0/0/0/0                1000.0   780.0    48.9    41.4   69.0   70.0     0 5/9/3/4/3/2           2    12  59.1   10.5   32.0   48.9  999.0 S 0.38 -
 460   13   13     6 0/0/0/0/0                1000.0   780.0    39.7    70.6   67.0   84.0     0 6/9/3/4/3/2           2     8  61.3   10.9  144.4   28.3  999.0 S 0.38 -
 470   13   13     6 0/0/0/0/0                1000.0   780.0    35.6     2.7   69.0   84.0     0 6/9/3/4/3/2           2    13  62.0   11.7   10.2   31.9  999.0 S 0.38 -
 480   13   13     6 0/0/0/0/0                1000.0   780.0    32.2     9.2   69.0   84.0     0 6/9/3/4/3/2           2    10  59.3   10.6  214.6   28.4  999.0 S 0.38 -
 490   13   13     6 0/0/0/0/0                1000.0   780.0    56.8    23.8   70.0   84.0     0 6/10/3/4/3/2          2    10  58.7   10.8  164.2   25.9  999.0 S 0.38 -
 500   13   13     6 0/0/0/0/0                1000.0   780.0    72.8    66.9   70.0   84.0     0 6/10/3/4/3/2          2    13  60.8   11.1   30.0   55.7  999.0 S 0.38 -
 510   13   13     6 0/0/0/0/0                1000.0   780.0    59.9   127.1   70.0   84.0     0 6/10/3/4/3/2          2    12  60.4   11.2   30.0   55.5  999.0 S 0.46 -
 520   13   13     6 0/0/0/0/0                1000.0   780.0    46.5    29.0   72.0   84.0     0 6/10/3/4/3/2          2     9  60.4   10.5  167.0   44.2  999.0 S 0.46 -
 530   13   13     6 0/0/0/0/0                1000.0   780.0    56.7    54.6   73.0   84.0     0 6/10/3/4/3/3          2    13  60.9   11.2  160.1   43.0  999.0 S 0.38 -
 540   13   13     6 0/0/0/0/0                1000.0   780.0    57.4    96.8   73.0   84.0     0 6/10/3/4/3/3          2    12  60.4   11.1    5.0   50.0  999.0 S 0.46 -
 550   13   13     6 0/0/0/0/0                1000.0   780.0    56.5    14.3   75.0   84.0     0 6/10/3/4/3/3          2    14  60.5   11.0  137.9   49.7  999.0 S 0.46 -
 560   13   13     6 0/0/0/0/0                1000.0   780.0    48.1    59.7   75.0   84.0     0 6/10/3/4/3/3          2    11  60.8   11.1  208.9   44.3  999.0 S 0.38 -
 570   13   13     6 0/0/0/0/0                1150.0   900.0    62.5    99.7   77.0   84.0     0 6/10/3/5/3/3          2    16  60.6   11.1   31.6   41.5  999.0 S 0.38 -
 580   14   13     7 0/0/0/0/0                1150.0   900.0    63.0   163.6   77.0   84.0     0 6/10/3/5/3/3          2    14  59.9   11.2   35.0   59.6 1149.0 S 0.43 -
 590   16   14     9 0/0/0/0/0                1150.0   900.0    52.5    47.2   79.0   84.0     0 6/10/3/5/3/3          2    11  59.6   10.8  169.3   48.9 1149.0 S 0.56 -
 600   16   16     9 0/0/0/0/0                1150.0   900.0    23.6    63.7   80.0   84.0     0 6/11/3/5/3/3          2     7  62.0   10.4  109.4   23.6 1149.0 S 0.56 -
 610   18   16    11 0/0/0/0/0                1150.0   900.0    20.2   108.9   80.0   84.0     0 6/11/3/5/3/3          2    15  61.9   11.3   25.0   16.4 1148.3 S 0.61 -
 620   18   18    11 0/0/0/0/0                1150.0   900.0    42.4   115.2   80.0   84.0     0 6/11/3/5/3/3          2    12  61.6   10.8    0.0   20.1 1148.6 S 0.56 -
 630   18   18    11 0/0/0/0/0                1150.0   900.0    32.9   157.3   80.0   84.0     0 6/11/3/5/3/3          2    11  62.6   10.6    0.0   28.1 1149.0 S 0.56 -
 640   19   18    12 0/0/0/0/0                1150.0   900.0    32.4   163.9   80.0   84.0     0 6/11/3/5/3/3          2    10  62.7   10.9    0.0   22.6 1149.0 S 0.53 -
 650   19   19    12 0/0/0/0/0                1150.0   900.0    26.5    63.3   82.0   84.0     0 6/11/3/5/3/3          2    12  63.0   10.7   38.9   26.5 1149.0 S 0.37 -
 660   19   19    12 0/0/0/0/0                1150.0   900.0    12.5    63.3   80.0   98.0     0 7/11/3/5/3/3          2     6  61.9   11.0  104.7    0.0 1148.0 S 0.37 -
 670   19   19    12 0/0/0/0/0                1150.0   900.0     7.1    63.3   80.0   98.0     0 7/11/3/5/3/3          2    10  62.1   10.5    0.0    0.0 1149.0 S 0.58 -
 680   19   19    12 0/0/0/0/0                1150.0   900.0    22.8    63.3   80.0   98.0     0 7/11/3/5/3/3          2    12  60.5   10.8   10.0    6.7 1149.0 S 0.58 -
 690   19   19    12 0/0/0/0/0                1150.0   900.0    27.7    63.3   80.0   98.0     0 7/11/3/5/3/3          2    11  61.1   10.9   15.0   17.5 1149.0 S 0.63 -
 700   19   19    12 0/0/0/0/0                1150.0   900.0    27.7    77.6   80.0   98.0     0 7/11/3/5/3/3          2     9  61.2   10.5   25.0   18.2 1149.0 S 0.63 -
 710   19   19    12 0/0/0/0/0                1150.0   900.0    34.2    77.6   80.0   98.0     0 7/11/3/5/3/3          2    13  60.3   10.6    0.0   22.9 1149.0 S 0.63 -
 720   19   19    12 0/0/0/0/0                1150.0   900.0    32.3   125.4   80.0   98.0     0 7/11/3/5/3/3          2    14  60.8   11.2    0.0   23.0 1149.0 S 0.63 -
 730   19   19    12 0/0/0/0/0                1150.0   900.0    23.6   149.4   80.0   98.0     0 7/11/3/5/3/3          2    11  61.5   11.0   20.0   19.0 1149.0 S 0.58 -
 740   19   19    12 0/0/0/0/0                1150.0   900.0    25.1   149.4   80.0   98.0     0 7/11/3/5/3/3          2    11  60.3   10.8    0.0   13.6 1149.0 S 0.58 -
 750   19   19    12 0/0/0/0/0                1150.0   900.0    12.5     3.4   82.0   98.0     0 7/11/3/5/3/3          2     8  59.9    9.9   69.8    8.2 1149.0 S 0.89 -
 760   14   14    12 0/5/0/0/0                1300.0  1020.0    11.5     3.4   84.0   98.0     0 7/11/3/6/3/3          2     6  59.8   10.3  138.2    0.0 1149.0 S 0.79 -
 770   14   14    12 0/5/0/0/0                1300.0  1020.0    16.2     9.3   84.0   98.0     0 7/11/3/6/3/3          2    13  57.6   10.9   25.0    7.3 1299.0 S 0.50 -
 780   14   14    12 0/5/0/0/0                1300.0  1020.0    30.2    40.4   84.0   98.0     0 7/11/3/6/3/3          2     9  59.2   11.0   45.0   14.2 1299.0 S 0.50 -
 790   14   14    12 0/5/0/0/0                1300.0  1020.0    23.0    63.5   84.0   98.0     0 7/11/3/6/3/3          2     9  60.2   10.2   10.0   22.9 1299.0 S 0.50 -
 800   14   14    12 0/5/0/0/0                1300.0  1020.0    32.2    63.5   84.0   98.0     0 7/11/3/6/3/3          2    10  59.3   10.8   35.0   17.1 1299.0 S 0.50 -
 810   14   14    12 0/5/0/0/0                1300.0  1020.0    43.8    68.4   84.0   98.0     0 7/11/3/6/3/3          2    11  57.9   10.4    0.0   22.1 1299.0 S 0.79 -
 820   14   14    12 0/5/0/0/0                1300.0  1020.0    37.5    95.8   84.0   98.0     0 7/11/3/6/3/3          2    13  56.0   10.0   15.0   34.0 1299.0 S 0.79 -
 830   14   14    12 0/5/0/0/0                1300.0  1020.0    28.9   139.1   84.0   98.0     0 7/11/3/6/3/3          2    11  60.7   11.0   35.0   19.0 1299.0 S 0.86 -
 840   14   14    12 0/5/0/0/0                1300.0  1020.0    23.3   157.7   84.0   98.0     0 7/11/3/6/3/3          2     8  57.5   10.2   20.0   23.3 1299.0 S 0.57 -
 850   14   14    12 0/5/0/0/0                1300.0  1020.0    18.8     7.7   86.0   98.0     0 7/11/3/6/3/3          2     4  57.2   10.7  178.4   18.8 1299.0 S 0.57 -
 860   15   14    13 0/5/0/0/0                1300.0  1020.0     2.5     7.7   86.0   98.0     0 7/11/3/6/3/3          2     4  59.9    9.9  227.4    0.0 1299.0 S 0.87 -
 870   13   13    13 0/7/0/0/0                1450.0  1140.0    32.3     7.7   88.0   98.0     0 7/11/3/7/3/3          2    10  57.2   10.8   24.7    0.0 1299.0 S 0.85 -
 880   15   13    15 0/7/0/0/0                1450.0  1140.0    28.8    30.5   88.0   98.0     0 7/11/3/7/3/3          2     9  57.7   10.5    5.0   27.7 1449.0 S 0.93 -
 890   15   15    15 0/7/0/0/0                1450.0  1140.0    30.6    49.4   88.0   98.0     0 7/11/3/7/3/3          2    14  59.9   10.4    5.0   22.1 1449.0 S 0.93 -
 900   16   15    16 0/7/0/0/0                1450.0  1140.0    27.1    69.2   88.0   98.0     0 7/11/3/7/3/3          2     6  58.1   10.7   10.0   25.1 1449.0 S 0.94 -
 910   17   16    17 0/7/0/0/0                1450.0  1140.0    24.4    77.9   88.0   98.0     0 7/11/3/7/3/3          2     9  58.8   10.1    5.0   21.1 1449.0 S 0.88 -
 920   17   17    17 0/7/0/0/0                1450.0  1140.0    24.3    85.8   88.0   98.0     0 7/11/3/7/3/3          2     9  61.9   10.7   35.0   16.8 1449.0 S 1.00 -
 930   17   17    17 0/7/0/0/0                1450.0  1140.0     9.8    85.8   88.0   98.0     0 7/11/3/7/3/3          2     7  61.0   10.8    5.0    8.5 1449.0 S 1.00 -
 940   17   17    17 0/7/0/0/0                1450.0  1140.0    28.2    94.8   88.0   98.0     0 7/11/3/7/3/3          2    13  61.9   10.9    0.0    7.6 1449.0 S 1.00 -
 950   17   17    17 0/7/0/0/0                1450.0  1140.0    37.4   109.0   88.0   98.0     0 7/11/3/7/3/3          2    10  62.5   10.7    0.0   25.9 1449.0 S 1.00 -
 960   17   17    17 0/7/0/0/0                1450.0  1140.0    29.2   129.0   88.0   98.0     0 7/11/3/7/3/3          2    10  61.0   10.6    0.0   22.3 1449.0 S 1.00 -
 970   17   17    17 0/7/0/0/0                1450.0  1140.0    22.8   152.4   88.0   98.0     0 7/11/3/7/3/3          2    12  62.8   11.0   10.0   22.8 1449.0 S 1.00 -
 980   17   17    17 0/7/0/0/0                1450.0  1140.0    41.5    16.1   90.0   98.0     0 7/11/3/7/3/3          2    11  61.8   11.3   46.6   21.6 1449.0 S 1.00 -
 990   17   17    17 0/7/0/0/0                1450.0  1140.0    18.2    21.6   90.0   98.0     0 7/11/3/7/3/3          2     5  60.1   10.7  224.5   18.2 1449.0 S 1.00 -
1000   16   16    17 0/8/0/0/0                1450.0  1140.0    18.0    21.6   90.0   98.0     0 7/11/3/7/4/3          2    10  60.6   11.0   68.1    0.0 1449.0 S 1.00 -
1010   16   16    17 0/8/0/0/0                1450.0  1140.0    23.6    52.5   90.0   98.0     0 7/11/3/7/4/3          2    11  62.2   10.9    0.0   16.4 1449.0 S 0.88 -
1020   16   16    17 0/8/0/0/0                1450.0  1140.0    35.2    60.7   90.0   98.0     0 7/11/3/7/4/3          2    11  62.0   10.9    0.0   21.3 1449.0 S 0.94 -
1030   16   16    17 0/8/0/0/0                1450.0  1140.0    40.9    95.7   90.0   98.0     0 7/11/3/7/4/3          2    11  60.9   10.8    5.0   32.3 1449.0 S 0.94 -
1040   16   16    17 0/8/0/0/0                1450.0  1140.0    39.0   117.2   90.0   98.0     0 7/11/3/7/4/3          2    12  61.9   11.1   25.0   30.4 1449.0 S 0.94 -
1050   16   16    17 0/8/0/0/0                1450.0  1140.0    25.6   189.0   90.0   98.0     0 7/11/3/7/4/3          2    11  60.8   11.1    0.0   25.6 1449.0 S 1.00 -
1060   16   16    17 0/8/0/0/0                1450.0  1140.0    18.2   189.0   90.0   98.0     0 7/11/3/7/4/3          2     9  60.4   10.6    0.0   12.5 1449.0 S 1.00 -
1070   16   16    17 0/8/0/0/0                1450.0  1140.0    31.7   189.0   90.0   98.0     0 7/11/3/7/4/3          2     9  60.5   10.9    0.0   17.9 1449.0 S 1.00 -
1080   16   16    17 0/8/0/0/0                1450.0  1140.0    12.9    38.2   92.0   98.0     0 7/11/3/7/4/3          2     4  61.3   10.8  162.2   12.9 1449.0 S 1.00 -
1090   10   10    17 0/14/0/0/0               1450.0  1140.0     6.6    38.2   92.0   98.0     0 7/11/3/7/4/3          2     4  62.3   11.2  237.4    0.0 1449.0 S 1.00 -
1100    9    9    17 0/15/0/0/0               1450.0  1140.0    11.9    38.2   93.0   98.0     0 7/12/3/7/4/3          2     5  61.5   10.9   89.3    0.0 1449.0 S 1.00 -
1110    9    9    17 0/15/0/0/0               1450.0  1140.0    18.5    38.2   93.0   98.0     0 7/12/3/7/4/3          2     5  63.8   10.6    0.0    9.0 1449.0 S 1.00 -
1120    9    9    17 0/15/0/0/0               1450.0  1140.0    18.2    38.2   93.0   98.0     0 7/12/3/7/4/3          2     6  62.9   10.9    0.0   12.8 1449.0 S 1.00 -
1130    9    9    17 0/15/0/0/0               1450.0  1140.0    33.3    38.2   93.0   98.0     0 7/12/3/7/4/3          2     6  62.0   10.8    5.0   15.6 1449.0 S 1.00 -
1140    9    9    17 0/15/0/0/0               1450.0  1140.0    33.9    52.7   93.0   98.0     0 7/12/3/7/4/3          2     7  63.2   11.1   15.0   24.9 1449.0 S 0.67 -
1150    9    9    17 0/15/0/0/0               1450.0  1140.0    36.9    60.7   93.0   98.0     0 7/12/3/7/4/3          2    10  61.4   11.2    0.0   30.9 1449.0 S 0.67 -
1160   10    9    18 0/15/0/0/0               1450.0  1140.0    43.5    87.1   93.0   98.0     0 7/12/3/7/4/3          2     7  64.1   10.6    0.0   32.8 1449.0 S 0.70 -
1170   11   10    19 0/15/0/0/0               1450.0  1140.0    40.6   110.9   93.0   98.0     0 7/12/3/7/4/3          2     7  60.9   10.8    0.0   36.4 1449.0 S 0.73 -
1180   12   11    20 0/15/0/0/0               1450.0  1140.0    37.3   120.9   93.0   98.0     0 7/12/3/7/4/3          2     6  62.6   11.1    0.0   30.8 1449.0 S 0.67 -
1190   12   12    20 0/15/0/0/0               1450.0  1140.0    16.0   139.4   93.0   98.0     0 7/12/3/7/4/3          2     6  63.1   10.6   15.0   16.0 1449.0 S 0.75 -
1200   12   12    20 0/15/0/0/0               1450.0  1140.0    27.9   139.4   93.0   98.0     0 7/12/3/7/4/3          2     7  63.0   11.2    0.0   11.4 1449.0 S 0.58 -
1210   12   12    20 0/15/0/0/0               1450.0  1140.0    19.0   146.4   93.0   98.0     0 7/12/3/7/4/3          2     5  64.0   10.6    5.0   10.8 1449.0 S 0.58 -
1220   12   12    20 0/15/0/0/0               1450.0  1140.0    35.1   155.2   93.0   98.0     0 7/12/3/7/4/3          2     8  62.8   11.0    0.0   16.5 1449.0 S 0.58 -
1230   12   12    20 0/15/0/0/0               1450.0  1140.0    21.1   172.3   93.0   98.0     0 7/12/3/7/4/3          2     6  63.2   10.7    5.0   13.7 1449.0 S 0.58 -
1240   12   12    20 0/15/0/0/0               1450.0  1140.0    15.5   172.3   93.0   98.0     0 7/12/3/7/4/3          2     5  64.0   11.0    0.0   15.5 1449.0 S 0.58 -
1250   12   12    20 0/15/0/0/0               1450.0  1140.0    20.2     0.3   95.0   98.0     0 7/12/3/7/4/3          2     5  64.5   10.6  129.7   12.8 1449.0 S 0.58 -
1260   12   12    20 0/15/0/0/0               1450.0  1140.0     0.0     0.3   95.0   98.0     0 7/12/3/7/4/3          2     2  61.2   11.3  228.9    0.0 1449.0 S 0.58 -
1270    0    0    20 0/27/0/0/0               1450.0  1140.0     0.0     0.3   95.0   98.0     0 7/12/3/7/4/3          2     1  62.8   10.2  246.6    0.0 1449.0 S 0.00 -
1280    0    0    20 0/27/0/0/0               1450.0  1140.0     0.0     0.3   95.0   98.0     0 7/12/3/7/4/3          2     0   0.0    0.0  246.6    0.0 1450.0 S 0.00 -
1290    0    0    20 0/27/0/0/0               1450.0  1140.0     0.0     0.3   95.0   98.0     0 7/12/3/7/4/3          2     0   0.0    0.0  246.6    0.0 1450.0 S 0.00 -
1300    0    0    20 0/27/0/0/0               1450.0  1140.0     0.0     0.3   95.0   98.0     0 7/12/3/7/4/3          2     0   0.0    0.0  246.6    0.0 1450.0 S 0.00 -
1310    0    0    20 0/27/0/0/0               1450.0  1140.0     0.0     0.3   95.0   98.0     0 7/12/3/7/4/3          2     0   0.0    0.0  246.6    0.0 1450.0 S 0.00 -
1320    0    0    20 0/27/0/0/0               1450.0  1140.0     0.0     0.3   95.0   98.0     0 7/12/3/7/4/3          2     0   0.0    0.0  246.6    0.0 1450.0 S 0.00 -
1330    0    0    20 0/27/0/0/0               1450.0  1140.0     0.0     0.3   95.0   98.0     0 7/12/3/7/4/3          2     0   0.0    0.0  246.6    0.0 1450.0 S 0.00 -
1340    0    0    20 0/27/0/0/0               1450.0  1140.0     0.0     0.3   95.0   98.0     0 7/12/3/7/4/3          2     0   0.0    0.0  246.6    0.0 1450.0 S 0.00 -
1350    0    0    20 0/27/0/0/0               1450.0  1140.0     0.0     0.3   95.0   98.0     0 7/12/3/7/4/3          2     0   0.0    0.0  246.6    0.0 1450.0 S 0.00 -
1360    0    0    20 0/27/0/0/0               1450.0  1140.0     0.0     0.3   95.0   98.0     0 7/12/3/7/4/3          2     0   0.0    0.0  246.6    0.0 1450.0 S 0.00 -
1370    0    0    20 0/27/0/0/0               1450.0  1140.0     0.0     0.3   95.0   98.0     0 7/12/3/7/4/3          2     0   0.0    0.0  246.6    0.0 1450.0 S 0.00 -
1380    0    0    20 0/27/0/0/0               1450.0  1140.0     0.0     0.3   95.0   98.0     0 7/12/3/7/4/3          2     0   0.0    0.0  246.6    0.0 1450.0 S 0.00 -
1390    0    0    20 0/27/0/0/0               1450.0  1140.0     0.0     0.3   95.0   98.0     0 7/12/3/7/4/3          2     0   0.0    0.0  246.6    0.0 1450.0 S 0.00 -
1400    0    0    20 0/27/0/0/0               1450.0  1140.0     0.0     0.3   95.0   98.0     0 7/12/3/7/4/3          2     0   0.0    0.0  246.6    0.0 1450.0 S 0.00 -
1410    0    0    20 0/27/0/0/0               1450.0  1140.0     0.0     0.3   95.0   98.0     0 7/12/3/7/4/3          2     0   0.0    0.0  246.6    0.0 1450.0 S 0.00 -
1420    0    0    20 0/27/0/0/0               1450.0  1140.0     0.0     0.3   95.0   98.0     0 7/12/3/7/4/3          2     0   0.0    0.0  246.6    0.0 1450.0 S 0.00 -
1430    0    0    20 0/27/0/0/0               1450.0  1140.0     0.0     0.3   95.0   98.0     0 7/12/3/7/4/3          2     0   0.0    0.0  246.6    0.0 1450.0 S 0.00 -
1440    0    0    20 0/27/0/0/0               1450.0  1140.0     0.0     0.3   95.0   98.0     0 7/12/3/7/4/3          2     0   0.0    0.0  246.6    0.0 1450.0 S 0.00 -
1450    0    0    20 0/27/0/0/0               1450.0  1140.0     0.0     0.3   95.0   98.0     0 7/12/3/7/4/3          2     0   0.0    0.0  246.6    0.0 1450.0 S 0.00 -
1460    0    0    20 0/27/0/0/0               1450.0  1140.0     0.0     0.3   95.0   98.0     0 7/12/3/7/4/3          2     0   0.0    0.0  246.6    0.0 1450.0 S 0.00 -
1470    0    0    20 0/27/0/0/0               1450.0  1140.0     0.0     0.3   95.0   98.0     0 7/12/3/7/4/3          2     0   0.0    0.0  246.6    0.0 1450.0 S 0.00 -
1480    0    0    20 0/27/0/0/0               1450.0  1140.0     0.0     0.3   95.0   98.0     0 7/12/3/7/4/3          2     0   0.0    0.0  246.6    0.0 1450.0 S 0.00 -
1490    0    0    20 0/27/0/0/0               1450.0  1140.0     0.0     0.3   95.0   98.0     0 7/12/3/7/4/3          2     0   0.0    0.0  246.6    0.0 1450.0 S 0.00 -
1500    0    0    20 0/27/0/0/0               1450.0  1140.0     0.0     0.3   95.0   98.0     0 7/12/3/7/4/3          2     0   0.0    0.0  246.6    0.0 1450.0 S 0.00 -

targets for seed 2026 (1500 sols):
  T1 FAIL run min pop 0 (needs >= 5), final pop 0
  T2 PASS deaths 27 (air 0 thirst 27 hunger 0 eva 0 other 0), unexplained 0
  T3 PASS births 20, first_birth_sol 303, at_capacity 0, cooldown_violations 0, pop@30=7, pop@100=7, pop@300=7
  T4 PASS min O2 263.5, food 203.1; ice ran dry (pressure): min ice 0.0, ice>30 0.0, thirst deaths 27; max ice/target 0.96, regolith/target 0.92
  T5 FAIL demand>supply 0.91% of steps (<=10), max shorts/sol 1 (<=2), max offline 74.2 h (<=24.7), first new reactor sol 15 (<=15)
  T6 PASS limited 15394.9 h = 41.62% (>=2% provisional; 4 of 5 seeds), site busy 42.4%; waiting_regolith 860.0 h, site_no_crew 14534.9 h
  T7 PASS turn_backs_air 0, exhausted 243, reachable>=2 at 100.0% of 1500 sol samples (>=95), trips 1212
  T8 FAIL row avg energy 0.0..64.5 (40..90), row asleep 0.0..12.1% (5..30), max sleep 8.8 h (<=18)
  T9 N/A  checked by repeating the run and by tests/test_determinism.gd (compare the table sha256)
  T10 FAIL first settlement sol 354 (40..150), age_changes 1 (<=4), min gap between consecutive history entries 354 (>=20), history 2 entries (changes+1 = 2); report: sols_in_age landing 354 settlement 1146 council 0, age at end settlement, changes [sol 354 settled], fall back causes [none], not-ok sols 130 (by group, a sol can fail several: ice 58, food 1, oxygen 1, power 15, death 19, unrest 56)
  T11 FAIL (1) list lengths 1501/1501/1501/1501 ok; (2) lonely mean of last 50 readings 0.000 (max 0.35) ok; (3) friends_mean 0.00 (1.0..15.0) BAD; (4) first_friendship_sol 259 ok; (5) lines_dropped (total) 0 ok; report: web 0.00 second 0.00 lonely 0.00 friends_mean 0.00 friends share of colony 0.000 (pop 0)
  T12 PASS (1) list lengths 1501/1501/1501 ok; (2) C2 ok; (3) council changes 0 (<=4) ok; (4) proposals 0 ok; (5) one Council line per boundary ok; report: first Council sol <null>, meetings 0, proposals [], pledge sol <null> reason -, lines {"circles_few":2}, dropped 0; council_min_seeds 3 pledge_min_seeds 1
RESULT FAIL (target 9 determinism: table sha256 ef8706ca6ac35c5c)
# player attentive cadence=1.0
PLAYER checks=1268 uses guide=278 fortune=5 per100 guide=18.5 fortune=0.3 guide_in_trouble=278
PLAYER first_low_sol=338 samples=127 mean_ice_over_target=0.367 low_share=0.654
PLAYER guide_trips=136 ice_trips_total=741 ice_trips_in_guided_window=197 guide_share_of_window=0.690 guide_hauled=694.2
PLAYER air_deaths=0 turn_backs_air=0 first_thirst_sol=753
