Godot Engine v4.5.stable.official.876b29033 - https://godotengine.org

# station zero balance run: seed=42 sols=1500 overrides=[] fixed_step=0.05 data_hash=fcb5ff2f0fbf63a1 player=attentive cadence=1.0
# deaths and births are cumulative; shorts, trips, energy, asleep, wait, min_* are for the 30-sol window
 sol  pop  min birth dead a/t/h/o/x           oxygen    food     ice   regol   dmnd   supp short bldg R/H/W/G/A/C  reach trips  avgE asleep%  waitH minIce  minO2 age web cn
  10    7    7     0 0/0/0/0/0                 378.9   296.2    63.5    36.2   14.0   28.0     0 2/2/1/1/0/0           2    10  55.1   11.3  140.6   56.8  259.7 L 1.00 -
  20    7    7     0 0/0/0/0/0                 700.0   540.0    59.1     9.4   20.0   28.0     0 2/2/1/2/0/0           2    12  52.1   10.9  105.2   56.7  379.0 L 1.00 -
  30    7    7     0 0/0/0/0/0                 700.0   540.0    88.5    50.6   22.0   28.0     0 2/2/2/2/0/0           2    16  56.0   12.1   72.8   56.7  699.0 L 1.00 -
  40    7    7     0 0/0/0/0/0                 700.0   540.0    81.7    42.7   24.0   28.0     0 2/2/2/2/0/0           2     6  55.3   11.3  200.9   81.7  699.0 L 1.00 -
  50    7    7     0 0/0/0/0/0                 700.0   540.0    83.0    35.1   25.0   42.0     0 3/2/2/2/0/1           2    10  54.2   11.0  160.7   72.7  699.0 L 1.00 -
  60    7    7     0 0/0/0/0/0                 850.0   660.0    89.1    40.1   29.0   42.0     0 3/2/2/3/0/1           2    14  53.4   11.6  108.5   70.7  699.0 L 1.00 -
  70    7    7     0 0/0/0/0/0                 850.0   660.0    84.0    20.0   31.0   42.0     0 3/2/2/3/0/1           2    10  53.7   10.9  192.4   84.0  849.0 L 0.86 -
  80    7    7     0 0/0/0/0/0                 850.0   660.0    77.9    47.0   31.0   42.0     0 3/2/2/3/0/1           2     6  54.4   10.7  230.1   75.7  849.0 L 0.71 -
  90    7    7     0 0/0/0/0/0                1000.0   780.0    71.3    76.2   33.0   42.0     0 3/2/2/4/0/1           2     6  58.2   10.6  172.8   61.1  849.0 L 0.71 -
 100    7    7     0 0/0/0/0/0                1000.0   780.0    57.7    54.6   36.0   42.0     0 3/3/2/4/0/1           2     8  52.3   11.0  185.5   57.7  999.0 L 0.57 -
 110    7    7     0 0/0/0/0/0                1000.0   780.0    74.9    42.4   38.0   42.0     0 3/3/2/4/0/1           2    12  55.0   11.3   62.6   57.0  999.0 L 0.29 -
 120    7    7     0 0/0/0/0/0                1000.0   780.0    67.1    66.7   38.0   42.0     0 3/3/2/4/0/1           2     6  56.1   12.5  213.6   63.1  999.0 L 0.29 -
 130    7    7     0 0/0/0/0/0                1150.0   900.0    64.6    35.8   42.0   42.0     0 3/3/2/5/0/1           2    11  56.0    9.9  189.7   59.0  999.0 L 0.29 -
 140    7    7     0 0/0/0/0/0                1150.0   900.0    56.5    62.9   42.0   42.0     0 3/3/2/5/0/1           2     5  54.0   10.5  236.2   56.5 1149.0 L 0.29 -
 150    7    7     0 0/0/0/0/0                1150.0   900.0    50.3    62.9   42.0   42.0     0 3/3/2/5/0/1           2     2  54.1   10.5  225.7   50.3 1149.0 L 0.29 -
 160    7    7     0 0/0/0/0/0                1150.0   900.0    62.8    25.9   42.0   56.0     0 4/3/2/5/0/1           2    14  54.0   11.2   41.3   46.9 1149.0 L 0.29 -
 170    7    7     0 0/0/0/0/0                1150.0   900.0    79.4    50.4   42.0   56.0     0 4/3/2/5/0/1           2     8  56.1   11.4  246.6   56.1 1149.0 L 0.29 -
 180    7    7     0 0/0/0/0/0                1150.0   900.0    85.0    70.9   42.0   56.0     0 4/3/2/5/0/1           2     8  57.6   10.8  245.5   77.2 1149.0 L 0.29 -
 190    7    7     0 0/0/0/0/0                1150.0   900.0    89.9    85.7   42.0   56.0     0 4/3/2/5/0/1           2     6  56.3   10.6  240.7   83.6 1149.0 L 0.14 -
 200    7    7     0 0/0/0/0/0                1150.0   900.0    94.1   101.2   42.0   56.0     0 4/3/2/5/0/1           2     5  56.7   11.1  241.2   88.6 1149.0 L 0.14 -
 210    7    7     0 0/0/0/0/0                1150.0   900.0    80.5   119.0   42.0   56.0     0 4/3/2/5/0/1           2     3  57.9   10.8  246.6   80.5 1149.0 L 0.14 -
 220    7    7     0 0/0/0/0/0                1150.0   900.0    70.1   159.6   42.0   56.0     0 4/3/2/5/0/1           2     6  56.5   10.7  238.0   70.1 1149.0 L 0.14 -
 230    7    7     0 0/0/0/0/0                1150.0   900.0    80.3    86.0   44.0   56.0     0 4/3/2/5/1/1           2     9  54.6   10.5  193.0   67.3 1149.0 L 0.14 -
 240    7    7     0 0/0/0/0/0                1150.0   900.0    69.6    20.9   46.0   56.0     0 4/3/2/5/2/1           2     6  58.9   10.9  166.5   69.6 1149.0 L 0.14 -
 250    7    7     0 0/0/0/0/0                1150.0   900.0    60.8    38.0   46.0   56.0     0 4/3/2/5/2/1           2     3  53.9   10.0  238.0   60.8 1149.0 L 0.14 -
 260    7    7     0 0/0/0/0/0                1150.0   900.0    61.9    55.1   46.0   56.0     0 4/3/2/5/2/1           2     6  59.1   11.8  246.6   54.4 1149.0 L 0.14 -
 270    7    7     0 0/0/0/0/0                1150.0   900.0    55.7    91.1   46.0   56.0     0 4/3/2/5/2/1           2     9  57.6   10.5  245.4   50.9 1149.0 L 0.14 -
 280    9    7     2 0/0/0/0/0                1150.0   900.0    64.8   113.4   46.0   56.0     0 4/3/2/5/2/1           2     5  56.9   11.2  246.6   53.0 1149.0 L 0.22 -
 290   12    9     5 0/0/0/0/0                1150.0   900.0    51.3   147.1   46.0   56.0     0 4/3/2/5/2/1           2     7  58.9   10.3  246.6   51.3 1149.0 S 0.50 -
 300   12   12     5 0/0/0/0/0                1150.0   900.0    26.4   168.6   46.0   56.0     0 4/3/2/5/2/1           2     6  60.1   10.5  246.6   26.4 1149.0 S 0.50 -
 310   12   12     5 0/0/0/0/0                1150.0   900.0    21.2   180.4   46.0   56.0     0 4/3/2/5/2/1           2     5  59.7   10.5  246.6   11.9 1149.0 S 0.42 -
 320   12   12     5 0/0/0/0/0                1150.0   900.0    27.7    80.4   48.0   56.0     0 4/3/2/5/3/1           2     7  60.0   11.2  218.0   14.5 1149.0 S 0.42 -
 330   12   12     5 0/0/0/0/0                1150.0   900.0    16.7    96.5   48.0   56.0     0 4/3/2/5/3/1           2     7  59.9   10.9  246.6   10.8 1149.0 S 0.33 -
 340   12   12     5 0/0/0/0/0                1150.0   900.0    16.2   123.5   48.0   56.0     0 4/3/2/5/3/1           2     8  59.0   10.9  246.6    9.1 1149.0 S 0.83 -
 350   12   12     5 0/0/0/0/0                1150.0   900.0    25.1   123.5   48.0   56.0     0 4/3/2/5/3/1           2    10  60.1   10.6  246.6   13.2 1149.0 S 0.83 -
 360   12   12     5 0/0/0/0/0                1150.0   900.0    25.5   123.5   48.0   56.0     0 4/3/2/5/3/1           2     5  61.0   10.7  246.6   18.0 1149.0 S 0.83 -
 370   12   12     5 0/0/0/0/0                1150.0   900.0    28.1   123.5   48.0   56.0     0 4/3/2/5/3/1           2     6  59.2   11.1  246.6   19.0 1149.0 S 0.83 -
 380   12   12     5 0/0/0/0/0                1150.0   900.0    26.0   130.0   48.0   56.0     0 4/3/2/5/3/1           2     7  60.7   10.4  246.6   22.9 1149.0 S 0.83 -
 390   13   12     6 0/0/0/0/0                1150.0   900.0    27.2   136.8   48.0   56.0     0 4/3/2/5/3/1           2     7  63.1   10.9  246.6   21.5 1149.0 S 0.92 -
 400   13   13     6 0/0/0/0/0                1150.0   900.0    27.1   145.8   48.0   56.0     0 4/3/2/5/3/1           2     6  61.9   10.8  246.6   19.1 1149.0 S 0.92 -
 410   13   13     6 0/0/0/0/0                1150.0   900.0    16.2   152.8   48.0   56.0     0 4/3/2/5/3/1           2     6  60.9   10.7  246.6   16.2 1149.0 S 0.92 -
 420   13   13     6 0/0/0/0/0                1150.0   900.0     6.4   159.6   48.0   56.0     0 4/3/2/5/3/1           2     5  59.5   10.3  246.6    3.1 1149.0 S 0.92 -
 430   11   11     6 0/2/0/0/0                1150.0   900.0     3.4   159.6   48.0   56.0     0 4/3/2/5/3/1           2     4  61.0   10.9  246.6    0.0 1149.0 S 0.55 -
 440    8    8     6 0/5/0/0/0                1150.0   900.0    12.7   159.6   48.0   56.0     0 4/3/2/5/3/1           2     6  56.8   10.3  246.6    0.0 1149.0 S 0.50 -
 450    8    8     6 0/5/0/0/0                1150.0   900.0    17.1   159.6   48.0   56.0     0 4/3/2/5/3/1           2     6  54.9   10.9  246.6    7.8 1149.0 S 0.50 -
 460    8    8     6 0/5/0/0/0                1150.0   900.0    17.7   159.6   48.0   56.0     0 4/3/2/5/3/1           2     4  59.1   10.6  246.6   16.0 1149.0 L 0.50 -
 470    8    8     6 0/5/0/0/0                1150.0   900.0    34.8   159.6   48.0   56.0     0 4/3/2/5/3/1           2     6  55.5   10.7  243.6   16.7 1149.0 L 0.50 -
 480    8    8     6 0/5/0/0/0                1150.0   900.0    25.1   166.7   48.0   56.0     0 4/3/2/5/3/1           2     3  60.9   10.8  246.6   21.0 1149.0 L 0.50 -
 490    8    8     6 0/5/0/0/0                1150.0   900.0    25.0   166.7   48.0   56.0     0 4/3/2/5/3/1           2     4  58.5   10.5  246.6   18.4 1149.0 L 0.50 -
 500    8    8     6 0/5/0/0/0                1150.0   900.0    35.0   166.7   48.0   56.0     0 4/3/2/5/3/1           2     6  58.0   10.1  246.6   23.0 1149.0 L 0.50 -
 510    8    8     6 0/5/0/0/0                1150.0   900.0    33.5   172.3   48.0   56.0     0 4/3/2/5/3/1           2     5  60.4   11.0  246.6   25.1 1149.0 L 0.50 -
 520    8    8     6 0/5/0/0/0                1149.3   900.0    39.9   172.3   48.0   56.0     0 4/3/2/5/3/1           2     4  58.3   10.6  246.6   31.9 1149.0 L 0.50 -
 530    8    8     6 0/5/0/0/0                1150.0   900.0    28.1   178.4   48.0   56.0     0 4/3/2/5/3/1           2     4  55.6   10.4  242.7   28.1 1149.0 L 0.50 -
 540    8    8     6 0/5/0/0/0                1150.0   900.0    21.9   178.4   48.0   56.0     0 4/3/2/5/3/1           2     3  60.7   10.2  238.1   21.9 1149.0 L 0.50 -
 550    8    8     6 0/5/0/0/0                1150.0   900.0    27.9   178.4   48.0   56.0     0 4/3/2/5/3/1           2     4  57.8   10.8  246.6   20.5 1149.0 L 0.50 -
 560    9    8     7 0/5/0/0/0                1150.0   900.0    29.3   178.4   48.0   56.0     0 4/3/2/5/3/1           2     6  59.1   10.7  246.6   25.1 1149.0 L 0.56 -
 570   10    9     8 0/5/0/0/0                1150.0   900.0    20.4   178.4   48.0   56.0     0 4/3/2/5/3/1           2     3  59.0   10.4  246.6   20.4 1149.0 L 0.70 -
 580   10   10     8 0/5/0/0/0                1150.0   900.0    16.5   178.4   48.0   56.0     0 4/3/2/5/3/1           2     4  57.2   10.7  238.5   14.2 1149.0 L 0.90 -
 590   11   10     9 0/5/0/0/0                1150.0   900.0     3.2   178.4   48.0   56.0     0 4/3/2/5/3/1           2     3  60.9   10.6  246.6    3.2 1149.0 S 0.91 -
 600   11   11     9 0/5/0/0/0                1150.0   900.0     4.4   178.4   48.0   56.0     0 4/3/2/5/3/1           2     6  60.5   10.0  246.6    0.4 1149.0 S 0.91 -
 610    8    8     9 0/8/0/0/0                1150.0   900.0     5.7   178.4   48.0   56.0     0 4/3/2/5/3/1           2     5  58.5   10.5  246.6    0.0 1149.0 S 0.50 -
 620    8    8     9 0/8/0/0/0                1150.0   900.0     9.6   178.4   48.0   56.0     0 4/3/2/5/3/1           2     5  61.5   10.1  246.6    2.4 1149.0 L 0.50 -
 630    8    8     9 0/8/0/0/0                1150.0   900.0    14.5   178.4   48.0   56.0     0 4/3/2/5/3/1           2     6  59.6   11.3  246.6    3.8 1149.0 L 0.50 -
 640    8    8     9 0/8/0/0/0                1150.0   900.0    16.0   178.4   48.0   56.0     0 4/3/2/5/3/1           2     5  60.4   10.2  246.6    9.0 1149.0 L 0.50 -
 650    8    8     9 0/8/0/0/0                1150.0   900.0    18.9   178.4   48.0   56.0     0 4/3/2/5/3/1           2     5  58.1   10.5  246.6   14.4 1149.0 L 0.50 -
 660    8    8     9 0/8/0/0/0                1150.0   900.0    25.6   178.4   48.0   56.0     0 4/3/2/5/3/1           2     5  61.1   11.1  246.6   18.7 1149.0 L 0.50 -
 670    8    8     9 0/8/0/0/0                1150.0   900.0    17.8   178.4   48.0   56.0     0 4/3/2/5/3/1           2     2  58.4   10.6  239.9   16.1 1149.0 L 0.50 -
 680    8    8     9 0/8/0/0/0                1150.0   900.0    18.4   178.4   48.0   56.0     0 4/3/2/5/3/1           2     5  57.0    9.9  237.7   13.3 1148.3 L 0.50 -
 690    8    8     9 0/8/0/0/0                1150.0   900.0    21.9    84.4   50.0   56.0     0 4/3/2/5/4/1           2     4  56.7   11.3  229.6   10.7 1149.0 L 0.50 -
 700    9    8    10 0/8/0/0/0                1300.0  1020.0    46.7    84.4   52.0   56.0     0 4/3/2/6/4/1           2     9  59.3   11.3   93.5   19.6 1149.0 L 0.89 -
 710    9    9    10 0/8/0/0/0                1300.0  1020.0    34.2    21.9   54.0   56.0     0 4/3/2/6/4/1           2     6  61.8   10.8   93.4   34.2 1299.0 L 0.89 -
 720    9    9    10 0/8/0/0/0                1300.0  1020.0    26.7    40.4   54.0   56.0     0 4/3/2/6/4/1           2     5  59.6   11.0  246.6   19.8 1299.0 L 0.67 -
 730    9    9    10 0/8/0/0/0                1300.0  1020.0    26.9    40.4   54.0   56.0     0 4/3/2/6/4/1           2     6  59.7   10.3  239.0   19.0 1299.0 L 0.67 -
 740    9    9    10 0/8/0/0/0                1300.0  1020.0    43.8    40.4   54.0   56.0     0 4/3/2/6/4/1           2     7  58.8   11.4  246.6   26.3 1299.0 L 0.67 -
 750    9    9    10 0/8/0/0/0                1300.0  1020.0    31.4    49.6   54.0   56.0     0 4/3/2/6/4/1           2     4  57.6   10.9  244.8   28.2 1299.0 L 0.67 -
 760    9    9    10 0/8/0/0/0                1300.0  1020.0    18.5    49.6   54.0   56.0     0 4/3/2/6/4/1           2     4  62.8    9.8  246.6   18.5 1299.0 L 0.67 -
 770    9    9    10 0/8/0/0/0                1300.0  1020.0    17.3    57.7   54.0   56.0     0 4/3/2/6/4/1           2     5  57.2   11.5  238.0   17.0 1299.0 L 0.67 -
 780    9    9    10 0/8/0/0/0                1300.0  1020.0    21.3    67.7   54.0   56.0     0 4/3/2/6/4/1           2     6  58.6   10.5  246.6   15.2 1299.0 L 0.67 -
 790    9    9    10 0/8/0/0/0                1300.0  1020.0    19.4    67.7   54.0   56.0     0 4/3/2/6/4/1           2     6  59.5   10.2  246.6   19.0 1299.0 L 0.67 -
 800    9    9    10 0/8/0/0/0                1300.0  1020.0    20.7    67.7   54.0   56.0     0 4/3/2/6/4/1           2     4  58.3   11.1  246.6   18.3 1299.0 L 0.67 -
 810    9    9    10 0/8/0/0/0                1300.0  1020.0    22.2    67.7   52.0   70.0     0 5/3/2/6/4/1           2     5  58.5   10.3  208.3   13.8 1299.0 L 0.67 -
 820    9    9    10 0/8/0/0/0                1300.0  1020.0    50.3    85.5   52.0   70.0     0 5/3/2/6/4/1           2    11  58.2   11.8    0.0   17.4 1299.0 L 0.67 -
 830    9    9    10 0/8/0/0/0                1300.0  1020.0    39.8   122.2   52.0   70.0     0 5/3/2/6/4/1           2     7  59.8   11.4   15.0   37.6 1299.0 L 0.67 -
 840    9    9    10 0/8/0/0/0                1300.0  1020.0    33.3    45.1   54.0   70.0     0 5/3/2/6/4/1           2     8  60.0   10.5   24.2   27.0 1299.0 L 0.67 -
 850   11    9    12 0/8/0/0/0                1300.0  1020.0    30.3    54.0   54.0   70.0     0 5/3/2/6/4/1           2     7  58.9   10.3  246.6   24.0 1299.0 L 0.64 -
 860   12   11    13 0/8/0/0/0                1300.0  1020.0    24.7    70.2   54.0   70.0     0 5/3/2/6/4/1           2     6  59.8   10.7  246.6   24.7 1299.0 S 0.67 -
 870   12   12    13 0/8/0/0/0                1300.0  1020.0    22.1    87.6   54.0   70.0     0 5/3/2/6/4/1           2     8  59.1   10.7  246.6   16.1 1299.0 S 0.83 -
 880   12   12    13 0/8/0/0/0                1300.0  1020.0    25.6    87.6   54.0   70.0     0 5/3/2/6/4/1           2     6  62.2   10.8  246.6   17.5 1299.0 S 0.83 -
 890   12   12    13 0/8/0/0/0                1300.0  1020.0    22.5    87.6   54.0   70.0     0 5/3/2/6/4/1           2     6  60.4   10.4  243.1   16.7 1299.0 S 0.75 -
 900   12   12    13 0/8/0/0/0                1300.0  1020.0    37.8    87.6   54.0   70.0     0 5/3/2/6/4/1           2     8  60.3   10.9  246.6   21.1 1299.0 S 0.75 -
 910   12   12    13 0/8/0/0/0                1300.0  1020.0    40.0   101.7   54.0   70.0     0 5/3/2/6/4/1           2     8  59.4   11.1  246.6   31.7 1299.0 S 0.75 -
 920   12   12    13 0/8/0/0/0                1300.0  1020.0    26.6   126.0   54.0   70.0     0 5/3/2/6/4/1           2     6  59.8   10.6  246.6   23.1 1299.0 S 0.67 -
 930   12   12    13 0/8/0/0/0                1300.0  1020.0     6.3   126.0   54.0   70.0     0 5/3/2/6/4/1           2     2  61.8   10.4  239.0    5.4 1299.0 S 0.67 -
 940   12   12    13 0/8/0/0/0                1300.0  1020.0    12.2   135.3   54.0   70.0     0 5/3/2/6/4/1           2     8  58.5   11.3  238.7    1.2 1299.0 S 0.75 -
 950   12   12    13 0/8/0/0/0                1300.0  1020.0    14.6   135.3   54.0   70.0     0 5/3/2/6/4/1           2     6  61.0   10.4  246.6    8.6 1299.0 S 0.75 -
 960   12   12    13 0/8/0/0/0                1300.0  1020.0     9.1   135.3   54.0   70.0     0 5/3/2/6/4/1           2     5  59.5   10.5  225.4    4.2 1299.0 S 0.75 -
 970   10   10    14 0/11/0/0/0               1300.0  1020.0     1.3   135.3   54.0   70.0     0 5/3/2/6/4/1           2     4  61.8   11.0  246.6    0.0 1299.0 S 0.80 -
 980    0    0    14 0/21/0/0/0               1300.0  1020.0     0.0   135.3   54.0   70.0     0 5/3/2/6/4/1           2     3  61.1   10.5  246.6    0.0 1299.0 S 0.00 -
 990    0    0    14 0/21/0/0/0               1300.0  1020.0     0.0   135.3   54.0   70.0     0 5/3/2/6/4/1           2     0   0.0    0.0  246.6    0.0 1300.0 S 0.00 -
1000    0    0    14 0/21/0/0/0               1300.0  1020.0     0.0   135.3   54.0   70.0     0 5/3/2/6/4/1           2     0   0.0    0.0  246.6    0.0 1300.0 S 0.00 -
1010    0    0    14 0/21/0/0/0               1300.0  1020.0     0.0   135.3   54.0   70.0     0 5/3/2/6/4/1           2     0   0.0    0.0  246.6    0.0 1300.0 S 0.00 -
1020    0    0    14 0/21/0/0/0               1300.0  1020.0     0.0   135.3   54.0   70.0     0 5/3/2/6/4/1           2     0   0.0    0.0  246.6    0.0 1300.0 S 0.00 -
1030    0    0    14 0/21/0/0/0               1300.0  1020.0     0.0   135.3   54.0   70.0     0 5/3/2/6/4/1           2     0   0.0    0.0  246.6    0.0 1300.0 S 0.00 -
1040    0    0    14 0/21/0/0/0               1300.0  1020.0     0.0   135.3   54.0   70.0     0 5/3/2/6/4/1           2     0   0.0    0.0  246.6    0.0 1300.0 S 0.00 -
1050    0    0    14 0/21/0/0/0               1300.0  1020.0     0.0   135.3   54.0   70.0     0 5/3/2/6/4/1           2     0   0.0    0.0  246.6    0.0 1300.0 S 0.00 -
1060    0    0    14 0/21/0/0/0               1300.0  1020.0     0.0   135.3   54.0   70.0     0 5/3/2/6/4/1           2     0   0.0    0.0  246.6    0.0 1300.0 S 0.00 -
1070    0    0    14 0/21/0/0/0               1300.0  1020.0     0.0   135.3   54.0   70.0     0 5/3/2/6/4/1           2     0   0.0    0.0  246.6    0.0 1300.0 S 0.00 -
1080    0    0    14 0/21/0/0/0               1300.0  1020.0     0.0   135.3   54.0   70.0     0 5/3/2/6/4/1           2     0   0.0    0.0  246.6    0.0 1300.0 S 0.00 -
1090    0    0    14 0/21/0/0/0               1300.0  1020.0     0.0   135.3   54.0   70.0     0 5/3/2/6/4/1           2     0   0.0    0.0  246.6    0.0 1300.0 S 0.00 -
1100    0    0    14 0/21/0/0/0               1300.0  1020.0     0.0   135.3   54.0   70.0     0 5/3/2/6/4/1           2     0   0.0    0.0  246.6    0.0 1300.0 S 0.00 -
1110    0    0    14 0/21/0/0/0               1300.0  1020.0     0.0   135.3   54.0   70.0     0 5/3/2/6/4/1           2     0   0.0    0.0  246.6    0.0 1300.0 S 0.00 -
1120    0    0    14 0/21/0/0/0               1300.0  1020.0     0.0   135.3   54.0   70.0     0 5/3/2/6/4/1           2     0   0.0    0.0  246.6    0.0 1300.0 S 0.00 -
1130    0    0    14 0/21/0/0/0               1300.0  1020.0     0.0   135.3   54.0   70.0     0 5/3/2/6/4/1           2     0   0.0    0.0  246.6    0.0 1300.0 S 0.00 -
1140    0    0    14 0/21/0/0/0               1300.0  1020.0     0.0   135.3   54.0   70.0     0 5/3/2/6/4/1           2     0   0.0    0.0  246.6    0.0 1300.0 S 0.00 -
1150    0    0    14 0/21/0/0/0               1300.0  1020.0     0.0   135.3   54.0   70.0     0 5/3/2/6/4/1           2     0   0.0    0.0  246.6    0.0 1300.0 S 0.00 -
1160    0    0    14 0/21/0/0/0               1300.0  1020.0     0.0   135.3   54.0   70.0     0 5/3/2/6/4/1           2     0   0.0    0.0  246.6    0.0 1300.0 S 0.00 -
1170    0    0    14 0/21/0/0/0               1300.0  1020.0     0.0   135.3   54.0   70.0     0 5/3/2/6/4/1           2     0   0.0    0.0  246.6    0.0 1300.0 S 0.00 -
1180    0    0    14 0/21/0/0/0               1300.0  1020.0     0.0   135.3   54.0   70.0     0 5/3/2/6/4/1           2     0   0.0    0.0  246.6    0.0 1300.0 S 0.00 -
1190    0    0    14 0/21/0/0/0               1300.0  1020.0     0.0   135.3   54.0   70.0     0 5/3/2/6/4/1           2     0   0.0    0.0  246.6    0.0 1300.0 S 0.00 -
1200    0    0    14 0/21/0/0/0               1300.0  1020.0     0.0   135.3   54.0   70.0     0 5/3/2/6/4/1           2     0   0.0    0.0  246.6    0.0 1300.0 S 0.00 -
1210    0    0    14 0/21/0/0/0               1300.0  1020.0     0.0   135.3   54.0   70.0     0 5/3/2/6/4/1           2     0   0.0    0.0  246.6    0.0 1300.0 S 0.00 -
1220    0    0    14 0/21/0/0/0               1300.0  1020.0     0.0   135.3   54.0   70.0     0 5/3/2/6/4/1           2     0   0.0    0.0  246.6    0.0 1300.0 S 0.00 -
1230    0    0    14 0/21/0/0/0               1300.0  1020.0     0.0   135.3   54.0   70.0     0 5/3/2/6/4/1           2     0   0.0    0.0  246.6    0.0 1300.0 S 0.00 -
1240    0    0    14 0/21/0/0/0               1300.0  1020.0     0.0   135.3   54.0   70.0     0 5/3/2/6/4/1           2     0   0.0    0.0  246.6    0.0 1300.0 S 0.00 -
1250    0    0    14 0/21/0/0/0               1300.0  1020.0     0.0   135.3   54.0   70.0     0 5/3/2/6/4/1           2     0   0.0    0.0  246.6    0.0 1300.0 S 0.00 -
1260    0    0    14 0/21/0/0/0               1300.0  1020.0     0.0   135.3   54.0   70.0     0 5/3/2/6/4/1           2     0   0.0    0.0  246.6    0.0 1300.0 S 0.00 -
1270    0    0    14 0/21/0/0/0               1300.0  1020.0     0.0   135.3   54.0   70.0     0 5/3/2/6/4/1           2     0   0.0    0.0  246.6    0.0 1300.0 S 0.00 -
1280    0    0    14 0/21/0/0/0               1300.0  1020.0     0.0   135.3   54.0   70.0     0 5/3/2/6/4/1           2     0   0.0    0.0  246.6    0.0 1300.0 S 0.00 -
1290    0    0    14 0/21/0/0/0               1300.0  1020.0     0.0   135.3   54.0   70.0     0 5/3/2/6/4/1           2     0   0.0    0.0  246.6    0.0 1300.0 S 0.00 -
1300    0    0    14 0/21/0/0/0               1300.0  1020.0     0.0   135.3   54.0   70.0     0 5/3/2/6/4/1           2     0   0.0    0.0  246.6    0.0 1300.0 S 0.00 -
1310    0    0    14 0/21/0/0/0               1300.0  1020.0     0.0   135.3   54.0   70.0     0 5/3/2/6/4/1           2     0   0.0    0.0  246.6    0.0 1300.0 S 0.00 -
1320    0    0    14 0/21/0/0/0               1300.0  1020.0     0.0   135.3   54.0   70.0     0 5/3/2/6/4/1           2     0   0.0    0.0  246.6    0.0 1300.0 S 0.00 -
1330    0    0    14 0/21/0/0/0               1300.0  1020.0     0.0   135.3   54.0   70.0     0 5/3/2/6/4/1           2     0   0.0    0.0  246.6    0.0 1300.0 S 0.00 -
1340    0    0    14 0/21/0/0/0               1300.0  1020.0     0.0   135.3   54.0   70.0     0 5/3/2/6/4/1           2     0   0.0    0.0  246.6    0.0 1300.0 S 0.00 -
1350    0    0    14 0/21/0/0/0               1300.0  1020.0     0.0   135.3   54.0   70.0     0 5/3/2/6/4/1           2     0   0.0    0.0  246.6    0.0 1300.0 S 0.00 -
1360    0    0    14 0/21/0/0/0               1300.0  1020.0     0.0   135.3   54.0   70.0     0 5/3/2/6/4/1           2     0   0.0    0.0  246.6    0.0 1300.0 S 0.00 -
1370    0    0    14 0/21/0/0/0               1300.0  1020.0     0.0   135.3   54.0   70.0     0 5/3/2/6/4/1           2     0   0.0    0.0  246.6    0.0 1300.0 S 0.00 -
1380    0    0    14 0/21/0/0/0               1300.0  1020.0     0.0   135.3   54.0   70.0     0 5/3/2/6/4/1           2     0   0.0    0.0  246.6    0.0 1300.0 S 0.00 -
1390    0    0    14 0/21/0/0/0               1300.0  1020.0     0.0   135.3   54.0   70.0     0 5/3/2/6/4/1           2     0   0.0    0.0  246.6    0.0 1300.0 S 0.00 -
1400    0    0    14 0/21/0/0/0               1300.0  1020.0     0.0   135.3   54.0   70.0     0 5/3/2/6/4/1           2     0   0.0    0.0  246.6    0.0 1300.0 S 0.00 -
1410    0    0    14 0/21/0/0/0               1300.0  1020.0     0.0   135.3   54.0   70.0     0 5/3/2/6/4/1           2     0   0.0    0.0  246.6    0.0 1300.0 S 0.00 -
1420    0    0    14 0/21/0/0/0               1300.0  1020.0     0.0   135.3   54.0   70.0     0 5/3/2/6/4/1           2     0   0.0    0.0  246.6    0.0 1300.0 S 0.00 -
1430    0    0    14 0/21/0/0/0               1300.0  1020.0     0.0   135.3   54.0   70.0     0 5/3/2/6/4/1           2     0   0.0    0.0  246.6    0.0 1300.0 S 0.00 -
1440    0    0    14 0/21/0/0/0               1300.0  1020.0     0.0   135.3   54.0   70.0     0 5/3/2/6/4/1           2     0   0.0    0.0  246.6    0.0 1300.0 S 0.00 -
1450    0    0    14 0/21/0/0/0               1300.0  1020.0     0.0   135.3   54.0   70.0     0 5/3/2/6/4/1           2     0   0.0    0.0  246.6    0.0 1300.0 S 0.00 -
1460    0    0    14 0/21/0/0/0               1300.0  1020.0     0.0   135.3   54.0   70.0     0 5/3/2/6/4/1           2     0   0.0    0.0  246.6    0.0 1300.0 S 0.00 -
1470    0    0    14 0/21/0/0/0               1300.0  1020.0     0.0   135.3   54.0   70.0     0 5/3/2/6/4/1           2     0   0.0    0.0  246.6    0.0 1300.0 S 0.00 -
1480    0    0    14 0/21/0/0/0               1300.0  1020.0     0.0   135.3   54.0   70.0     0 5/3/2/6/4/1           2     0   0.0    0.0  246.6    0.0 1300.0 S 0.00 -
1490    0    0    14 0/21/0/0/0               1300.0  1020.0     0.0   135.3   54.0   70.0     0 5/3/2/6/4/1           2     0   0.0    0.0  246.6    0.0 1300.0 S 0.00 -
1500    0    0    14 0/21/0/0/0               1300.0  1020.0     0.0   135.3   54.0   70.0     0 5/3/2/6/4/1           2     0   0.0    0.0  246.6    0.0 1300.0 S 0.00 -

targets for seed 42 (1500 sols):
  T1 FAIL run min pop 0 (needs >= 5), final pop 0
  T2 PASS deaths 21 (air 0 thirst 21 hunger 0 eva 0 other 0), unexplained 0
  T3 PASS births 14, first_birth_sol 277, at_capacity 0, cooldown_violations 0, pop@30=7, pop@100=7, pop@300=12
  T4 PASS min O2 259.7, food 203.1; ice ran dry (pressure): min ice 0.0, ice>30 0.0, thirst deaths 21; max ice/target 0.84, regolith/target 0.49
  T5 PASS demand>supply 0.00% of steps (<=10), max shorts/sol 0 (<=2), max offline 0.0 h (<=24.7), first new reactor sol 4 (<=15)
  T6 PASS limited 34229.6 h = 92.54% (>=2% provisional; 4 of 5 seeds), site busy 93.9%; waiting_regolith 140.0 h, site_no_crew 34089.6 h
  T7 PASS turn_backs_air 0, exhausted 121, reachable>=2 at 100.0% of 1500 sol samples (>=95), trips 613
  T8 FAIL row avg energy 0.0..63.1 (40..90), row asleep 0.0..12.5% (5..30), max sleep 8.8 h (<=18)
  T9 N/A  checked by repeating the run and by tests/test_determinism.gd (compare the table sha256)
  T10 FAIL first settlement sol 288 (40..150), age_changes 5 (<=4), min gap between consecutive history entries 30 (>=20), history 6 entries (changes+1 = 6); report: sols_in_age landing 659 settlement 841 council 0, age at end settlement, changes [sol 288 settled; sol 458 fell_back (cause ice); sol 582 settled_again; sol 612 fell_back (cause ice); sol 859 settled_again], fall back causes [sol 458 ice; sol 612 ice], not-ok sols 128 (by group, a sol can fail several: ice 48, food 1, oxygen 1, power 0, death 13, unrest 79)
  T11 FAIL (1) list lengths 1501/1501/1501/1501 ok; (2) lonely mean of last 50 readings 0.000 (max 0.35) ok; (3) friends_mean 0.00 (1.0..15.0) BAD; (4) first_friendship_sol 283 ok; (5) lines_dropped (total) 0 ok; report: web 0.00 second 0.00 lonely 0.00 friends_mean 0.00 friends share of colony 0.000 (pop 0)
  T12 PASS (1) list lengths 1501/1501/1501 ok; (2) C2 ok; (3) council changes 0 (<=4) ok; (4) proposals 0 ok; (5) one Council line per boundary ok; report: first Council sol <null>, meetings 0, proposals [], pledge sol <null> reason -, lines {"circles_few":3}, dropped 0; council_min_seeds 3 pledge_min_seeds 1
RESULT FAIL (target 9 determinism: table sha256 0ebf542ad9196948)
# player attentive cadence=1.0
PLAYER checks=975 uses guide=210 fortune=0 per100 guide=14.0 fortune=0.0 guide_in_trouble=210
PLAYER first_low_sol=292 samples=98 mean_ice_over_target=0.314 low_share=0.622
PLAYER guide_trips=81 ice_trips_total=428 ice_trips_in_guided_window=133 guide_share_of_window=0.609 guide_hauled=392.3
PLAYER air_deaths=0 turn_backs_air=0 first_thirst_sol=422
