Godot Engine v4.5.stable.official.876b29033 - https://godotengine.org

# station zero balance run: seed=7 sols=1500 overrides=[] fixed_step=0.05 data_hash=fcb5ff2f0fbf63a1 player=attentive cadence=1.0
# deaths and births are cumulative; shorts, trips, energy, asleep, wait, min_* are for the 30-sol window
 sol  pop  min birth dead a/t/h/o/x           oxygen    food     ice   regol   dmnd   supp short bldg R/H/W/G/A/C  reach trips  avgE asleep%  waitH minIce  minO2 age web cn
  10    7    7     0 0/0/0/0/0                 379.9   296.2    65.9   116.7   11.0   28.0     0 2/1/1/1/0/0           2    14  52.4   11.2  130.3   60.8  260.5 L 1.00 -
  20    7    7     0 0/0/0/0/0                 550.0   420.0    78.0   120.8   14.0   28.0     0 2/2/1/1/0/0           2    11  55.1   10.8   44.9   62.9  380.0 L 1.00 -
  30    7    7     0 0/0/0/0/0                 550.0   420.0    79.5   129.8   17.0   28.0     0 2/3/1/1/0/0           2    15  53.7   11.6   89.8   69.2  548.0 L 1.00 -
  40    7    7     0 0/0/0/0/0                 550.0   420.0    81.8   143.6   20.0   28.0     0 2/3/1/1/0/1           2    14  54.4   12.3   48.9   76.6  549.0 L 1.00 -
  50    7    7     0 0/0/0/0/0                 550.0   420.0    79.1   116.7   22.0   28.0     0 2/3/1/1/0/1           2     7  57.3   10.2  197.5   79.1  549.0 L 1.00 -
  60    7    7     0 0/0/0/0/0                 550.0   420.0    67.1   172.2   22.0   28.0     0 2/3/1/1/0/1           2     8  54.7   10.7  217.5   67.1  548.2 L 0.86 -
  70    7    7     0 0/0/0/0/0                 550.0   420.0    74.5   199.4   23.0   28.0     0 2/3/1/1/0/2           2     9  57.7   10.4   62.3   64.8  549.0 L 0.71 -
  80    7    7     0 0/0/0/0/0                 550.0   420.0    78.7   222.3   23.0   28.0     0 2/3/1/1/0/2           2     8  58.4   11.9    0.0   70.0  549.0 L 0.71 -
  90    7    7     0 0/0/0/0/0                 550.0   420.0    94.4   236.4   23.0   28.0     0 2/3/1/1/0/2           2     7  58.6   11.0    0.0   77.7  548.5 L 1.00 -
 100    7    7     0 0/0/0/0/0                 550.0   420.0    96.9   223.3   25.0   28.0     0 2/3/1/1/0/2           2     7  55.6   10.7  116.4   92.7  549.0 L 0.86 -
 110    7    7     0 0/0/0/0/0                 700.0   540.0    94.4   165.3   27.0   42.0     2 3/3/1/2/0/2           2     4  57.7   11.0  156.8   88.4  548.7 L 0.86 -
 120    7    7     0 0/0/0/0/0                 700.0   540.0   110.9   150.5   29.0   42.0     0 3/3/1/2/0/2           2    14  53.5   11.6   49.2   93.4  699.0 L 0.86 -
 130    7    7     0 0/0/0/0/0                 700.0   540.0    93.6   101.1   33.0   42.0     0 3/3/2/2/0/2           2     4  53.4   11.4  208.0   93.6  698.5 L 0.86 -
 140    7    7     0 0/0/0/0/0                 700.0   540.0    85.9   132.4   33.0   42.0     0 3/3/2/2/0/2           2     8  54.0   10.4  245.5   85.9  699.0 L 0.86 -
 150    7    7     0 0/0/0/0/0                 700.0   540.0    81.2   150.1   33.0   42.0     0 3/3/2/2/0/2           2     3  52.6   10.4  238.3   81.2  699.0 L 0.86 -
 160    7    7     0 0/0/0/0/0                 700.0   540.0    82.7   165.1   33.0   42.0     0 3/3/2/2/0/2           2     5  52.8   10.7  233.2   79.8  698.5 L 0.71 -
 170    7    7     0 0/0/0/0/0                 700.0   540.0    71.8   196.7   33.0   42.0     0 3/3/2/2/0/2           2     6  51.1   10.6  240.0   71.8  699.0 L 0.43 -
 180    7    7     0 0/0/0/0/0                 700.0   540.0    61.2   212.5   33.0   42.0     0 3/3/2/2/0/2           2     3  59.5   11.0  237.2   61.2  699.0 L 0.29 -
 190    7    7     0 0/0/0/0/0                 700.0   540.0    76.7   170.4   36.0   42.0     0 3/4/2/2/0/2           2     9  53.7   11.2  178.6   59.5  699.0 L 0.29 -
 200    7    7     0 0/0/0/0/0                 850.0   660.0    66.3   156.4   40.0   42.0     0 3/4/2/3/0/2           2     8  57.6   11.2  161.1   66.3  699.0 L 0.57 -
 210    7    7     0 0/0/0/0/0                 850.0   660.0    69.7    89.3   40.0   56.0     0 4/4/2/3/0/2           2     6  58.5   11.1  162.3   63.9  849.0 L 0.57 -
 220    7    7     0 0/0/0/0/0                 850.0   660.0    61.4   151.3   40.0   56.0     0 4/4/2/3/1/2           2    10  58.6   12.3  140.4   58.2  849.0 L 0.57 -
 230    7    7     0 0/0/0/0/0                 850.0   660.0    65.3   113.6   43.0   56.0     0 4/5/2/3/1/2           2    12  56.8   10.8   74.2   55.7  848.8 L 0.57 -
 240    7    7     0 0/0/0/0/0                 850.0   660.0    77.1    32.7   47.0   56.0     0 4/5/3/3/1/2           2     8  56.9   11.6  153.4   65.2  848.2 L 0.57 -
 250    7    7     0 0/0/0/0/0                 850.0   660.0    87.6   102.0   47.0   56.0     0 4/5/3/3/1/2           2    15  59.4   11.1    5.0   75.7  849.0 L 0.43 -
 260    7    7     0 0/0/0/0/0                 850.0   660.0    90.3    32.5   49.0   56.0     0 4/5/3/3/1/2           2     7  58.6   11.1  203.8   86.3  848.4 L 0.43 -
 270    7    7     0 0/0/0/0/0                 850.0   660.0    83.9   114.5   49.0   56.0     0 4/5/3/3/2/2           2    15  55.1   12.2  136.1   78.5  848.6 L 0.43 -
 280    7    7     0 0/0/0/0/0                 850.0   660.0    86.4    97.3   51.0   56.0     0 4/5/3/3/2/2           2    14  57.7   10.5   74.8   83.6  849.0 L 0.43 -
 290   10    7     3 0/0/0/0/0                 850.0   660.0    71.7    48.5   54.0   56.0     0 4/6/3/3/2/2           2     9  60.8   11.9  180.7   71.7  849.0 L 0.60 -
 300   13   10     6 0/0/0/0/0                 850.0   660.0    56.2    79.0   54.0   56.0     0 4/6/3/3/2/2           2     6  60.0   10.7  227.4   56.2  849.0 L 0.92 -
 310   13   13     6 0/0/0/0/0                 850.0   660.0    48.5    87.2   52.0   70.0     0 5/6/3/3/2/2           2     6  61.4   10.9  150.6   31.8  849.0 L 0.92 -
 320   13   13     6 0/0/0/0/0                 850.0   660.0    31.1   175.7   52.0   70.0     0 5/6/3/3/2/2           2    16  60.6   10.6    0.0   31.0  849.0 L 0.77 -
 330   13   13     6 0/0/0/0/0                 850.0   660.0    28.9    97.4   54.0   70.0     0 5/6/3/3/2/2           2    10  62.9   11.3  117.8   28.9  849.0 L 0.85 -
 340   13   13     6 0/0/0/0/0                 850.0   660.0     2.4   106.4   54.0   70.0     0 5/6/3/3/2/2           2     1  60.4   10.0  241.4    0.0  849.0 L 0.85 -
 350    5    5     6 0/8/0/0/0                 850.0   660.0     0.3   106.4   54.0   70.0     0 5/6/3/3/2/2           2     1  61.2   11.2  246.6    0.0  849.0 L 0.60 -
 360    0    0     6 0/13/0/0/0                850.0   660.0     0.0   106.4   54.0   70.0     0 5/6/3/3/2/2           2     0  53.1   11.4  246.6    0.0  850.0 L 0.00 -
 370    0    0     6 0/13/0/0/0                850.0   660.0     0.0   106.4   54.0   70.0     0 5/6/3/3/2/2           2     0   0.0    0.0  246.6    0.0  850.0 L 0.00 -
 380    0    0     6 0/13/0/0/0                850.0   660.0     0.0   106.4   54.0   70.0     0 5/6/3/3/2/2           2     0   0.0    0.0  246.6    0.0  850.0 L 0.00 -
 390    0    0     6 0/13/0/0/0                850.0   660.0     0.0   106.4   54.0   70.0     0 5/6/3/3/2/2           2     0   0.0    0.0  246.6    0.0  850.0 L 0.00 -
 400    0    0     6 0/13/0/0/0                850.0   660.0     0.0   106.4   54.0   70.0     0 5/6/3/3/2/2           2     0   0.0    0.0  246.6    0.0  850.0 L 0.00 -
 410    0    0     6 0/13/0/0/0                850.0   660.0     0.0   106.4   54.0   70.0     0 5/6/3/3/2/2           2     0   0.0    0.0  246.6    0.0  850.0 L 0.00 -
 420    0    0     6 0/13/0/0/0                850.0   660.0     0.0   106.4   54.0   70.0     0 5/6/3/3/2/2           2     0   0.0    0.0  246.6    0.0  850.0 L 0.00 -
 430    0    0     6 0/13/0/0/0                850.0   660.0     0.0   106.4   54.0   70.0     0 5/6/3/3/2/2           2     0   0.0    0.0  246.6    0.0  850.0 L 0.00 -
 440    0    0     6 0/13/0/0/0                850.0   660.0     0.0   106.4   54.0   70.0     0 5/6/3/3/2/2           2     0   0.0    0.0  246.6    0.0  850.0 L 0.00 -
 450    0    0     6 0/13/0/0/0                850.0   660.0     0.0   106.4   54.0   70.0     0 5/6/3/3/2/2           2     0   0.0    0.0  246.6    0.0  850.0 L 0.00 -
 460    0    0     6 0/13/0/0/0                850.0   660.0     0.0   106.4   54.0   70.0     0 5/6/3/3/2/2           2     0   0.0    0.0  246.6    0.0  850.0 L 0.00 -
 470    0    0     6 0/13/0/0/0                850.0   660.0     0.0   106.4   54.0   70.0     0 5/6/3/3/2/2           2     0   0.0    0.0  246.6    0.0  850.0 L 0.00 -
 480    0    0     6 0/13/0/0/0                850.0   660.0     0.0   106.4   54.0   70.0     0 5/6/3/3/2/2           2     0   0.0    0.0  246.6    0.0  850.0 L 0.00 -
 490    0    0     6 0/13/0/0/0                850.0   660.0     0.0   106.4   54.0   70.0     0 5/6/3/3/2/2           2     0   0.0    0.0  246.6    0.0  850.0 L 0.00 -
 500    0    0     6 0/13/0/0/0                850.0   660.0     0.0   106.4   54.0   70.0     0 5/6/3/3/2/2           2     0   0.0    0.0  246.6    0.0  850.0 L 0.00 -
 510    0    0     6 0/13/0/0/0                850.0   660.0     0.0   106.4   54.0   70.0     0 5/6/3/3/2/2           2     0   0.0    0.0  246.6    0.0  850.0 L 0.00 -
 520    0    0     6 0/13/0/0/0                850.0   660.0     0.0   106.4   54.0   70.0     0 5/6/3/3/2/2           2     0   0.0    0.0  246.6    0.0  850.0 L 0.00 -
 530    0    0     6 0/13/0/0/0                850.0   660.0     0.0   106.4   54.0   70.0     0 5/6/3/3/2/2           2     0   0.0    0.0  246.6    0.0  850.0 L 0.00 -
 540    0    0     6 0/13/0/0/0                850.0   660.0     0.0   106.4   54.0   70.0     0 5/6/3/3/2/2           2     0   0.0    0.0  246.6    0.0  850.0 L 0.00 -
 550    0    0     6 0/13/0/0/0                850.0   660.0     0.0   106.4   54.0   70.0     0 5/6/3/3/2/2           2     0   0.0    0.0  246.6    0.0  850.0 L 0.00 -
 560    0    0     6 0/13/0/0/0                850.0   660.0     0.0   106.4   54.0   70.0     0 5/6/3/3/2/2           2     0   0.0    0.0  246.6    0.0  850.0 L 0.00 -
 570    0    0     6 0/13/0/0/0                850.0   660.0     0.0   106.4   54.0   70.0     0 5/6/3/3/2/2           2     0   0.0    0.0  246.6    0.0  850.0 L 0.00 -
 580    0    0     6 0/13/0/0/0                850.0   660.0     0.0   106.4   54.0   70.0     0 5/6/3/3/2/2           2     0   0.0    0.0  246.6    0.0  850.0 L 0.00 -
 590    0    0     6 0/13/0/0/0                850.0   660.0     0.0   106.4   54.0   70.0     0 5/6/3/3/2/2           2     0   0.0    0.0  246.6    0.0  850.0 L 0.00 -
 600    0    0     6 0/13/0/0/0                850.0   660.0     0.0   106.4   54.0   70.0     0 5/6/3/3/2/2           2     0   0.0    0.0  246.6    0.0  850.0 L 0.00 -
 610    0    0     6 0/13/0/0/0                850.0   660.0     0.0   106.4   54.0   70.0     0 5/6/3/3/2/2           2     0   0.0    0.0  246.6    0.0  850.0 L 0.00 -
 620    0    0     6 0/13/0/0/0                850.0   660.0     0.0   106.4   54.0   70.0     0 5/6/3/3/2/2           2     0   0.0    0.0  246.6    0.0  850.0 L 0.00 -
 630    0    0     6 0/13/0/0/0                850.0   660.0     0.0   106.4   54.0   70.0     0 5/6/3/3/2/2           2     0   0.0    0.0  246.6    0.0  850.0 L 0.00 -
 640    0    0     6 0/13/0/0/0                850.0   660.0     0.0   106.4   54.0   70.0     0 5/6/3/3/2/2           2     0   0.0    0.0  246.6    0.0  850.0 L 0.00 -
 650    0    0     6 0/13/0/0/0                850.0   660.0     0.0   106.4   54.0   70.0     0 5/6/3/3/2/2           2     0   0.0    0.0  246.6    0.0  850.0 L 0.00 -
 660    0    0     6 0/13/0/0/0                850.0   660.0     0.0   106.4   54.0   70.0     0 5/6/3/3/2/2           2     0   0.0    0.0  246.6    0.0  850.0 L 0.00 -
 670    0    0     6 0/13/0/0/0                850.0   660.0     0.0   106.4   54.0   70.0     0 5/6/3/3/2/2           2     0   0.0    0.0  246.6    0.0  850.0 L 0.00 -
 680    0    0     6 0/13/0/0/0                850.0   660.0     0.0   106.4   54.0   70.0     0 5/6/3/3/2/2           2     0   0.0    0.0  246.6    0.0  850.0 L 0.00 -
 690    0    0     6 0/13/0/0/0                850.0   660.0     0.0   106.4   54.0   70.0     0 5/6/3/3/2/2           2     0   0.0    0.0  246.6    0.0  850.0 L 0.00 -
 700    0    0     6 0/13/0/0/0                850.0   660.0     0.0   106.4   54.0   70.0     0 5/6/3/3/2/2           2     0   0.0    0.0  246.6    0.0  850.0 L 0.00 -
 710    0    0     6 0/13/0/0/0                850.0   660.0     0.0   106.4   54.0   70.0     0 5/6/3/3/2/2           2     0   0.0    0.0  246.6    0.0  850.0 L 0.00 -
 720    0    0     6 0/13/0/0/0                850.0   660.0     0.0   106.4   54.0   70.0     0 5/6/3/3/2/2           2     0   0.0    0.0  246.6    0.0  850.0 L 0.00 -
 730    0    0     6 0/13/0/0/0                850.0   660.0     0.0   106.4   54.0   70.0     0 5/6/3/3/2/2           2     0   0.0    0.0  246.6    0.0  850.0 L 0.00 -
 740    0    0     6 0/13/0/0/0                850.0   660.0     0.0   106.4   54.0   70.0     0 5/6/3/3/2/2           2     0   0.0    0.0  246.6    0.0  850.0 L 0.00 -
 750    0    0     6 0/13/0/0/0                850.0   660.0     0.0   106.4   54.0   70.0     0 5/6/3/3/2/2           2     0   0.0    0.0  246.6    0.0  850.0 L 0.00 -
 760    0    0     6 0/13/0/0/0                850.0   660.0     0.0   106.4   54.0   70.0     0 5/6/3/3/2/2           2     0   0.0    0.0  246.6    0.0  850.0 L 0.00 -
 770    0    0     6 0/13/0/0/0                850.0   660.0     0.0   106.4   54.0   70.0     0 5/6/3/3/2/2           2     0   0.0    0.0  246.6    0.0  850.0 L 0.00 -
 780    0    0     6 0/13/0/0/0                850.0   660.0     0.0   106.4   54.0   70.0     0 5/6/3/3/2/2           2     0   0.0    0.0  246.6    0.0  850.0 L 0.00 -
 790    0    0     6 0/13/0/0/0                850.0   660.0     0.0   106.4   54.0   70.0     0 5/6/3/3/2/2           2     0   0.0    0.0  246.6    0.0  850.0 L 0.00 -
 800    0    0     6 0/13/0/0/0                850.0   660.0     0.0   106.4   54.0   70.0     0 5/6/3/3/2/2           2     0   0.0    0.0  246.6    0.0  850.0 L 0.00 -
 810    0    0     6 0/13/0/0/0                850.0   660.0     0.0   106.4   54.0   70.0     0 5/6/3/3/2/2           2     0   0.0    0.0  246.6    0.0  850.0 L 0.00 -
 820    0    0     6 0/13/0/0/0                850.0   660.0     0.0   106.4   54.0   70.0     0 5/6/3/3/2/2           2     0   0.0    0.0  246.6    0.0  850.0 L 0.00 -
 830    0    0     6 0/13/0/0/0                850.0   660.0     0.0   106.4   54.0   70.0     0 5/6/3/3/2/2           2     0   0.0    0.0  246.6    0.0  850.0 L 0.00 -
 840    0    0     6 0/13/0/0/0                850.0   660.0     0.0   106.4   54.0   70.0     0 5/6/3/3/2/2           2     0   0.0    0.0  246.6    0.0  850.0 L 0.00 -
 850    0    0     6 0/13/0/0/0                850.0   660.0     0.0   106.4   54.0   70.0     0 5/6/3/3/2/2           2     0   0.0    0.0  246.6    0.0  850.0 L 0.00 -
 860    0    0     6 0/13/0/0/0                850.0   660.0     0.0   106.4   54.0   70.0     0 5/6/3/3/2/2           2     0   0.0    0.0  246.6    0.0  850.0 L 0.00 -
 870    0    0     6 0/13/0/0/0                850.0   660.0     0.0   106.4   54.0   70.0     0 5/6/3/3/2/2           2     0   0.0    0.0  246.6    0.0  850.0 L 0.00 -
 880    0    0     6 0/13/0/0/0                850.0   660.0     0.0   106.4   54.0   70.0     0 5/6/3/3/2/2           2     0   0.0    0.0  246.6    0.0  850.0 L 0.00 -
 890    0    0     6 0/13/0/0/0                850.0   660.0     0.0   106.4   54.0   70.0     0 5/6/3/3/2/2           2     0   0.0    0.0  246.6    0.0  850.0 L 0.00 -
 900    0    0     6 0/13/0/0/0                850.0   660.0     0.0   106.4   54.0   70.0     0 5/6/3/3/2/2           2     0   0.0    0.0  246.6    0.0  850.0 L 0.00 -
 910    0    0     6 0/13/0/0/0                850.0   660.0     0.0   106.4   54.0   70.0     0 5/6/3/3/2/2           2     0   0.0    0.0  246.6    0.0  850.0 L 0.00 -
 920    0    0     6 0/13/0/0/0                850.0   660.0     0.0   106.4   54.0   70.0     0 5/6/3/3/2/2           2     0   0.0    0.0  246.6    0.0  850.0 L 0.00 -
 930    0    0     6 0/13/0/0/0                850.0   660.0     0.0   106.4   54.0   70.0     0 5/6/3/3/2/2           2     0   0.0    0.0  246.6    0.0  850.0 L 0.00 -
 940    0    0     6 0/13/0/0/0                850.0   660.0     0.0   106.4   54.0   70.0     0 5/6/3/3/2/2           2     0   0.0    0.0  246.6    0.0  850.0 L 0.00 -
 950    0    0     6 0/13/0/0/0                850.0   660.0     0.0   106.4   54.0   70.0     0 5/6/3/3/2/2           2     0   0.0    0.0  246.6    0.0  850.0 L 0.00 -
 960    0    0     6 0/13/0/0/0                850.0   660.0     0.0   106.4   54.0   70.0     0 5/6/3/3/2/2           2     0   0.0    0.0  246.6    0.0  850.0 L 0.00 -
 970    0    0     6 0/13/0/0/0                850.0   660.0     0.0   106.4   54.0   70.0     0 5/6/3/3/2/2           2     0   0.0    0.0  246.6    0.0  850.0 L 0.00 -
 980    0    0     6 0/13/0/0/0                850.0   660.0     0.0   106.4   54.0   70.0     0 5/6/3/3/2/2           2     0   0.0    0.0  246.6    0.0  850.0 L 0.00 -
 990    0    0     6 0/13/0/0/0                850.0   660.0     0.0   106.4   54.0   70.0     0 5/6/3/3/2/2           2     0   0.0    0.0  246.6    0.0  850.0 L 0.00 -
1000    0    0     6 0/13/0/0/0                850.0   660.0     0.0   106.4   54.0   70.0     0 5/6/3/3/2/2           2     0   0.0    0.0  246.6    0.0  850.0 L 0.00 -
1010    0    0     6 0/13/0/0/0                850.0   660.0     0.0   106.4   54.0   70.0     0 5/6/3/3/2/2           2     0   0.0    0.0  246.6    0.0  850.0 L 0.00 -
1020    0    0     6 0/13/0/0/0                850.0   660.0     0.0   106.4   54.0   70.0     0 5/6/3/3/2/2           2     0   0.0    0.0  246.6    0.0  850.0 L 0.00 -
1030    0    0     6 0/13/0/0/0                850.0   660.0     0.0   106.4   54.0   70.0     0 5/6/3/3/2/2           2     0   0.0    0.0  246.6    0.0  850.0 L 0.00 -
1040    0    0     6 0/13/0/0/0                850.0   660.0     0.0   106.4   54.0   70.0     0 5/6/3/3/2/2           2     0   0.0    0.0  246.6    0.0  850.0 L 0.00 -
1050    0    0     6 0/13/0/0/0                850.0   660.0     0.0   106.4   54.0   70.0     0 5/6/3/3/2/2           2     0   0.0    0.0  246.6    0.0  850.0 L 0.00 -
1060    0    0     6 0/13/0/0/0                850.0   660.0     0.0   106.4   54.0   70.0     0 5/6/3/3/2/2           2     0   0.0    0.0  246.6    0.0  850.0 L 0.00 -
1070    0    0     6 0/13/0/0/0                850.0   660.0     0.0   106.4   54.0   70.0     0 5/6/3/3/2/2           2     0   0.0    0.0  246.6    0.0  850.0 L 0.00 -
1080    0    0     6 0/13/0/0/0                850.0   660.0     0.0   106.4   54.0   70.0     0 5/6/3/3/2/2           2     0   0.0    0.0  246.6    0.0  850.0 L 0.00 -
1090    0    0     6 0/13/0/0/0                850.0   660.0     0.0   106.4   54.0   70.0     0 5/6/3/3/2/2           2     0   0.0    0.0  246.6    0.0  850.0 L 0.00 -
1100    0    0     6 0/13/0/0/0                850.0   660.0     0.0   106.4   54.0   70.0     0 5/6/3/3/2/2           2     0   0.0    0.0  246.6    0.0  850.0 L 0.00 -
1110    0    0     6 0/13/0/0/0                850.0   660.0     0.0   106.4   54.0   70.0     0 5/6/3/3/2/2           2     0   0.0    0.0  246.6    0.0  850.0 L 0.00 -
1120    0    0     6 0/13/0/0/0                850.0   660.0     0.0   106.4   54.0   70.0     0 5/6/3/3/2/2           2     0   0.0    0.0  246.6    0.0  850.0 L 0.00 -
1130    0    0     6 0/13/0/0/0                850.0   660.0     0.0   106.4   54.0   70.0     0 5/6/3/3/2/2           2     0   0.0    0.0  246.6    0.0  850.0 L 0.00 -
1140    0    0     6 0/13/0/0/0                850.0   660.0     0.0   106.4   54.0   70.0     0 5/6/3/3/2/2           2     0   0.0    0.0  246.6    0.0  850.0 L 0.00 -
1150    0    0     6 0/13/0/0/0                850.0   660.0     0.0   106.4   54.0   70.0     0 5/6/3/3/2/2           2     0   0.0    0.0  246.6    0.0  850.0 L 0.00 -
1160    0    0     6 0/13/0/0/0                850.0   660.0     0.0   106.4   54.0   70.0     0 5/6/3/3/2/2           2     0   0.0    0.0  246.6    0.0  850.0 L 0.00 -
1170    0    0     6 0/13/0/0/0                850.0   660.0     0.0   106.4   54.0   70.0     0 5/6/3/3/2/2           2     0   0.0    0.0  246.6    0.0  850.0 L 0.00 -
1180    0    0     6 0/13/0/0/0                850.0   660.0     0.0   106.4   54.0   70.0     0 5/6/3/3/2/2           2     0   0.0    0.0  246.6    0.0  850.0 L 0.00 -
1190    0    0     6 0/13/0/0/0                850.0   660.0     0.0   106.4   54.0   70.0     0 5/6/3/3/2/2           2     0   0.0    0.0  246.6    0.0  850.0 L 0.00 -
1200    0    0     6 0/13/0/0/0                850.0   660.0     0.0   106.4   54.0   70.0     0 5/6/3/3/2/2           2     0   0.0    0.0  246.6    0.0  850.0 L 0.00 -
1210    0    0     6 0/13/0/0/0                850.0   660.0     0.0   106.4   54.0   70.0     0 5/6/3/3/2/2           2     0   0.0    0.0  246.6    0.0  850.0 L 0.00 -
1220    0    0     6 0/13/0/0/0                850.0   660.0     0.0   106.4   54.0   70.0     0 5/6/3/3/2/2           2     0   0.0    0.0  246.6    0.0  850.0 L 0.00 -
1230    0    0     6 0/13/0/0/0                850.0   660.0     0.0   106.4   54.0   70.0     0 5/6/3/3/2/2           2     0   0.0    0.0  246.6    0.0  850.0 L 0.00 -
1240    0    0     6 0/13/0/0/0                850.0   660.0     0.0   106.4   54.0   70.0     0 5/6/3/3/2/2           2     0   0.0    0.0  246.6    0.0  850.0 L 0.00 -
1250    0    0     6 0/13/0/0/0                850.0   660.0     0.0   106.4   54.0   70.0     0 5/6/3/3/2/2           2     0   0.0    0.0  246.6    0.0  850.0 L 0.00 -
1260    0    0     6 0/13/0/0/0                850.0   660.0     0.0   106.4   54.0   70.0     0 5/6/3/3/2/2           2     0   0.0    0.0  246.6    0.0  850.0 L 0.00 -
1270    0    0     6 0/13/0/0/0                850.0   660.0     0.0   106.4   54.0   70.0     0 5/6/3/3/2/2           2     0   0.0    0.0  246.6    0.0  850.0 L 0.00 -
1280    0    0     6 0/13/0/0/0                850.0   660.0     0.0   106.4   54.0   70.0     0 5/6/3/3/2/2           2     0   0.0    0.0  246.6    0.0  850.0 L 0.00 -
1290    0    0     6 0/13/0/0/0                850.0   660.0     0.0   106.4   54.0   70.0     0 5/6/3/3/2/2           2     0   0.0    0.0  246.6    0.0  850.0 L 0.00 -
1300    0    0     6 0/13/0/0/0                850.0   660.0     0.0   106.4   54.0   70.0     0 5/6/3/3/2/2           2     0   0.0    0.0  246.6    0.0  850.0 L 0.00 -
1310    0    0     6 0/13/0/0/0                850.0   660.0     0.0   106.4   54.0   70.0     0 5/6/3/3/2/2           2     0   0.0    0.0  246.6    0.0  850.0 L 0.00 -
1320    0    0     6 0/13/0/0/0                850.0   660.0     0.0   106.4   54.0   70.0     0 5/6/3/3/2/2           2     0   0.0    0.0  246.6    0.0  850.0 L 0.00 -
1330    0    0     6 0/13/0/0/0                850.0   660.0     0.0   106.4   54.0   70.0     0 5/6/3/3/2/2           2     0   0.0    0.0  246.6    0.0  850.0 L 0.00 -
1340    0    0     6 0/13/0/0/0                850.0   660.0     0.0   106.4   54.0   70.0     0 5/6/3/3/2/2           2     0   0.0    0.0  246.6    0.0  850.0 L 0.00 -
1350    0    0     6 0/13/0/0/0                850.0   660.0     0.0   106.4   54.0   70.0     0 5/6/3/3/2/2           2     0   0.0    0.0  246.6    0.0  850.0 L 0.00 -
1360    0    0     6 0/13/0/0/0                850.0   660.0     0.0   106.4   54.0   70.0     0 5/6/3/3/2/2           2     0   0.0    0.0  246.6    0.0  850.0 L 0.00 -
1370    0    0     6 0/13/0/0/0                850.0   660.0     0.0   106.4   54.0   70.0     0 5/6/3/3/2/2           2     0   0.0    0.0  246.6    0.0  850.0 L 0.00 -
1380    0    0     6 0/13/0/0/0                850.0   660.0     0.0   106.4   54.0   70.0     0 5/6/3/3/2/2           2     0   0.0    0.0  246.6    0.0  850.0 L 0.00 -
1390    0    0     6 0/13/0/0/0                850.0   660.0     0.0   106.4   54.0   70.0     0 5/6/3/3/2/2           2     0   0.0    0.0  246.6    0.0  850.0 L 0.00 -
1400    0    0     6 0/13/0/0/0                850.0   660.0     0.0   106.4   54.0   70.0     0 5/6/3/3/2/2           2     0   0.0    0.0  246.6    0.0  850.0 L 0.00 -
1410    0    0     6 0/13/0/0/0                850.0   660.0     0.0   106.4   54.0   70.0     0 5/6/3/3/2/2           2     0   0.0    0.0  246.6    0.0  850.0 L 0.00 -
1420    0    0     6 0/13/0/0/0                850.0   660.0     0.0   106.4   54.0   70.0     0 5/6/3/3/2/2           2     0   0.0    0.0  246.6    0.0  850.0 L 0.00 -
1430    0    0     6 0/13/0/0/0                850.0   660.0     0.0   106.4   54.0   70.0     0 5/6/3/3/2/2           2     0   0.0    0.0  246.6    0.0  850.0 L 0.00 -
1440    0    0     6 0/13/0/0/0                850.0   660.0     0.0   106.4   54.0   70.0     0 5/6/3/3/2/2           2     0   0.0    0.0  246.6    0.0  850.0 L 0.00 -
1450    0    0     6 0/13/0/0/0                850.0   660.0     0.0   106.4   54.0   70.0     0 5/6/3/3/2/2           2     0   0.0    0.0  246.6    0.0  850.0 L 0.00 -
1460    0    0     6 0/13/0/0/0                850.0   660.0     0.0   106.4   54.0   70.0     0 5/6/3/3/2/2           2     0   0.0    0.0  246.6    0.0  850.0 L 0.00 -
1470    0    0     6 0/13/0/0/0                850.0   660.0     0.0   106.4   54.0   70.0     0 5/6/3/3/2/2           2     0   0.0    0.0  246.6    0.0  850.0 L 0.00 -
1480    0    0     6 0/13/0/0/0                850.0   660.0     0.0   106.4   54.0   70.0     0 5/6/3/3/2/2           2     0   0.0    0.0  246.6    0.0  850.0 L 0.00 -
1490    0    0     6 0/13/0/0/0                850.0   660.0     0.0   106.4   54.0   70.0     0 5/6/3/3/2/2           2     0   0.0    0.0  246.6    0.0  850.0 L 0.00 -
1500    0    0     6 0/13/0/0/0                850.0   660.0     0.0   106.4   54.0   70.0     0 5/6/3/3/2/2           2     0   0.0    0.0  246.6    0.0  850.0 L 0.00 -

targets for seed 7 (1500 sols):
  T1 FAIL run min pop 0 (needs >= 5), final pop 0
  T2 PASS deaths 13 (air 0 thirst 13 hunger 0 eva 0 other 0), unexplained 0
  T3 PASS births 6, first_birth_sol 284, at_capacity 0, cooldown_violations 0, pop@30=7, pop@100=7, pop@300=13
  T4 PASS min O2 260.5, food 203.1; ice ran dry (pressure): min ice 0.0, ice>30 0.0, thirst deaths 13; max ice/target 0.96, regolith/target 0.99
  T5 FAIL demand>supply 0.23% of steps (<=10), max shorts/sol 1 (<=2), max offline 74.2 h (<=24.7), first new reactor sol 7 (<=15)
  T6 PASS limited 33328.8 h = 90.10% (>=2% provisional; 4 of 5 seeds), site busy 91.7%; waiting_regolith 35.0 h, site_no_crew 33293.8 h
  T7 PASS turn_backs_air 0, exhausted 85, reachable>=2 at 100.0% of 1500 sol samples (>=95), trips 300
  T8 FAIL row avg energy 0.0..62.9 (40..90), row asleep 0.0..12.3% (5..30), max sleep 8.8 h (<=18)
  T9 N/A  checked by repeating the run and by tests/test_determinism.gd (compare the table sha256)
  T10 FAIL first settlement sol <null> (40..150), age_changes 0 (<=4), min gap between consecutive history entries - (>=20), history 1 entries (changes+1 = 1); report: sols_in_age landing 1500 settlement 0 council 0, age at end landing, changes [], fall back causes [none], not-ok sols 60 (by group, a sol can fail several: ice 12, food 1, oxygen 1, power 4, death 7, unrest 44)
  T11 FAIL (1) list lengths 1501/1501/1501/1501 ok; (2) lonely mean of last 50 readings 0.000 (max 0.35) ok; (3) friends_mean 0.00 (1.0..15.0) BAD; (4) first_friendship_sol 190 ok; (5) lines_dropped (total) 0 ok; report: web 0.00 second 0.00 lonely 0.00 friends_mean 0.00 friends share of colony 0.000 (pop 0)
  T12 PASS (1) list lengths 1501/1501/1501 ok; (2) C2 ok; (3) council changes 0 (<=4) ok; (4) proposals 0 ok; (5) one Council line per boundary ok; report: first Council sol <null>, meetings 0, proposals [], pledge sol <null> reason -, lines {}, dropped 0; council_min_seeds 3 pledge_min_seeds 1
RESULT FAIL (target 9 determinism: table sha256 d6f54c4c64723aa9)
# player attentive cadence=1.0
PLAYER checks=353 uses guide=17 fortune=2 per100 guide=1.1 fortune=0.1 guide_in_trouble=17
PLAYER first_low_sol=302 samples=36 mean_ice_over_target=0.588 low_share=0.139
PLAYER guide_trips=5 ice_trips_total=115 ice_trips_in_guided_window=6 guide_share_of_window=0.833 guide_hauled=22.6
PLAYER air_deaths=0 turn_backs_air=0 first_thirst_sol=340
