Godot Engine v4.5.stable.official.876b29033 - https://godotengine.org

# station zero balance run: seed=99 sols=1500 overrides=[] fixed_step=0.05 data_hash=fcb5ff2f0fbf63a1 player=attentive cadence=1.0
# deaths and births are cumulative; shorts, trips, energy, asleep, wait, min_* are for the 30-sol window
 sol  pop  min birth dead a/t/h/o/x           oxygen    food     ice   regol   dmnd   supp short bldg R/H/W/G/A/C  reach trips  avgE asleep%  waitH minIce  minO2 age web cn
  10    7    7     0 0/0/0/0/0                 379.9   296.2    63.2    91.0   13.0   14.0     0 1/1/1/1/0/0           2    13  53.7   10.2  202.9   59.4  262.5 L 1.00 -
  20    7    7     0 0/0/0/0/0                 550.0   420.0    68.8    79.9   13.0   28.0     0 2/1/1/1/0/0           2     6  55.5   11.1  159.3   58.9  380.0 L 1.00 -
  30    7    7     0 0/0/0/0/0                 550.0   420.0    87.2   113.3   14.0   28.0     0 2/2/1/1/0/0           2    13  53.6   11.1  133.3   62.4  549.0 L 1.00 -
  40    7    7     0 0/0/0/0/0                 549.3   420.0    85.6   109.3   17.0   28.0     0 2/2/1/1/0/1           2    10  57.7   11.9   36.8   84.4  548.4 L 1.00 -
  50    7    7     0 0/0/0/0/0                 550.0   420.0    89.0   116.7   19.0   28.0     0 2/2/1/1/0/1           2    11  60.3   11.7   86.3   80.6  549.0 L 0.86 -
  60    7    7     0 0/0/0/0/0                 700.0   540.0    75.7   104.6   23.0   28.0     0 2/2/1/2/0/1           2     7  56.9   11.4   99.2   75.7  549.0 L 0.86 -
  70    7    7     0 0/0/0/0/0                 700.0   540.0    86.3    65.4   25.0   28.0     0 2/2/1/2/1/1           2     7  57.0   11.4  131.6   75.0  699.0 L 0.71 -
  80    7    7     0 0/0/0/0/0                 700.0   540.0    86.0    30.3   28.0   28.0     0 2/3/1/2/1/1           2     9  55.6   11.0  198.9   81.5  699.0 L 0.71 -
  90    7    7     0 0/0/0/0/0                 700.0   540.0    83.6   124.3   26.0   42.0     0 3/3/1/2/1/1           2    16  59.0   11.9   60.6   78.5  698.5 L 0.71 -
 100    7    7     0 0/0/0/0/0                 700.0   540.0   106.1    23.8   32.0   42.0     0 3/3/2/2/1/1           2    13  56.8   12.3  125.5   83.3  699.0 L 0.71 -
 110    7    7     0 0/0/0/0/0                 700.0   540.0   110.1    73.2   32.0   42.0     0 3/3/2/2/2/1           2    10  59.1   11.1  154.2  103.7  699.0 L 0.71 -
 120    7    7     0 0/0/0/0/0                 700.0   540.0   103.4    78.7   34.0   42.0     0 3/3/2/2/2/1           2    13  59.1   11.9  106.6  103.4  699.0 L 0.71 -
 130    7    7     0 0/0/0/0/0                 700.0   540.0    96.5    32.0   37.0   42.0     0 3/3/2/2/2/2           2     7  57.0   10.8  218.3   96.5  698.1 L 0.71 -
 140    7    7     0 0/0/0/0/0                 700.0   540.0   105.5    89.4   38.0   42.0     0 3/4/2/2/2/2           2    11  56.3   12.0  179.2   94.5  699.0 L 0.71 -
 150    7    7     0 0/0/0/0/0                 700.0   540.0   111.2    82.3   40.0   42.0     0 3/4/2/2/2/2           2    15  57.7   11.2  113.3   99.7  698.5 L 0.71 -
 160    7    7     0 0/0/0/0/0                 700.0   540.0   114.8    54.4   40.0   56.0     0 4/4/2/2/2/2           2    14  59.7   12.3   67.7  110.1  698.2 L 0.71 -
 170    7    7     0 0/0/0/0/0                 700.0   540.0   115.5    13.5   43.0   56.0     0 4/5/2/2/2/2           2    11  56.6   11.3  152.6  108.5  699.0 L 0.71 -
 180    7    7     0 0/0/0/0/0                 700.0   540.0   109.5    81.9   43.0   56.0     0 4/5/2/2/2/2           2    12  57.4   11.5  245.3  105.1  699.0 L 0.71 -
 190    7    7     0 0/0/0/0/0                 700.0   540.0   105.0   124.5   43.0   56.0     0 4/5/2/2/2/2           2    10  56.4   11.5  216.9  102.9  699.0 L 0.71 -
 200    7    7     0 0/0/0/0/0                 700.0   540.0   112.7    74.8   46.0   56.0     0 4/6/2/2/2/2           2    10  58.5   11.3  128.3  104.4  699.0 L 0.71 -
 210    7    7     0 0/0/0/0/0                 700.0   540.0    95.5    17.0   49.0   56.0     0 4/7/2/2/2/2           2     7  61.2   11.8  100.0   95.5  699.0 L 0.57 -
 220    7    7     0 0/0/0/0/0                 700.0   540.0    95.9    64.1   50.0   56.0     0 4/8/2/2/2/2           2    15  53.6   11.5  156.3   93.0  698.4 L 0.57 -
 230    7    7     0 0/0/0/0/0                 700.0   540.0    93.8    29.6   52.0   56.0     0 4/8/2/2/2/2           2    11  58.6   12.1  107.4   86.3  699.0 L 0.57 -
 240    7    7     0 0/0/0/0/0                 700.0   540.0   106.0   107.3   53.0   56.0     0 4/9/2/2/2/2           2    19  56.6   11.7   80.0   92.4  699.0 L 0.57 -
 250    7    7     0 0/0/0/0/0                 700.0   540.0   111.0   205.0   53.0   56.0     0 4/9/2/2/2/2           2    14  60.0   11.4    0.0   93.8  699.0 L 0.71 -
 260    7    7     0 0/0/0/0/0                 700.0   540.0   113.1   158.3   55.0   56.0     0 4/9/2/2/2/2           2    11  58.2   11.1   93.0  106.7  699.0 L 0.71 -
 270    7    7     0 0/0/0/0/0                 700.0   540.0   115.0    99.4   55.0   70.0     0 5/9/2/2/2/2           2    10  59.4   12.3  119.2  108.5  699.0 L 0.57 -
 280    7    7     0 0/0/0/0/0                 850.0   660.0   112.6    69.7   60.0   70.0     0 5/10/2/3/2/2          2    15  60.1   12.1   58.1  112.6  699.0 L 0.57 -
 290    7    7     0 0/0/0/0/0                 850.0   660.0   117.7   174.7   60.0   70.0     0 5/10/2/3/2/2          2    17  59.4   12.2    0.0  108.9  849.0 L 0.71 -
 300   11    7     4 0/0/0/0/0                 850.0   660.0   110.2   249.8   60.0   70.0     0 5/10/2/3/2/2          2    16  59.8   10.6    0.0  110.2  848.2 L 0.91 -
 310   12   11     5 0/0/0/0/0                 850.0   660.0   107.9   324.2   60.0   70.0     0 5/10/2/3/2/2          2    12  64.6   11.7    0.0  103.4  849.0 S 1.00 -
 320   12   12     5 0/0/0/0/0                 850.0   660.0    96.2   239.6   62.0   70.0     0 5/10/2/3/2/2          2    12  65.2   10.8   11.2   93.5  849.0 S 1.00 -
 330   12   12     5 0/0/0/0/0                 850.0   660.0    78.7   263.9   62.0   70.0     0 5/10/2/3/2/2          2     3  63.1   10.9  231.0   76.6  849.0 S 0.83 -
 340   12   12     5 0/0/0/0/0                 850.0   660.0    75.0   172.1   64.0   70.0     0 5/10/2/3/3/2          2    11  60.9   10.9   98.7   62.5  849.0 S 0.67 -
 350   12   12     5 0/0/0/0/0                 850.0   660.0    81.7    87.1   68.0   70.0     0 5/10/3/3/3/2          2    11  62.3   11.7  209.9   73.4  849.0 S 0.67 -
 360   12   12     5 0/0/0/0/0                 850.0   660.0    61.4   126.0   66.0   84.0     0 6/10/3/3/3/2          2     8  63.1   10.8   91.6   61.4  849.0 S 0.67 -
 370   12   12     5 0/0/0/0/0                 850.0   660.0    52.7    36.2   68.0   84.0     0 6/10/3/3/3/2          2    11  63.4   11.2  144.1   52.7  849.0 S 0.67 -
 380   13   12     6 0/0/0/0/0                 850.0   660.0    27.4   125.1   69.0   84.0     0 6/10/3/3/3/3          2    15  63.0   11.3   63.6   27.4  849.0 S 0.77 -
 390   13   13     6 0/0/0/0/0                 850.0   660.0    37.8     8.0   71.0   84.0     0 6/10/3/3/3/3          2    12  61.9   10.8   96.2   23.1  849.0 S 0.77 -
 400   13   13     6 0/0/0/0/0                 850.0   660.0    62.7    51.9   72.0   84.0     0 6/11/3/3/3/3          2    16  61.6   11.5   61.4   36.1  848.5 S 0.54 -
 410   13   13     6 0/0/0/0/0                 850.0   660.0    62.1   126.9   72.0   84.0     0 6/11/3/3/3/3          2    16  62.4   11.3   20.0   49.7  849.0 S 0.54 -
 420   13   13     6 0/0/0/0/0                 850.0   660.0    49.9    25.6   74.0   84.0     0 6/11/3/3/3/3          2    11  59.9   11.2  141.0   49.9  849.0 S 0.54 -
 430   13   13     6 0/0/0/0/0                 850.0   660.0    53.3    48.8   75.0   84.0     0 6/12/3/3/3/3          2     9  62.4   10.8  125.4   44.4  849.0 S 0.54 -
 440   13   13     6 0/0/0/0/0                 850.0   660.0    49.3   103.2   75.0   84.0     0 6/12/3/3/3/3          2    11  61.8   10.9    0.0   47.0  849.0 S 0.54 -
 450   13   13     6 0/0/0/0/0                 850.0   660.0    63.1   141.7   75.0   84.0     0 6/12/3/3/3/3          2    15  63.4   11.1   65.0   45.2  849.0 S 0.54 -
 460   13   13     6 0/0/0/0/0                 850.0   660.0    47.8    61.8   78.0   84.0     0 6/13/3/3/3/3          2    12  61.1   11.4  163.3   47.8  848.7 S 0.54 -
 470   13   13     6 0/0/0/0/0                 850.0   660.0    59.7   105.0   78.0   84.0     0 6/13/3/3/3/3          2    15  62.3   11.0    5.0   44.0  849.0 S 0.54 -
 480   13   13     6 0/0/0/0/0                 850.0   660.0    70.7     0.5   80.0   84.0     0 6/13/3/3/3/3          2    12  62.5   11.0  106.7   57.8  849.0 S 0.54 -
 490   13   13     6 0/0/0/0/0                 850.0   660.0    63.1    25.2   81.0   84.0     0 6/14/3/3/3/3          2    11  62.0   11.3  201.9   58.4  849.0 S 0.54 -
 500   13   13     6 0/0/0/0/0                 850.0   660.0    68.1    81.3   81.0   84.0     0 6/14/3/3/3/3          2    14  60.8   11.5   70.0   61.2  849.0 S 0.62 -
 510   13   13     6 0/0/0/0/0                 850.0   660.0    55.5   119.0   81.0   84.0     0 6/14/3/3/3/3          2    12  61.9   10.8   45.0   47.1  849.0 S 0.62 -
 520   13   13     6 0/0/0/0/0                 850.0   660.0    64.8   163.2   81.0   84.0     0 6/14/3/3/3/3          2    13  61.8   11.1    5.0   44.7  849.0 S 0.62 -
 530   13   13     6 0/0/0/0/0                 850.0   660.0    74.2    34.5   83.0   84.0     0 6/14/3/3/3/3          2    11  62.5   11.1  140.5   60.3  849.0 S 0.62 -
 540   13   13     6 0/0/0/0/0                 850.0   660.0    80.7    51.6   81.0   98.0     0 7/14/3/3/3/3          2    10  62.3   10.9   68.1   67.5  849.0 S 0.77 -
 550   13   13     6 0/0/0/0/0                 850.0   660.0    75.0    11.9   83.0   98.0     0 7/14/3/3/3/3          2    19  60.9   11.5   37.9   69.6  849.0 S 0.77 -
 560   13   13     6 0/0/0/0/0                 850.0   660.0    45.0    49.4   83.0   98.0     0 7/14/3/3/3/3          2     6  61.9   10.6  213.0   45.0  849.0 S 0.54 -
 570   16   13     9 0/0/0/0/0                1000.0   780.0    41.5    66.8   85.0   98.0     0 7/14/3/4/3/3          2    11  60.7   10.9   85.9   30.0  849.0 S 0.50 -
 580   18   16    11 0/0/0/0/0                1000.0   780.0    32.6   110.6   85.0   98.0     0 7/14/3/4/3/3          2    13  62.9   10.9   30.0   32.6  999.0 S 0.83 -
 590   18   18    11 0/0/0/0/0                1000.0   780.0    41.0   125.2   85.0   98.0     0 7/14/3/4/3/3          2    11  61.6   10.9   35.0   20.9  999.0 S 0.94 -
 600   18   18    11 0/0/0/0/0                1000.0   780.0    23.9   170.3   85.0   98.0     0 7/14/3/4/3/3          2    12  63.9   10.9   20.0   20.4  999.0 S 0.94 -
 610   18   18    11 0/0/0/0/0                1000.0   780.0    25.0   179.8   85.0   98.0     0 7/14/3/4/3/3          2    11  62.8   10.7    0.0   21.3  999.0 S 0.94 -
 620   18   18    11 0/0/0/0/0                1000.0   780.0    36.3    23.6   87.0   98.0     0 7/14/3/4/3/3          2    13  62.0   11.1   77.0   23.2  999.0 S 0.89 -
 630   18   18    11 0/0/0/0/0                1000.0   780.0    40.5    43.6   87.0   98.0     0 7/14/3/4/4/3          2    12  62.7   10.8   69.4   15.1  999.0 S 0.89 -
 640   18   18    11 0/0/0/0/0                1000.0   780.0    34.0    88.8   87.0   98.0     0 7/14/3/4/4/3          2    15  60.9   10.8   25.0   22.5  999.0 S 0.83 -
 650   18   18    11 0/0/0/0/0                1000.0   780.0    43.8    96.9   87.0   98.0     0 7/14/3/4/4/3          2     9  60.8   11.0   50.0   31.6  999.0 S 0.83 -
 660   18   18    11 0/0/0/0/0                1000.0   780.0    16.4   130.9   87.0   98.0     0 7/14/3/4/4/3          2    14  60.8   10.4   20.0   16.4  998.2 S 0.83 -
 670   19   18    12 0/0/0/0/0                1000.0   780.0    21.9   130.9   87.0   98.0     0 7/14/3/4/4/3          2     9  60.0   10.9    0.0   15.0  999.0 S 0.68 -
 680   19   19    12 0/0/0/0/0                1000.0   780.0    19.6   138.2   87.0   98.0     0 7/14/3/4/4/3          2     8  58.7    9.8   15.0   13.6  998.7 S 0.68 -
 690   19   19    12 0/0/0/0/0                1000.0   780.0    36.9   138.2   87.0   98.0     0 7/14/3/4/4/3          2    15  58.8   10.6    5.0   13.3  998.5 S 0.63 -
 700   19   19    12 0/0/0/0/0                1000.0   780.0    31.2   161.8   87.0   98.0     0 7/14/3/4/4/3          2    10  60.1   10.5    0.0   19.9  999.0 S 0.68 -
 710   19   19    12 0/0/0/0/0                1000.0   780.0    20.5    13.9   89.0   98.0     0 7/14/3/4/4/3          2    10  60.3   10.8  164.7   12.9  999.0 S 0.63 -
 720   18   18    12 0/1/0/0/0                1000.0   780.0     0.0    13.9   89.0   98.0     0 7/14/3/4/4/3          2     6  58.5   10.7  226.3    0.0  999.0 S 0.39 -
 730    0    0    12 0/19/0/0/0               1000.0   780.0     0.0    13.9   89.0   98.0     0 7/14/3/4/5/3          2     0  62.4   10.1  144.6    0.0  999.0 S 0.00 -
 740    0    0    12 0/19/0/0/0               1000.0   780.0     0.0    13.9   89.0   98.0     0 7/14/3/4/5/3          2     0   0.0    0.0    0.0    0.0 1000.0 S 0.00 -
 750    0    0    12 0/19/0/0/0               1000.0   780.0     0.0    13.9   89.0   98.0     0 7/14/3/4/5/3          2     0   0.0    0.0    0.0    0.0 1000.0 S 0.00 -
 760    0    0    12 0/19/0/0/0               1000.0   780.0     0.0    13.9   89.0   98.0     0 7/14/3/4/5/3          2     0   0.0    0.0    0.0    0.0 1000.0 S 0.00 -
 770    0    0    12 0/19/0/0/0               1000.0   780.0     0.0    13.9   89.0   98.0     0 7/14/3/4/5/3          2     0   0.0    0.0    0.0    0.0 1000.0 S 0.00 -
 780    0    0    12 0/19/0/0/0               1000.0   780.0     0.0    13.9   89.0   98.0     0 7/14/3/4/5/3          2     0   0.0    0.0    0.0    0.0 1000.0 S 0.00 -
 790    0    0    12 0/19/0/0/0               1000.0   780.0     0.0    13.9   89.0   98.0     0 7/14/3/4/5/3          2     0   0.0    0.0    0.0    0.0 1000.0 S 0.00 -
 800    0    0    12 0/19/0/0/0               1000.0   780.0     0.0    13.9   89.0   98.0     0 7/14/3/4/5/3          2     0   0.0    0.0    0.0    0.0 1000.0 S 0.00 -
 810    0    0    12 0/19/0/0/0               1000.0   780.0     0.0    13.9   89.0   98.0     0 7/14/3/4/5/3          2     0   0.0    0.0    0.0    0.0 1000.0 S 0.00 -
 820    0    0    12 0/19/0/0/0               1000.0   780.0     0.0    13.9   89.0   98.0     0 7/14/3/4/5/3          2     0   0.0    0.0    0.0    0.0 1000.0 S 0.00 -
 830    0    0    12 0/19/0/0/0               1000.0   780.0     0.0    13.9   89.0   98.0     0 7/14/3/4/5/3          2     0   0.0    0.0    0.0    0.0 1000.0 S 0.00 -
 840    0    0    12 0/19/0/0/0               1000.0   780.0     0.0    13.9   89.0   98.0     0 7/14/3/4/5/3          2     0   0.0    0.0    0.0    0.0 1000.0 S 0.00 -
 850    0    0    12 0/19/0/0/0               1000.0   780.0     0.0    13.9   89.0   98.0     0 7/14/3/4/5/3          2     0   0.0    0.0    0.0    0.0 1000.0 S 0.00 -
 860    0    0    12 0/19/0/0/0               1000.0   780.0     0.0    13.9   89.0   98.0     0 7/14/3/4/5/3          2     0   0.0    0.0    0.0    0.0 1000.0 S 0.00 -
 870    0    0    12 0/19/0/0/0               1000.0   780.0     0.0    13.9   89.0   98.0     0 7/14/3/4/5/3          2     0   0.0    0.0    0.0    0.0 1000.0 S 0.00 -
 880    0    0    12 0/19/0/0/0               1000.0   780.0     0.0    13.9   89.0   98.0     0 7/14/3/4/5/3          2     0   0.0    0.0    0.0    0.0 1000.0 S 0.00 -
 890    0    0    12 0/19/0/0/0               1000.0   780.0     0.0    13.9   89.0   98.0     0 7/14/3/4/5/3          2     0   0.0    0.0    0.0    0.0 1000.0 S 0.00 -
 900    0    0    12 0/19/0/0/0               1000.0   780.0     0.0    13.9   89.0   98.0     0 7/14/3/4/5/3          2     0   0.0    0.0    0.0    0.0 1000.0 S 0.00 -
 910    0    0    12 0/19/0/0/0               1000.0   780.0     0.0    13.9   89.0   98.0     0 7/14/3/4/5/3          2     0   0.0    0.0    0.0    0.0 1000.0 S 0.00 -
 920    0    0    12 0/19/0/0/0               1000.0   780.0     0.0    13.9   89.0   98.0     0 7/14/3/4/5/3          2     0   0.0    0.0    0.0    0.0 1000.0 S 0.00 -
 930    0    0    12 0/19/0/0/0               1000.0   780.0     0.0    13.9   89.0   98.0     0 7/14/3/4/5/3          2     0   0.0    0.0    0.0    0.0 1000.0 S 0.00 -
 940    0    0    12 0/19/0/0/0               1000.0   780.0     0.0    13.9   89.0   98.0     0 7/14/3/4/5/3          2     0   0.0    0.0    0.0    0.0 1000.0 S 0.00 -
 950    0    0    12 0/19/0/0/0               1000.0   780.0     0.0    13.9   89.0   98.0     0 7/14/3/4/5/3          2     0   0.0    0.0    0.0    0.0 1000.0 S 0.00 -
 960    0    0    12 0/19/0/0/0               1000.0   780.0     0.0    13.9   89.0   98.0     0 7/14/3/4/5/3          2     0   0.0    0.0    0.0    0.0 1000.0 S 0.00 -
 970    0    0    12 0/19/0/0/0               1000.0   780.0     0.0    13.9   89.0   98.0     0 7/14/3/4/5/3          2     0   0.0    0.0    0.0    0.0 1000.0 S 0.00 -
 980    0    0    12 0/19/0/0/0               1000.0   780.0     0.0    13.9   89.0   98.0     0 7/14/3/4/5/3          2     0   0.0    0.0    0.0    0.0 1000.0 S 0.00 -
 990    0    0    12 0/19/0/0/0               1000.0   780.0     0.0    13.9   89.0   98.0     0 7/14/3/4/5/3          2     0   0.0    0.0    0.0    0.0 1000.0 S 0.00 -
1000    0    0    12 0/19/0/0/0               1000.0   780.0     0.0    13.9   89.0   98.0     0 7/14/3/4/5/3          2     0   0.0    0.0    0.0    0.0 1000.0 S 0.00 -
1010    0    0    12 0/19/0/0/0               1000.0   780.0     0.0    13.9   89.0   98.0     0 7/14/3/4/5/3          2     0   0.0    0.0    0.0    0.0 1000.0 S 0.00 -
1020    0    0    12 0/19/0/0/0               1000.0   780.0     0.0    13.9   89.0   98.0     0 7/14/3/4/5/3          2     0   0.0    0.0    0.0    0.0 1000.0 S 0.00 -
1030    0    0    12 0/19/0/0/0               1000.0   780.0     0.0    13.9   89.0   98.0     0 7/14/3/4/5/3          2     0   0.0    0.0    0.0    0.0 1000.0 S 0.00 -
1040    0    0    12 0/19/0/0/0               1000.0   780.0     0.0    13.9   89.0   98.0     0 7/14/3/4/5/3          2     0   0.0    0.0    0.0    0.0 1000.0 S 0.00 -
1050    0    0    12 0/19/0/0/0               1000.0   780.0     0.0    13.9   89.0   98.0     0 7/14/3/4/5/3          2     0   0.0    0.0    0.0    0.0 1000.0 S 0.00 -
1060    0    0    12 0/19/0/0/0               1000.0   780.0     0.0    13.9   89.0   98.0     0 7/14/3/4/5/3          2     0   0.0    0.0    0.0    0.0 1000.0 S 0.00 -
1070    0    0    12 0/19/0/0/0               1000.0   780.0     0.0    13.9   89.0   98.0     0 7/14/3/4/5/3          2     0   0.0    0.0    0.0    0.0 1000.0 S 0.00 -
1080    0    0    12 0/19/0/0/0               1000.0   780.0     0.0    13.9   89.0   98.0     0 7/14/3/4/5/3          2     0   0.0    0.0    0.0    0.0 1000.0 S 0.00 -
1090    0    0    12 0/19/0/0/0               1000.0   780.0     0.0    13.9   89.0   98.0     0 7/14/3/4/5/3          2     0   0.0    0.0    0.0    0.0 1000.0 S 0.00 -
1100    0    0    12 0/19/0/0/0               1000.0   780.0     0.0    13.9   89.0   98.0     0 7/14/3/4/5/3          2     0   0.0    0.0    0.0    0.0 1000.0 S 0.00 -
1110    0    0    12 0/19/0/0/0               1000.0   780.0     0.0    13.9   89.0   98.0     0 7/14/3/4/5/3          2     0   0.0    0.0    0.0    0.0 1000.0 S 0.00 -
1120    0    0    12 0/19/0/0/0               1000.0   780.0     0.0    13.9   89.0   98.0     0 7/14/3/4/5/3          2     0   0.0    0.0    0.0    0.0 1000.0 S 0.00 -
1130    0    0    12 0/19/0/0/0               1000.0   780.0     0.0    13.9   89.0   98.0     0 7/14/3/4/5/3          2     0   0.0    0.0    0.0    0.0 1000.0 S 0.00 -
1140    0    0    12 0/19/0/0/0               1000.0   780.0     0.0    13.9   89.0   98.0     0 7/14/3/4/5/3          2     0   0.0    0.0    0.0    0.0 1000.0 S 0.00 -
1150    0    0    12 0/19/0/0/0               1000.0   780.0     0.0    13.9   89.0   98.0     0 7/14/3/4/5/3          2     0   0.0    0.0    0.0    0.0 1000.0 S 0.00 -
1160    0    0    12 0/19/0/0/0               1000.0   780.0     0.0    13.9   89.0   98.0     0 7/14/3/4/5/3          2     0   0.0    0.0    0.0    0.0 1000.0 S 0.00 -
1170    0    0    12 0/19/0/0/0               1000.0   780.0     0.0    13.9   89.0   98.0     0 7/14/3/4/5/3          2     0   0.0    0.0    0.0    0.0 1000.0 S 0.00 -
1180    0    0    12 0/19/0/0/0               1000.0   780.0     0.0    13.9   89.0   98.0     0 7/14/3/4/5/3          2     0   0.0    0.0    0.0    0.0 1000.0 S 0.00 -
1190    0    0    12 0/19/0/0/0               1000.0   780.0     0.0    13.9   89.0   98.0     0 7/14/3/4/5/3          2     0   0.0    0.0    0.0    0.0 1000.0 S 0.00 -
1200    0    0    12 0/19/0/0/0               1000.0   780.0     0.0    13.9   89.0   98.0     0 7/14/3/4/5/3          2     0   0.0    0.0    0.0    0.0 1000.0 S 0.00 -
1210    0    0    12 0/19/0/0/0               1000.0   780.0     0.0    13.9   89.0   98.0     0 7/14/3/4/5/3          2     0   0.0    0.0    0.0    0.0 1000.0 S 0.00 -
1220    0    0    12 0/19/0/0/0               1000.0   780.0     0.0    13.9   89.0   98.0     0 7/14/3/4/5/3          2     0   0.0    0.0    0.0    0.0 1000.0 S 0.00 -
1230    0    0    12 0/19/0/0/0               1000.0   780.0     0.0    13.9   89.0   98.0     0 7/14/3/4/5/3          2     0   0.0    0.0    0.0    0.0 1000.0 S 0.00 -
1240    0    0    12 0/19/0/0/0               1000.0   780.0     0.0    13.9   89.0   98.0     0 7/14/3/4/5/3          2     0   0.0    0.0    0.0    0.0 1000.0 S 0.00 -
1250    0    0    12 0/19/0/0/0               1000.0   780.0     0.0    13.9   89.0   98.0     0 7/14/3/4/5/3          2     0   0.0    0.0    0.0    0.0 1000.0 S 0.00 -
1260    0    0    12 0/19/0/0/0               1000.0   780.0     0.0    13.9   89.0   98.0     0 7/14/3/4/5/3          2     0   0.0    0.0    0.0    0.0 1000.0 S 0.00 -
1270    0    0    12 0/19/0/0/0               1000.0   780.0     0.0    13.9   89.0   98.0     0 7/14/3/4/5/3          2     0   0.0    0.0    0.0    0.0 1000.0 S 0.00 -
1280    0    0    12 0/19/0/0/0               1000.0   780.0     0.0    13.9   89.0   98.0     0 7/14/3/4/5/3          2     0   0.0    0.0    0.0    0.0 1000.0 S 0.00 -
1290    0    0    12 0/19/0/0/0               1000.0   780.0     0.0    13.9   89.0   98.0     0 7/14/3/4/5/3          2     0   0.0    0.0    0.0    0.0 1000.0 S 0.00 -
1300    0    0    12 0/19/0/0/0               1000.0   780.0     0.0    13.9   89.0   98.0     0 7/14/3/4/5/3          2     0   0.0    0.0    0.0    0.0 1000.0 S 0.00 -
1310    0    0    12 0/19/0/0/0               1000.0   780.0     0.0    13.9   89.0   98.0     0 7/14/3/4/5/3          2     0   0.0    0.0    0.0    0.0 1000.0 S 0.00 -
1320    0    0    12 0/19/0/0/0               1000.0   780.0     0.0    13.9   89.0   98.0     0 7/14/3/4/5/3          2     0   0.0    0.0    0.0    0.0 1000.0 S 0.00 -
1330    0    0    12 0/19/0/0/0               1000.0   780.0     0.0    13.9   89.0   98.0     0 7/14/3/4/5/3          2     0   0.0    0.0    0.0    0.0 1000.0 S 0.00 -
1340    0    0    12 0/19/0/0/0               1000.0   780.0     0.0    13.9   89.0   98.0     0 7/14/3/4/5/3          2     0   0.0    0.0    0.0    0.0 1000.0 S 0.00 -
1350    0    0    12 0/19/0/0/0               1000.0   780.0     0.0    13.9   89.0   98.0     0 7/14/3/4/5/3          2     0   0.0    0.0    0.0    0.0 1000.0 S 0.00 -
1360    0    0    12 0/19/0/0/0               1000.0   780.0     0.0    13.9   89.0   98.0     0 7/14/3/4/5/3          2     0   0.0    0.0    0.0    0.0 1000.0 S 0.00 -
1370    0    0    12 0/19/0/0/0               1000.0   780.0     0.0    13.9   89.0   98.0     0 7/14/3/4/5/3          2     0   0.0    0.0    0.0    0.0 1000.0 S 0.00 -
1380    0    0    12 0/19/0/0/0               1000.0   780.0     0.0    13.9   89.0   98.0     0 7/14/3/4/5/3          2     0   0.0    0.0    0.0    0.0 1000.0 S 0.00 -
1390    0    0    12 0/19/0/0/0               1000.0   780.0     0.0    13.9   89.0   98.0     0 7/14/3/4/5/3          2     0   0.0    0.0    0.0    0.0 1000.0 S 0.00 -
1400    0    0    12 0/19/0/0/0               1000.0   780.0     0.0    13.9   89.0   98.0     0 7/14/3/4/5/3          2     0   0.0    0.0    0.0    0.0 1000.0 S 0.00 -
1410    0    0    12 0/19/0/0/0               1000.0   780.0     0.0    13.9   89.0   98.0     0 7/14/3/4/5/3          2     0   0.0    0.0    0.0    0.0 1000.0 S 0.00 -
1420    0    0    12 0/19/0/0/0               1000.0   780.0     0.0    13.9   89.0   98.0     0 7/14/3/4/5/3          2     0   0.0    0.0    0.0    0.0 1000.0 S 0.00 -
1430    0    0    12 0/19/0/0/0               1000.0   780.0     0.0    13.9   89.0   98.0     0 7/14/3/4/5/3          2     0   0.0    0.0    0.0    0.0 1000.0 S 0.00 -
1440    0    0    12 0/19/0/0/0               1000.0   780.0     0.0    13.9   89.0   98.0     0 7/14/3/4/5/3          2     0   0.0    0.0    0.0    0.0 1000.0 S 0.00 -
1450    0    0    12 0/19/0/0/0               1000.0   780.0     0.0    13.9   89.0   98.0     0 7/14/3/4/5/3          2     0   0.0    0.0    0.0    0.0 1000.0 S 0.00 -
1460    0    0    12 0/19/0/0/0               1000.0   780.0     0.0    13.9   89.0   98.0     0 7/14/3/4/5/3          2     0   0.0    0.0    0.0    0.0 1000.0 S 0.00 -
1470    0    0    12 0/19/0/0/0               1000.0   780.0     0.0    13.9   89.0   98.0     0 7/14/3/4/5/3          2     0   0.0    0.0    0.0    0.0 1000.0 S 0.00 -
1480    0    0    12 0/19/0/0/0               1000.0   780.0     0.0    13.9   89.0   98.0     0 7/14/3/4/5/3          2     0   0.0    0.0    0.0    0.0 1000.0 S 0.00 -
1490    0    0    12 0/19/0/0/0               1000.0   780.0     0.0    13.9   89.0   98.0     0 7/14/3/4/5/3          2     0   0.0    0.0    0.0    0.0 1000.0 S 0.00 -
1500    0    0    12 0/19/0/0/0               1000.0   780.0     0.0    13.9   89.0   98.0     0 7/14/3/4/5/3          2     0   0.0    0.0    0.0    0.0 1000.0 S 0.00 -

targets for seed 99 (1500 sols):
  T1 FAIL run min pop 0 (needs >= 5), final pop 0
  T2 PASS deaths 19 (air 0 thirst 19 hunger 0 eva 0 other 0), unexplained 0
  T3 PASS births 12, first_birth_sol 293, at_capacity 0, cooldown_violations 0, pop@30=7, pop@100=7, pop@300=11
  T4 PASS min O2 262.5, food 203.1; ice ran dry (pressure): min ice 0.0, ice>30 0.0, thirst deaths 19; max ice/target 1.03, regolith/target 0.81
  T5 PASS demand>supply 0.00% of steps (<=10), max shorts/sol 0 (<=2), max offline 0.0 h (<=24.7), first new reactor sol 12 (<=15)
  T6 PASS limited 6914.7 h = 18.69% (>=2% provisional; 4 of 5 seeds), site busy 19.9%; waiting_regolith 700.0 h, site_no_crew 6214.7 h
  T7 PASS turn_backs_air 0, exhausted 174, reachable>=2 at 100.0% of 1500 sol samples (>=95), trips 840
  T8 FAIL row avg energy 0.0..65.2 (40..90), row asleep 0.0..12.3% (5..30), max sleep 8.8 h (<=18)
  T9 N/A  checked by repeating the run and by tests/test_determinism.gd (compare the table sha256)
  T10 FAIL first settlement sol 306 (40..150), age_changes 1 (<=4), min gap between consecutive history entries 306 (>=20), history 2 entries (changes+1 = 2); report: sols_in_age landing 306 settlement 1194 council 0, age at end settlement, changes [sol 306 settled], fall back causes [none], not-ok sols 51 (by group, a sol can fail several: ice 14, food 1, oxygen 1, power 0, death 8, unrest 37)
  T11 FAIL (1) list lengths 1501/1501/1501/1501 ok; (2) lonely mean of last 50 readings 0.000 (max 0.35) ok; (3) friends_mean 0.00 (1.0..15.0) BAD; (4) first_friendship_sol 163 ok; (5) lines_dropped (total) 0 ok; report: web 0.00 second 0.00 lonely 0.00 friends_mean 0.00 friends share of colony 0.000 (pop 0)
  T12 PASS (1) list lengths 1501/1501/1501 ok; (2) C2 ok; (3) council changes 0 (<=4) ok; (4) proposals 0 ok; (5) one Council line per boundary ok; report: first Council sol <null>, meetings 0, proposals [], pledge sol <null> reason -, lines {"circles_few":2}, dropped 0; council_min_seeds 3 pledge_min_seeds 1
RESULT FAIL (target 9 determinism: table sha256 63d571e5ff433275)
# player attentive cadence=1.0
PLAYER checks=729 uses guide=83 fortune=0 per100 guide=5.5 fortune=0.0 guide_in_trouble=83
PLAYER first_low_sol=371 samples=73 mean_ice_over_target=0.582 low_share=0.315
PLAYER guide_trips=34 ice_trips_total=391 ice_trips_in_guided_window=68 guide_share_of_window=0.500 guide_hauled=173.2
PLAYER air_deaths=0 turn_backs_air=0 first_thirst_sol=719
