Godot Engine v4.5.stable.official.876b29033 - https://godotengine.org

# station zero balance run: seed=1234 sols=1500 overrides=[] fixed_step=0.05 data_hash=fcb5ff2f0fbf63a1 player=attentive cadence=2.0
# deaths and births are cumulative; shorts, trips, energy, asleep, wait, min_* are for the 30-sol window
 sol  pop  min birth dead a/t/h/o/x           oxygen    food     ice   regol   dmnd   supp short bldg R/H/W/G/A/C  reach trips  avgE asleep%  waitH minIce  minO2 age web cn
  10    7    7     0 0/0/0/0/0                 382.9   296.2    51.8    49.3   13.0   28.0     0 2/1/1/1/0/0           2     9  54.2   10.2  170.4   48.5  261.5 L 1.00 -
  20    7    7     0 0/0/0/0/0                 549.1   420.0    77.9    35.3   17.0   28.0     0 2/3/1/1/0/0           2    14  58.1   12.8  102.3   47.1  383.0 L 1.00 -
  30    7    7     0 0/0/0/0/0                 550.0   420.0    83.4     3.7   23.0   28.0     0 2/3/2/1/0/0           2    15  56.0   12.1   92.6   70.4  548.9 L 1.00 -
  40    7    7     0 0/0/0/0/0                 550.0   420.0    92.5    50.5   24.0   28.0     0 2/3/2/1/0/1           2    10  57.7   11.6  145.7   79.9  548.3 L 1.00 -
  50    7    7     0 0/0/0/0/0                 550.0   420.0    98.4    64.9   24.0   42.0     0 3/3/2/1/0/1           2    14  54.6   11.1   66.4   85.4  548.1 L 1.00 -
  60    7    7     0 0/0/0/0/0                 550.0   420.0    93.3    38.3   26.0   42.0     0 3/3/2/1/1/1           2     8  58.5   12.0   76.3   91.8  548.0 L 1.00 -
  70    7    7     0 0/0/0/0/0                 550.0   420.0   110.5    36.7   28.0   42.0     0 3/3/2/1/1/1           2    15  54.6   11.7  124.3   92.8  549.0 L 1.00 -
  80    7    7     0 0/0/0/0/0                 550.0   420.0   105.3    43.5   31.0   42.0     0 3/4/2/1/1/1           2    11  59.8   11.8   96.8  105.1  549.0 L 1.00 -
  90    7    7     0 0/0/0/0/0                 700.0   532.8   105.1     7.6   35.0   42.0     0 3/4/2/2/1/1           2     8  55.3   10.8  191.3   99.2  549.0 L 1.00 -
 100    7    7     0 0/0/0/0/0                 700.0   540.0   109.8    66.2   36.0   42.0     0 3/4/2/2/1/2           2    14  60.7   11.6  152.7   93.5  699.0 L 0.43 -
 110    7    7     0 0/0/0/0/0                 700.0   540.0    97.6    76.6   39.0   42.0     0 3/5/2/2/1/2           2    15  57.6   12.0   80.9   97.6  699.0 L 0.86 -
 120    7    7     0 0/0/0/0/0                 700.0   540.0    98.5    53.9   39.0   56.0     0 4/5/2/2/1/2           2    10  57.0   12.3  113.4   92.4  699.0 L 0.86 -
 130    7    7     0 0/0/0/0/0                 700.0   540.0   108.4    11.8   41.0   56.0     0 4/5/2/2/1/2           2    15  57.0   10.7  159.4   93.0  698.2 L 0.86 -
 140    7    7     0 0/0/0/0/0                 700.0   540.0   118.5    79.6   41.0   56.0     0 4/5/2/2/1/2           2    10  55.2   11.8  234.1  107.0  699.0 L 0.86 -
 150    7    7     0 0/0/0/0/0                 700.0   540.0   122.3   103.5   41.0   56.0     0 4/5/2/2/1/2           2     7  56.6   10.9  223.3  113.7  698.4 L 0.57 -
 160    7    7     0 0/0/0/0/0                 700.0   540.0   113.5    59.0   45.0   56.0     0 4/7/2/2/1/2           2    11  59.4   11.7  169.7  113.5  698.4 L 0.43 -
 170    7    7     0 0/0/0/0/0                 700.0   540.0   106.3    26.0   47.0   56.0     0 4/7/2/2/1/2           2    10  57.7   11.7  143.7  106.3  699.0 L 0.43 -
 180    7    7     0 0/0/0/0/0                 700.0   540.0   106.5    64.9   48.0   56.0     0 4/7/2/2/1/3           2    10  57.8   10.7  175.2  101.2  699.0 L 0.43 -
 190    7    7     0 0/0/0/0/0                 850.0   660.0    99.7    82.3   52.0   56.0     0 4/7/2/3/1/3           2    18  53.8   12.3   91.8   99.7  699.0 L 0.57 -
 200    7    7     0 0/0/0/0/0                 850.0   660.0   103.7    64.0   52.0   70.0     0 5/7/2/3/1/3           2    12  54.6   11.5  101.7   90.1  848.6 L 0.57 -
 210    7    7     0 0/0/0/0/0                 850.0   660.0   100.9    23.0   54.0   70.0     0 5/7/2/3/1/3           2    15  57.7   11.2   88.6   98.3  848.8 L 0.57 -
 220    7    7     0 0/0/0/0/0                 850.0   660.0    93.8    94.4   55.0   70.0     0 5/8/2/3/1/3           2     9  56.3   12.0  208.0   90.5  849.0 L 0.57 -
 230    7    7     0 0/0/0/0/0                 850.0   660.0   101.0    16.5   57.0   70.0     0 5/8/2/3/1/3           2    11  58.5   11.4  125.3   88.3  849.0 L 0.43 -
 240    7    7     0 0/0/0/0/0                 850.0   660.0   104.8    83.8   58.0   70.0     0 5/8/2/3/1/4           2    12  57.7   11.6   95.2   99.3  849.0 L 0.43 -
 250    7    7     0 0/0/0/0/0                 850.0   660.0    99.1    13.3   60.0   70.0     0 5/8/2/3/1/4           2     7  60.2   11.1  170.0   90.9  849.0 L 0.43 -
 260    7    7     0 0/0/0/0/0                1000.0   780.0    94.6    49.3   62.0   70.0     0 5/8/2/4/1/4           2    10  57.6   11.3  150.2   92.4  848.6 L 0.43 -
 270    7    7     0 0/0/0/0/0                1000.0   780.0   100.8    27.4   64.0   70.0     0 5/8/2/4/1/4           2    16  56.3   11.3  103.2   90.7  998.3 L 0.43 -
 280    9    7     2 0/0/0/0/0                1000.0   780.0    83.0    83.8   65.0   70.0     0 5/9/2/4/1/4           2     9  57.8   11.4  169.3   83.0  999.0 L 0.44 -
 290   10    9     3 0/0/0/0/0                1000.0   780.0    70.9    24.3   67.0   70.0     0 5/9/2/4/1/4           2    11  60.3   11.6  149.8   70.9  999.0 L 0.90 -
 300   13   10     6 0/0/0/0/0                1000.0   780.0    67.9    78.0   69.0   70.0     0 5/9/3/4/1/4           2    15  61.9   11.0   66.6   67.9  999.0 S 1.00 -
 310   13   13     6 0/0/0/0/0                1000.0   780.0    50.8    67.8   69.0   84.0     2 6/9/3/4/1/4           2    15  59.1   10.8   92.7   50.8  999.0 S 1.00 -
 320   13   13     6 0/0/0/0/0                1000.0   780.0    68.7   115.5   69.0   84.0     0 6/9/3/4/1/4           2    15  63.8   11.4   60.0   47.9  998.2 S 1.00 -
 330   13   13     6 0/0/0/0/0                1000.0   780.0    66.4    16.0   71.0   84.0     0 6/9/3/4/1/4           2    12  61.5   11.3  132.2   66.1  999.0 S 0.85 -
 340   13   13     6 0/0/0/0/0                1000.0   780.0    59.6    94.9   72.0   84.0     0 6/10/3/4/1/4          2    16  60.6   11.0  137.9   53.7  999.0 S 0.85 -
 350   13   13     6 0/0/0/0/0                1000.0   780.0    80.0     1.3   74.0   84.0     0 6/10/3/4/1/4          2    14  61.0   11.5   56.0   56.8  999.0 S 1.00 -
 360   13   13     6 0/0/0/0/0                1000.0   780.0    68.9    33.5   74.0   84.0     0 6/10/3/4/1/4          2    10  61.5   10.7  237.6   61.3  998.0 S 0.85 -
 370   13   13     6 0/0/0/0/0                1000.0   780.0    42.5    60.8   74.0   84.0     0 6/10/3/4/1/4          2     5  63.6   10.4  224.9   42.5  999.0 S 0.77 -
 380   13   13     6 0/0/0/0/0                1000.0   780.0    45.3    66.8   75.0   84.0     0 6/11/3/4/1/4          2     8  62.6   11.0  159.1   22.5  999.0 S 0.62 -
 390   13   13     6 0/0/0/0/0                1000.0   780.0    49.5   105.3   75.0   84.0     0 6/11/3/4/1/4          2    10  59.2   10.4   90.0   32.0  999.0 S 0.62 -
 400   13   13     6 0/0/0/0/0                1000.0   780.0    48.2   141.3   75.0   84.0     0 6/11/3/4/1/4          2    11  62.5   11.1   50.0   44.6  999.0 S 0.77 -
 410   13   13     6 0/0/0/0/0                1000.0   780.0    60.3    20.8   77.0   84.0     0 6/11/3/4/1/4          2    10  61.2   11.2   35.6   47.8  999.0 S 0.85 -
 420   13   13     6 0/0/0/0/0                1000.0   780.0    43.4    51.8   78.0   84.0     0 6/12/3/4/1/4          2     9  61.4   11.0  117.7   38.7  999.0 S 0.69 -
 430   13   13     6 0/0/0/0/0                1000.0   780.0    63.3   119.6   78.0   84.0     0 6/12/3/4/1/4          2    16  59.3   10.8   55.0   41.2  998.5 S 0.69 -
 440   13   13     6 0/0/0/0/0                1000.0   780.0    47.5    37.4   80.0   84.0     0 6/12/3/4/1/4          2    11  60.6   11.3   49.8   47.5  999.0 S 0.85 -
 450   13   13     6 0/0/0/0/0                1150.0   900.0    67.3    65.8   82.0   84.0     0 6/12/3/5/1/4          2    14  60.8   10.4   49.3   35.6  999.0 S 0.77 -
 460   13   13     6 0/0/0/0/0                1150.0   900.0    66.3   117.0   82.0   84.0     0 6/12/3/5/1/4          2    13  61.0   11.4   70.0   64.5 1149.0 S 0.77 -
 470   13   13     6 0/0/0/0/0                1150.0   900.0    62.2    20.6   84.0   84.0     0 6/12/3/5/1/4          2    11  61.0   11.1  150.4   62.2 1149.0 S 0.85 -
 480   13   13     6 0/0/0/0/0                1150.0   900.0    48.4    59.3   82.0   98.0     0 7/12/3/5/1/4          2     9  62.6   10.8  186.1   47.0 1149.0 S 0.69 -
 490   13   13     6 0/0/0/0/0                1150.0   900.0    57.5   135.8   82.0   98.0     0 7/12/3/5/1/4          2    17  60.4   10.8   80.0   47.3 1149.0 S 0.69 -
 500   13   13     6 0/0/0/0/0                1150.0   900.0    45.1    16.3   84.0   98.0     0 7/12/3/5/1/4          2    10  62.1   11.5  113.2   43.2 1149.0 S 0.77 -
 510   13   13     6 0/0/0/0/0                1150.0   900.0    54.6    66.5   85.0   98.0     0 7/13/3/5/1/4          2    16  60.6   10.7   55.0   33.5 1149.0 S 0.77 -
 520   13   13     6 0/0/0/0/0                1150.0   900.0    67.4   131.7   85.0   98.0     0 7/13/3/5/1/4          2    15  60.2   11.5   45.0   52.8 1148.6 S 0.77 -
 530   13   13     6 0/0/0/0/0                1150.0   900.0    62.2    18.9   87.0   98.0     0 7/13/3/5/1/4          2    13  60.7   10.7  154.7   54.4 1149.0 S 0.77 -
 540   13   13     6 0/0/0/0/0                1150.0   900.0    43.4    52.3   88.0   98.0     0 7/14/3/5/1/4          2     7  62.2   10.7  175.9   43.4 1149.0 S 0.77 -
 550   14   13     7 0/0/0/0/0                1150.0   900.0    47.1   100.6   88.0   98.0     0 7/14/3/5/1/4          2    13  60.0   11.3   30.0   39.9 1149.0 S 0.79 -
 560   15   14     8 0/0/0/0/0                1150.0   900.0    34.0   132.8   88.0   98.0     0 7/14/3/5/1/4          2    12  62.6   10.8   35.0   27.1 1149.0 S 0.80 -
 570   16   15     9 0/0/0/0/0                1150.0   900.0    31.9   160.6   88.0   98.0     0 7/14/3/5/1/4          2     9  63.0   10.8   15.0   29.9 1149.0 S 1.00 -
 580   17   16    10 0/0/0/0/0                1150.0   900.0    26.4    13.8   90.0   98.0     0 7/14/3/5/1/4          2     9  62.5   10.5  189.8   20.6 1149.0 S 0.94 -
 590   18   17    11 0/0/0/0/0                1300.0  1020.0    38.5    13.8   92.0   98.0     0 7/14/3/6/1/4          2    10  63.4   11.0   96.1   20.6 1149.0 S 0.89 -
 600   18   18    11 0/0/0/0/0                1300.0  1020.0    26.3    68.8   92.0   98.0     0 7/14/3/6/1/4          2    15  61.4   11.0   50.0   21.5 1298.0 S 0.89 -
 610   19   18    12 0/0/0/0/0                1300.0  1020.0    36.8    76.4   92.0   98.0     0 7/14/3/6/1/4          2    10  64.2   11.1    5.0   17.6 1299.0 S 0.79 -
 620   19   19    12 0/0/0/0/0                1300.0  1020.0    25.9   101.1   92.0   98.0     0 7/14/3/6/1/4          2    11  62.0   10.7   65.0   11.9 1298.4 S 0.79 -
 630   19   19    12 0/0/0/0/0                1300.0  1020.0    25.0   119.3   92.0   98.0     0 7/14/3/6/1/4          2    13  63.6   10.6   20.0   19.4 1299.0 S 0.79 -
 640   19   19    12 0/0/0/0/0                1300.0  1020.0    45.5   119.3   92.0   98.0     0 7/14/3/6/1/4          2    11  63.0   10.8   25.0   21.3 1299.0 S 0.74 -
 650   19   19    12 0/0/0/0/0                1300.0  1020.0    49.5   157.0   92.0   98.0     0 7/14/3/6/1/4          2    13  63.8   11.0   60.0   33.4 1299.0 S 0.79 -
 660   19   19    12 0/0/0/0/0                1300.0  1020.0    26.3    29.0   94.0   98.0     0 7/14/3/6/1/4          2     9  62.1   10.9  143.5   24.2 1299.0 S 0.79 -
 670   19   19    12 0/0/0/0/0                1300.0  1020.0    15.8    29.0   94.0   98.0     0 7/14/3/6/1/4          2     7  62.1   10.8  241.2   14.3 1299.0 S 0.79 -
 680   18   18    12 0/1/0/0/0                1300.0  1020.0     4.5    29.0   94.0   98.0     0 7/14/3/6/1/4          2     4  62.1   10.7  243.3    0.0 1299.0 S 0.83 -
 690    9    9    12 0/10/0/0/0               1300.0  1020.0     1.5    29.0   94.0   98.0     0 7/14/3/6/1/4          2     3  63.0   10.3  227.6    0.0 1299.0 S 0.78 -
 700    2    2    12 0/17/0/0/0               1450.0  1140.0     9.0    29.0   96.0   98.0     0 7/14/3/7/1/4          2     4  61.0   11.3  155.2    0.0 1299.0 L 1.00 -
 710    2    2    12 0/17/0/0/0               1450.0  1140.0    14.2    29.0   96.0   98.0     0 7/14/3/7/1/4          2     3  62.5   10.2    0.0    8.3 1449.0 L 1.00 -
 720    2    2    12 0/17/0/0/0               1450.0  1140.0    30.8    29.0   96.0   98.0     0 7/14/3/7/1/4          2     4  53.4   12.5    0.0   13.9 1449.0 L 1.00 -
 730    2    2    12 0/17/0/0/0               1450.0  1140.0    29.7    34.8   96.0   98.0     0 7/14/3/7/1/4          2     2  63.3   11.4    0.0   28.2 1449.0 L 1.00 -
 740    2    2    12 0/17/0/0/0               1450.0  1140.0    28.8    51.5   96.0   98.0     0 7/14/3/7/1/4          2     4  57.1   11.1    0.0   28.8 1449.0 L 1.00 -
 750    2    2    12 0/17/0/0/0               1450.0  1140.0    28.3    51.5   96.0   98.0     0 7/14/3/7/1/4          2     1  59.5   11.2    0.0   27.2 1449.0 L 1.00 -
 760    2    2    12 0/17/0/0/0               1450.0  1140.0    34.6    56.0   96.0   98.0     0 7/14/3/7/1/4          2     4  52.1    9.7    0.0   27.1 1449.0 L 1.00 -
 770    2    2    12 0/17/0/0/0               1450.0  1140.0    33.1    70.1   96.0   98.0     0 7/14/3/7/1/4          2     3  54.9   12.5    0.0   30.1 1449.0 L 1.00 -
 780    2    2    12 0/17/0/0/0               1450.0  1140.0    32.6    76.8   96.0   98.0     0 7/14/3/7/1/4          2     3  57.5   11.1    0.0   31.7 1449.0 L 1.00 -
 790    2    2    12 0/17/0/0/0               1450.0  1140.0    35.7    76.8   96.0   98.0     0 7/14/3/7/1/4          2     2  60.4   10.6    0.0   29.8 1449.0 L 1.00 -
 800    2    2    12 0/17/0/0/0               1450.0  1140.0    30.7    88.8   96.0   98.0     0 7/14/3/7/1/4          2     3  64.9   11.7    0.0   30.7 1449.0 L 1.00 -
 810    2    2    12 0/17/0/0/0               1450.0  1140.0    31.9   103.3   96.0   98.0     0 7/14/3/7/1/4          2     3  56.1   10.5    0.0   30.5 1449.0 L 1.00 -
 820    2    2    12 0/17/0/0/0               1450.0  1140.0    36.0   103.3   96.0   98.0     0 7/14/3/7/1/4          2     2  59.0   12.0    0.0   30.4 1449.0 L 1.00 -
 830    2    2    12 0/17/0/0/0               1450.0  1140.0    35.9   115.6   96.0   98.0     0 7/14/3/7/1/4          2     3  57.9   11.3    0.0   33.0 1449.0 L 1.00 -
 840    2    2    12 0/17/0/0/0               1450.0  1140.0    38.5   122.9   96.0   98.0     0 7/14/3/7/1/4          2     5  54.6   10.5    0.0   34.4 1449.0 L 1.00 -
 850    2    2    12 0/17/0/0/0               1450.0  1140.0    47.7   133.6   96.0   98.0     0 7/14/3/7/1/4          2     4  56.5   12.5    0.0   38.3 1449.0 L 1.00 -
 860    2    2    12 0/17/0/0/0               1450.0  1140.0    52.5   154.6   96.0   98.0     0 7/14/3/7/1/4          2     6  56.1   10.3    0.0   44.1 1449.0 L 1.00 -
 870    3    2    13 0/17/0/0/0               1450.0  1140.0    60.8   154.6   96.0   98.0     0 7/14/3/7/1/4          2     2  61.4   10.8    0.0   52.3 1449.0 L 1.00 -
 880    3    3    13 0/17/0/0/0               1450.0  1140.0    53.5   171.0   96.0   98.0     0 7/14/3/7/1/4          2     3  55.6   10.8    0.0   53.5 1449.0 L 1.00 -
 890    4    3    14 0/17/0/0/0               1450.0  1140.0    53.3   171.0   96.0   98.0     0 7/14/3/7/1/4          2     3  62.5   11.6    0.0   50.4 1449.0 L 1.00 -
 900    4    4    14 0/17/0/0/0               1450.0  1140.0    51.6   171.0   96.0   98.0     0 7/14/3/7/1/4          2     2  62.6   10.5    0.0   49.3 1449.0 L 1.00 -
 910    4    4    14 0/17/0/0/0               1450.0  1140.0    48.0   192.0   96.0   98.0     0 7/14/3/7/1/4          2     5  59.6   11.4    0.0   44.8 1449.0 L 1.00 -
 920    4    4    14 0/17/0/0/0               1450.0  1140.0    51.9   199.2   96.0   98.0     0 7/14/3/7/1/4          2     4  61.4   11.0    0.0   45.2 1449.0 L 1.00 -
 930    4    4    14 0/17/0/0/0               1450.0  1140.0    45.9   205.5   96.0   98.0     0 7/14/3/7/1/4          2     3  64.6   10.6    0.0   45.9 1449.0 L 1.00 -
 940    4    4    14 0/17/0/0/0               1450.0  1140.0    44.8   227.7   96.0   98.0     0 7/14/3/7/1/4          2     4  62.3   11.5    0.0   44.8 1449.0 L 1.00 -
 950    4    4    14 0/17/0/0/0               1450.0  1140.0    35.0   233.0   96.0   98.0     0 7/14/3/7/1/4          2     3  61.9   10.2    0.0   35.0 1449.0 L 1.00 -
 960    4    4    14 0/17/0/0/0               1450.0  1140.0    38.6   240.6   96.0   98.0     0 7/14/3/7/1/4          2     3  60.5   11.1    0.0   31.4 1449.0 L 1.00 -
 970    4    4    14 0/17/0/0/0               1450.0  1140.0    35.8   261.3   96.0   98.0     0 7/14/3/7/1/4          2     4  58.5   11.5    0.0   33.7 1449.0 L 1.00 -
 980    4    4    14 0/17/0/0/0               1450.0  1140.0    25.9   261.3   96.0   98.0     0 7/14/3/7/1/4          2     1  66.4   10.4    0.0   25.9 1449.0 L 1.00 -
 990    4    4    14 0/17/0/0/0               1450.0  1140.0    26.8   266.5   96.0   98.0     0 7/14/3/7/1/4          2     2  63.2   11.0    0.0   25.6 1449.0 L 1.00 -
1000    4    4    14 0/17/0/0/0               1450.0  1140.0    33.6   266.5   96.0   98.0     0 7/14/3/7/1/4          2     4  61.2   10.9    0.0   25.3 1449.0 L 1.00 -
1010    4    4    14 0/17/0/0/0               1450.0  1140.0    29.0   266.5   96.0   98.0     0 7/14/3/7/1/4          2     1  64.3   10.6    0.0   25.4 1449.0 L 1.00 -
1020    4    4    14 0/17/0/0/0               1450.0  1140.0    34.2   266.5   96.0   98.0     0 7/14/3/7/1/4          2     4  62.8   10.9    0.0   27.3 1449.0 L 1.00 -
1030    4    4    14 0/17/0/0/0               1450.0  1140.0    34.0   266.5   96.0   98.0     0 7/14/3/7/1/4          2     2  62.3   10.8    0.0   32.0 1449.0 L 1.00 -
1040    4    4    14 0/17/0/0/0               1450.0  1140.0    32.2   273.6   96.0   98.0     0 7/14/3/7/1/4          2     3  61.9   11.8    0.0   27.9 1449.0 L 1.00 -
1050    4    4    14 0/17/0/0/0               1450.0  1140.0    31.6   282.9   96.0   98.0     0 7/14/3/7/1/4          2     4  59.1   10.9    0.0   25.6 1449.0 L 1.00 -
1060    4    4    14 0/17/0/0/0               1450.0  1140.0    29.5   289.7   96.0   98.0     0 7/14/3/7/1/4          2     3  64.1   11.6    0.0   25.6 1449.0 L 1.00 -
1070    4    4    14 0/17/0/0/0               1450.0  1140.0    29.0   289.7   96.0   98.0     0 7/14/3/7/1/4          2     2  64.4   10.3    0.0   27.4 1449.0 L 1.00 -
1080    4    4    14 0/17/0/0/0               1450.0  1140.0    40.5   289.7   96.0   98.0     0 7/14/3/7/1/4          2     5  59.2   10.8    0.0   26.7 1449.0 L 1.00 -
1090    4    4    14 0/17/0/0/0               1450.0  1140.0    44.7   292.0   96.0   98.0     0 7/14/3/7/1/4          2     4  60.7   11.1    0.0   37.5 1449.0 L 1.00 -
1100    4    4    14 0/17/0/0/0               1450.0  1140.0    44.6   298.2   96.0   98.0     0 7/14/3/7/1/4          2     3  61.7   10.5    0.0   43.0 1449.0 L 1.00 -
1110    4    4    14 0/17/0/0/0               1450.0  1140.0    34.8   321.0   96.0   98.0     0 7/14/3/7/1/4          2     3  62.9   10.8    0.0   34.8 1449.0 L 1.00 -
1120    4    4    14 0/17/0/0/0               1450.0  1140.0    38.4   326.1   96.0   98.0     0 7/14/3/7/1/4          2     4  60.1   11.9    0.0   31.9 1449.0 L 1.00 -
1130    5    4    15 0/17/0/0/0               1450.0  1140.0    32.2   332.0   96.0   98.0     0 7/14/3/7/1/4          2     2  61.0   10.4    0.0   30.3 1449.0 L 1.00 -
1140    5    5    15 0/17/0/0/0               1450.0  1140.0    24.5   332.0   96.0   98.0     0 7/14/3/7/1/4          2     1  64.7   11.1    0.0   24.5 1449.0 L 1.00 -
1150    5    5    15 0/17/0/0/0               1450.0  1140.0    24.2   340.5   96.0   98.0     0 7/14/3/7/1/4          2     6  62.9   10.7    0.0   22.7 1449.0 L 1.00 -
1160    5    5    15 0/17/0/0/0               1450.0  1140.0    29.0   340.5   96.0   98.0     0 7/14/3/7/1/4          2     3  61.4   11.1    0.0   23.7 1449.0 L 1.00 -
1170    5    5    15 0/17/0/0/0               1450.0  1140.0    23.4   340.5   96.0   98.0     0 7/14/3/7/1/4          2     1  63.6   11.0    0.0   20.1 1449.0 L 1.00 -
1180    5    5    15 0/17/0/0/0               1450.0  1140.0    20.6   340.5   96.0   98.0     0 7/14/3/7/1/4          2     3  63.4   11.0    0.0   17.9 1449.0 L 1.00 -
1190    5    5    15 0/17/0/0/0               1450.0  1140.0    31.5   340.5   96.0   98.0     0 7/14/3/7/1/4          2     5  63.2   10.9    0.0   17.5 1449.0 L 1.00 -
1200    5    5    15 0/17/0/0/0               1450.0  1140.0    26.8   340.5   96.0   98.0     0 7/14/3/7/1/4          2     2  63.7   10.9    0.0   24.5 1449.0 L 1.00 -
1210    5    5    15 0/17/0/0/0               1450.0  1140.0    28.5   340.5   96.0   98.0     0 7/14/3/7/1/4          2     3  65.1   11.2    0.0   23.8 1449.0 L 1.00 -
1220    5    5    15 0/17/0/0/0               1450.0  1140.0    24.4   345.4   96.0   98.0     0 7/14/3/7/1/4          2     3  60.3   11.3    0.0   21.9 1449.0 L 1.00 -
1230    5    5    15 0/17/0/0/0               1450.0  1140.0    21.3   345.4   96.0   98.0     0 7/14/3/7/1/4          2     2  63.8   10.8    0.0   18.1 1449.0 L 1.00 -
1240    5    5    15 0/17/0/0/0               1450.0  1140.0    22.6   345.4   96.0   98.0     0 7/14/3/7/1/4          2     3  60.7   11.0    0.0   16.8 1449.0 L 1.00 -
1250    5    5    15 0/17/0/0/0               1450.0  1140.0    28.9   351.7   96.0   98.0     0 7/14/3/7/1/4          2     5  59.1   10.0    0.0   20.8 1449.0 L 1.00 -
1260    5    5    15 0/17/0/0/0               1450.0  1140.0    32.4   351.7   96.0   98.0     0 7/14/3/7/1/4          2     5  59.3   11.1    0.0   22.7 1449.0 L 1.00 -
1270    5    5    15 0/17/0/0/0               1450.0  1140.0    29.7   356.7   96.0   98.0     0 7/14/3/7/1/4          2     2  62.6   11.5    0.0   28.7 1449.0 L 1.00 -
1280    5    5    15 0/17/0/0/0               1450.0  1140.0    31.2   363.1   96.0   98.0     0 7/14/3/7/1/4          2     4  59.2   10.7    0.0   27.3 1449.0 L 1.00 -
1290    5    5    15 0/17/0/0/0               1450.0  1140.0    33.7   363.1   96.0   98.0     0 7/14/3/7/1/4          2     3  61.9   11.0    0.0   28.4 1449.0 L 1.00 -
1300    5    5    15 0/17/0/0/0               1450.0  1140.0    31.1   363.1   96.0   98.0     0 7/14/3/7/1/4          2     3  62.9   10.5    0.0   27.1 1449.0 L 1.00 -
1310    5    5    15 0/17/0/0/0               1450.0  1140.0    32.5   363.1   96.0   98.0     0 7/14/3/7/1/4          2     4  59.2   10.7    0.0   30.1 1449.0 L 1.00 -
1320    5    5    15 0/17/0/0/0               1450.0  1140.0    30.4   368.7   96.0   98.0     0 7/14/3/7/1/4          2     2  61.4   11.5    0.0   30.4 1449.0 L 1.00 -
1330    5    5    15 0/17/0/0/0               1450.0  1140.0    38.4   368.7   96.0   98.0     0 7/14/3/7/1/4          2     3  59.5   10.6    0.0   29.8 1449.0 L 1.00 -
1340    5    5    15 0/17/0/0/0               1450.0  1140.0    28.8   391.9   96.0   98.0     0 7/14/3/7/1/4          2     5  62.4   11.2    0.0   28.4 1449.0 L 1.00 -
1350    5    5    15 0/17/0/0/0               1450.0  1140.0    29.8   391.9   96.0   98.0     0 7/14/3/7/1/4          2     2  63.4   10.8    0.0   25.4 1449.0 L 1.00 -
1360    5    5    15 0/17/0/0/0               1450.0  1140.0    31.0   394.7   96.0   98.0     0 7/14/3/7/1/4          2     4  60.4   11.0    0.0   25.5 1449.0 L 1.00 -
1370    5    5    15 0/17/0/0/0               1450.0  1140.0    26.7   397.1   96.0   98.0     0 7/14/3/7/1/4          2     3  59.4   10.7    0.0   24.1 1449.0 L 1.00 -
1380    5    5    15 0/17/0/0/0               1450.0  1140.0    20.2   397.1   96.0   98.0     0 7/14/3/7/1/4          2     2  61.9   10.0    0.0   20.2 1449.0 L 1.00 -
1390    5    5    15 0/17/0/0/0               1450.0  1140.0    16.3   397.1   96.0   98.0     0 7/14/3/7/1/4          2     1  61.0   11.9    0.0   13.7 1449.0 L 1.00 -
1400    6    5    16 0/17/0/0/0               1450.0  1140.0    11.9   397.1   96.0   98.0     0 7/14/3/7/1/4          2     2  63.1    9.7    0.0    8.4 1449.0 L 1.00 -
1410    6    6    16 0/17/0/0/0               1450.0  1140.0    12.5   397.1   96.0   98.0     0 7/14/3/7/1/4          2     3  63.0   11.0    0.0    4.4 1448.9 L 1.00 -
1420    6    6    16 0/17/0/0/0               1450.0  1140.0    22.3   397.1   96.0   98.0     0 7/14/3/7/1/4          2     5  62.5   11.0    0.0    8.9 1449.0 L 1.00 -
1430    6    6    16 0/17/0/0/0               1450.0  1140.0    27.9   397.1   96.0   98.0     0 7/14/3/7/1/4          2     4  60.1   10.5    0.0   20.5 1449.0 L 1.00 -
1440    6    6    16 0/17/0/0/0               1450.0  1140.0    13.2   397.1   96.0   98.0     0 7/14/3/7/1/4          2     1  64.4   10.8    0.0   13.2 1449.0 L 0.83 -
1450    6    6    16 0/17/0/0/0               1450.0  1140.0    16.0   397.1   96.0   98.0     0 7/14/3/7/1/4          2     3  63.3   11.1    0.0    7.2 1449.0 L 0.83 -
1460    6    6    16 0/17/0/0/0               1450.0  1140.0    13.2   397.1   96.0   98.0     0 7/14/3/7/1/4          2     3  59.8   10.9    0.0    9.0 1449.0 L 0.83 -
1470    6    6    16 0/17/0/0/0               1450.0  1140.0     2.0   397.1   96.0   98.0     0 7/14/3/7/1/4          2     1  63.1   10.9    0.0    2.0 1449.0 L 0.83 -
1480    0    0    16 0/23/0/0/0               1450.0  1140.0     0.0   397.1   96.0   98.0     0 7/14/3/7/1/4          2     0  66.2   10.6    0.0    0.0 1450.0 L 0.00 -
1490    0    0    16 0/23/0/0/0               1450.0  1140.0     0.0   397.1   96.0   98.0     0 7/14/3/7/1/4          2     0   0.0    0.0    0.0    0.0 1450.0 L 0.00 -
1500    0    0    16 0/23/0/0/0               1450.0  1140.0     0.0   397.1   96.0   98.0     0 7/14/3/7/1/4          2     0   0.0    0.0    0.0    0.0 1450.0 L 0.00 -

targets for seed 1234 (1500 sols):
  T1 FAIL run min pop 0 (needs >= 5), final pop 0
  T2 PASS deaths 23 (air 0 thirst 23 hunger 0 eva 0 other 0), unexplained 0
  T3 PASS births 16, first_birth_sol 278, at_capacity 0, cooldown_violations 0, pop@30=7, pop@100=7, pop@300=13
  T4 PASS min O2 261.5, food 203.1; ice ran dry (pressure): min ice 0.0, ice>30 0.0, thirst deaths 23; max ice/target 1.08, regolith/target 0.67
  T5 FAIL demand>supply 0.25% of steps (<=10), max shorts/sol 1 (<=2), max offline 62.9 h (<=24.7), first new reactor sol 5 (<=15)
  T6 PASS limited 8218.0 h = 22.22% (>=2% provisional; 4 of 5 seeds), site busy 20.5%; waiting_regolith 1715.0 h, site_no_crew 6503.0 h
  T7 PASS turn_backs_air 0, exhausted 172, reachable>=2 at 100.0% of 1500 sol samples (>=95), trips 1028
  T8 FAIL row avg energy 0.0..66.4 (40..90), row asleep 0.0..12.8% (5..30), max sleep 8.8 h (<=18)
  T9 N/A  checked by repeating the run and by tests/test_determinism.gd (compare the table sha256)
  T10 FAIL first settlement sol 294 (40..150), age_changes 2 (<=4), min gap between consecutive history entries 294 (>=20), history 3 entries (changes+1 = 3); report: sols_in_age landing 1103 settlement 397 council 0, age at end landing, changes [sol 294 settled; sol 691 fell_back (cause ice)], fall back causes [sol 691 ice], not-ok sols 174 (by group, a sol can fail several: ice 26, food 1, oxygen 1, power 4, death 16, unrest 144)
  T11 FAIL (1) list lengths 1501/1501/1501/1501 ok; (2) lonely mean of last 50 readings 0.081 (max 0.35) ok; (3) friends_mean 0.00 (1.0..15.0) BAD; (4) first_friendship_sol 109 ok; (5) lines_dropped (total) 0 ok; report: web 0.00 second 0.00 lonely 0.00 friends_mean 0.00 friends share of colony 0.000 (pop 0)
  T12 PASS (1) list lengths 1501/1501/1501 ok; (2) C2 ok; (3) council changes 0 (<=4) ok; (4) proposals 0 ok; (5) one Council line per boundary ok; report: first Council sol <null>, meetings 0, proposals [], pledge sol <null> reason -, lines {"circles_few":2}, dropped 0; council_min_seeds 3 pledge_min_seeds 1
RESULT FAIL (target 9 determinism: table sha256 e3cd4a3899c2d03e)
# player attentive cadence=2.0
PLAYER checks=737 uses guide=93 fortune=1 per100 guide=6.2 fortune=0.1 guide_in_trouble=93
PLAYER first_low_sol=310 samples=148 mean_ice_over_target=0.404 low_share=0.250
PLAYER guide_trips=44 ice_trips_total=527 ice_trips_in_guided_window=65 guide_share_of_window=0.677 guide_hauled=223.6
PLAYER air_deaths=0 turn_backs_air=0 first_thirst_sol=677
