Godot Engine v4.5.stable.official.876b29033 - https://godotengine.org

# station zero balance run: seed=2026 sols=1500 overrides=[] fixed_step=0.05 data_hash=fcb5ff2f0fbf63a1 player=attentive cadence=2.0
# deaths and births are cumulative; shorts, trips, energy, asleep, wait, min_* are for the 30-sol window
 sol  pop  min birth dead a/t/h/o/x           oxygen    food     ice   regol   dmnd   supp short bldg R/H/W/G/A/C  reach trips  avgE asleep%  waitH minIce  minO2 age web cn
  10    7    7     0 0/0/0/0/0                 389.9   296.2    60.1    72.2   13.0   14.0     0 1/1/1/1/0/0           2     6  56.9   10.6  170.7   60.1  263.5 L 1.00 -
  20    7    7     0 0/0/0/0/0                 550.0   420.0    70.4   122.8   11.0   28.0     0 2/1/1/1/0/0           2    12  54.7   11.1  113.3   56.9  390.0 L 1.00 -
  30    7    7     0 0/0/0/0/0                 550.0   420.0    89.0   173.9   11.0   28.0     0 2/1/1/1/0/0           2    13  57.2   11.9    0.0   68.4  549.0 L 1.00 -
  40    7    7     0 0/0/0/0/0                 550.0   420.0    84.4   153.9   14.0   28.0     0 2/2/1/1/0/0           2     8  57.2   10.8   42.3   79.1  549.0 L 1.00 -
  50    7    7     0 0/0/0/0/0                 550.0   420.0    89.5   188.9   14.0   28.0     0 2/2/1/1/0/0           2    10  57.8   10.6    0.0   82.8  548.6 L 1.00 -
  60    7    7     0 0/0/0/0/0                 550.0   420.0   114.4   162.2   16.0   28.0     0 2/2/1/1/0/0           2     8  54.1   10.4   19.2   88.8  549.0 L 1.00 -
  70    7    7     0 0/0/0/0/0                 550.0   420.0   102.4   191.8   16.0   28.0     0 2/2/1/1/0/0           2     7  52.0   11.6  218.5  102.4  548.6 L 1.00 -
  80    7    7     0 0/0/0/0/0                 550.0   420.0    97.0    81.3   22.0   28.0     0 2/3/1/1/0/1           2     3  58.4   10.7  178.6   94.0  548.4 L 1.00 -
  90    7    7     0 0/0/0/0/0                 550.0   420.0    93.8    36.4   24.0   28.0     0 2/3/1/1/1/1           2     6  54.4   11.7  172.6   91.2  549.0 L 1.00 -
 100    7    7     0 0/0/0/0/0                 550.0   420.0    88.6    36.3   27.0   28.0     0 2/4/1/1/1/1           2    10  57.4   10.9  172.1   88.6  548.6 L 1.00 -
 110    7    7     0 0/0/0/0/0                 550.0   420.0    87.6    70.4   25.0   42.0     0 3/4/1/1/1/1           2    10  54.0   12.1   99.2   86.0  549.0 L 1.00 -
 120    7    7     0 0/0/0/0/0                 550.0   420.0    90.3    28.2   27.0   42.0     0 3/4/1/1/1/1           2     7  58.4   10.5  107.0   87.5  548.2 L 1.00 -
 130    7    7     0 0/0/0/0/0                 550.0   420.0    82.8    98.3   27.0   42.0     0 3/4/1/1/2/1           2    12  54.0   11.4   46.0   76.1  549.0 L 0.86 -
 140    7    7     0 0/0/0/0/0                 550.0   420.0    75.1    65.5   29.0   42.0     0 3/4/1/1/2/1           2     7  57.2   11.8  203.7   75.1  548.2 L 0.71 -
 150    7    7     0 0/0/0/0/0                 700.0   540.0    73.9   122.5   31.0   42.0     0 3/4/1/2/2/1           2    11  59.6   10.4    4.1   67.3  550.0 L 0.86 -
 160    7    7     0 0/0/0/0/0                 700.0   540.0    75.1    64.9   33.0   42.0     0 3/4/1/2/2/1           2     7  58.1   11.5  183.9   63.4  699.0 L 0.86 -
 170    7    7     0 0/0/0/0/0                 700.0   540.0    83.3    35.6   37.0   42.0     0 3/4/2/2/2/1           2    12  56.9   11.4  116.8   74.9  699.0 L 0.71 -
 180    7    7     0 0/0/0/0/0                 700.0   540.0   104.2    12.2   41.0   42.0     0 3/4/3/2/2/1           2    16  54.0   11.6   76.0   82.5  699.0 L 0.71 -
 190    7    7     0 0/0/0/0/0                 700.0   540.0    86.9    66.2   41.0   42.0     0 3/4/3/2/2/1           2     9  57.0   10.5  215.4   86.9  699.0 L 0.71 -
 200    7    7     0 0/0/0/0/0                 700.0   540.0    79.2    25.8   41.0   56.0     0 4/4/3/2/2/1           2     7  55.4   11.7  185.7   73.8  699.0 L 0.71 -
 210    7    7     0 0/0/0/0/0                 700.0   540.0    71.5    83.0   41.0   56.0     0 4/4/3/2/2/1           2     9  54.3   11.0  222.7   71.5  699.0 L 0.71 -
 220    7    7     0 0/0/0/0/0                 700.0   540.0    69.2   105.3   41.0   56.0     0 4/4/3/2/2/1           2     7  58.5   11.3  246.6   63.6  699.0 L 0.71 -
 230    7    7     0 0/0/0/0/0                 700.0   540.0    69.5    76.4   44.0   56.0     0 4/5/3/2/2/1           2    13  57.3   11.1   73.8   59.1  698.2 L 0.71 -
 240    7    7     0 0/0/0/0/0                 700.0   540.0    83.1     1.4   47.0   56.0     0 4/6/3/2/2/1           2     9  55.9   11.5  100.6   68.6  699.0 L 0.71 -
 250    7    7     0 0/0/0/0/0                 700.0   540.0    85.3    54.4   47.0   56.0     0 4/6/3/2/2/1           2    10  56.9   11.2  223.6   80.6  699.0 L 0.71 -
 260    7    7     0 0/0/0/0/0                 700.0   540.0    90.3   110.0   47.0   56.0     0 4/6/3/2/3/1           2    12  60.2   10.5   52.3   78.9  699.0 L 0.86 -
 270    7    7     0 0/0/0/0/0                 850.0   660.0    85.6    50.0   51.0   56.0     0 4/6/3/3/3/1           2     7  58.9   11.5  119.9   82.8  699.0 L 0.86 -
 280    7    7     0 0/0/0/0/0                 850.0   660.0    85.3    42.7   53.0   56.0     0 4/6/3/3/3/1           2    13  55.6   12.0   84.8   79.9  849.0 L 0.86 -
 290    7    7     0 0/0/0/0/0                 850.0   660.0    68.1    95.0   53.0   56.0     0 4/6/3/3/3/1           2     8  55.5   10.8  218.7   68.1  849.0 L 0.71 -
 300    7    7     0 0/0/0/0/0                 850.0   660.0    73.8    58.5   57.0   56.0     2 4/6/3/3/3/1           2    15  56.0   12.0   94.0   57.9  849.0 L 0.71 -
 310   12    7     5 0/0/0/0/0                 850.0   660.0    72.4    70.0   57.0   56.0     2 4/6/3/3/3/1           2     5  61.1   10.8  217.8   63.4  849.0 L 0.92 -
 320   12   12     5 0/0/0/0/0                1000.0   780.0    62.4     4.8   57.0   70.0     1 5/6/3/4/3/1           2    14  60.9   10.3  113.1   62.4  850.0 L 0.92 -
 330   12   12     5 0/0/0/0/0                1000.0   780.0    59.1    35.3   57.0   70.0     0 5/6/3/4/3/1           2     7  58.2   11.2  219.3   53.5  999.0 L 0.92 -
 340   12   12     5 0/0/0/0/0                1000.0   780.0    45.1    64.7   57.0   70.0     0 5/6/3/4/4/1           2    10  59.0   10.9   93.5   42.9  999.0 L 0.42 -
 350   13   12     6 0/0/0/0/0                1000.0   780.0    30.9    93.0   57.0   70.0     0 5/6/3/4/4/1           2     7  60.9   10.4   15.0   24.9  999.0 S 0.46 -
 360   13   13     6 0/0/0/0/0                1000.0   780.0    52.2   123.3   57.0   70.0     0 5/6/3/4/4/1           2    14  61.1   11.3   10.0   28.9  999.0 S 0.46 -
 370   13   13     6 0/0/0/0/0                1000.0   780.0    42.6   174.5   57.0   70.0     0 5/6/3/4/4/1           2    10  61.1   10.8    0.0   42.6  999.0 S 0.38 -
 380   13   13     6 0/0/0/0/0                1000.0   780.0    33.1    87.8   59.0   70.0     0 5/6/3/4/4/1           2     7  62.4   11.0   37.0   24.6  998.5 S 0.46 -
 390   13   13     6 0/0/0/0/0                1150.0   900.0    39.7    96.3   61.0   70.0     0 5/6/3/5/4/1           2    10  62.5   10.8   43.7   21.8  999.0 S 0.46 -
 400   13   13     6 0/0/0/0/0                1150.0   900.0    38.1   127.2   61.0   70.0     0 5/6/3/5/4/1           2    12  59.4   11.2    0.0   26.2 1148.0 S 0.38 -
 410   13   13     6 0/0/0/0/0                1150.0   900.0    46.3    26.8   63.0   70.0     0 5/6/3/5/4/1           2    11  60.7   10.5  185.6   34.8 1149.0 S 0.38 -
 420   13   13     6 0/0/0/0/0                1150.0   900.0    38.2    45.6   63.0   70.0     0 5/6/3/5/4/1           2     7  59.6   11.2  216.5   38.2 1149.0 S 0.38 -
 430   13   13     6 0/0/0/0/0                1150.0   900.0    53.2    82.0   64.0   70.0     0 5/7/3/5/4/1           2    14  59.4   11.4   23.7   35.3 1149.0 S 0.38 -
 440   13   13     6 0/0/0/0/0                1150.0   900.0    61.6    21.0   66.0   70.0     0 5/7/3/5/4/1           2    16  62.6   11.2   30.4   48.1 1149.0 S 0.38 -
 450   13   13     6 0/0/0/0/0                1300.0  1020.0    56.7    41.0   68.0   70.0     0 5/7/3/6/4/1           2     5  61.4   10.8  178.0   56.7 1149.0 S 0.38 -
 460   13   13     6 0/0/0/0/0                1300.0  1020.0    78.1    84.3   68.0   70.0     0 5/7/3/6/4/1           2    16  60.2   11.3    0.0   52.1 1299.0 S 0.38 -
 470   13   13     6 0/0/0/0/0                1300.0  1020.0    92.7    90.7   68.0   70.0     0 5/7/3/6/4/1           2    10  62.7   10.6    0.0   70.2 1299.0 S 0.38 -
 480   13   13     6 0/0/0/0/0                1300.0  1020.0    91.8   145.4   68.0   70.0     0 5/7/3/6/4/1           2    14  60.3   10.7    0.0   81.3 1298.4 S 0.38 -
 490   13   13     6 0/0/0/0/0                1300.0  1020.0    89.8   225.2   68.0   70.0     0 5/7/3/6/4/1           2    14  60.2   11.3    0.0   75.8 1299.0 S 0.38 -
 500   13   13     6 0/0/0/0/0                1300.0  1020.0    69.5   155.1   68.0   84.0     0 6/7/3/6/4/1           2    11  60.6   11.3   42.3   68.8 1299.0 S 0.38 -
 510   13   13     6 0/0/0/0/0                1300.0  1020.0    55.1   199.8   68.0   84.0     0 6/7/3/6/4/1           2    10  61.2   10.9    0.0   50.4 1299.0 S 0.46 -
 520   13   13     6 0/0/0/0/0                1300.0  1020.0    50.7   245.4   68.0   84.0     0 6/7/3/6/4/1           2     9  60.7   10.7    0.0   49.1 1299.0 S 0.46 -
 530   13   13     6 0/0/0/0/0                1300.0  1020.0    62.6   278.5   68.0   84.0     0 6/7/3/6/4/1           2    15  60.7   10.8    0.0   40.5 1298.0 S 0.38 -
 540   13   13     6 0/0/0/0/0                1300.0  1020.0    39.3   311.5   68.0   84.0     0 6/7/3/6/4/1           2     4  62.4   11.1    0.0   39.3 1299.0 S 0.38 -
 550   13   13     6 0/0/0/0/0                1300.0  1020.0    33.8   207.8   70.0   84.0     0 6/7/3/6/4/1           2    11  60.7   10.8   72.9   31.9 1299.0 S 0.38 -
 560   13   13     6 0/0/0/0/0                1300.0  1020.0    22.6   224.2   70.0   84.0     0 6/7/3/6/4/1           2     6  60.3   10.8  235.6   17.1 1299.0 S 0.38 -
 570   13   13     6 0/0/0/0/0                1300.0  1020.0    11.7   224.2   70.0   84.0     0 6/7/3/6/4/1           2     5  59.8   10.1  228.2    8.2 1299.0 S 0.38 -
 580   15   13     9 0/1/0/0/0                1300.0  1020.0     0.0    84.2   73.0   84.0     0 6/8/3/6/4/1           2     6  60.4   10.8  187.5    0.0 1299.0 S 0.33 -
 590    3    3    10 0/14/0/0/0               1300.0  1020.0     2.5    84.2   74.0   84.0     0 6/8/3/6/4/2           2     3  63.2   10.8   46.8    0.0 1299.0 S 0.67 -
 600    4    3    11 0/14/0/0/0               1300.0  1020.0     6.4    84.2   74.0   84.0     0 6/8/3/6/4/2           2     3  63.7   10.6    5.0    0.8 1299.0 L 0.50 -
 610    4    4    11 0/14/0/0/0               1300.0  1020.0    11.1    84.2   74.0   84.0     0 6/8/3/6/4/2           2     2  62.8   10.7   15.0    6.1 1299.0 L 0.50 -
 620    4    4    11 0/14/0/0/0               1300.0  1020.0     3.4    84.2   74.0   84.0     0 6/8/3/6/4/2           2     2  64.7   10.6    5.0    3.4 1299.0 L 0.50 -
 630    4    4    11 0/14/0/0/0               1300.0  1020.0     2.6    84.2   74.0   84.0     0 6/8/3/6/4/2           2     1  62.5   10.5    5.0    1.1 1299.0 L 0.50 -
 640    0    0    11 0/18/0/0/0               1300.0  1020.0     0.0    84.2   74.0   84.0     0 6/8/3/6/4/2           2     1  63.5   10.6    5.0    0.0 1299.0 L 0.00 -
 650    0    0    11 0/18/0/0/0               1300.0  1020.0     0.0    84.2   74.0   84.0     0 6/8/3/6/4/2           2     0   0.0    0.0    0.0    0.0 1300.0 L 0.00 -
 660    0    0    11 0/18/0/0/0               1300.0  1020.0     0.0    84.2   74.0   84.0     0 6/8/3/6/4/2           2     0   0.0    0.0    0.0    0.0 1300.0 L 0.00 -
 670    0    0    11 0/18/0/0/0               1300.0  1020.0     0.0    84.2   74.0   84.0     0 6/8/3/6/4/2           2     0   0.0    0.0    0.0    0.0 1300.0 L 0.00 -
 680    0    0    11 0/18/0/0/0               1300.0  1020.0     0.0    84.2   74.0   84.0     0 6/8/3/6/4/2           2     0   0.0    0.0    0.0    0.0 1300.0 L 0.00 -
 690    0    0    11 0/18/0/0/0               1300.0  1020.0     0.0    84.2   74.0   84.0     0 6/8/3/6/4/2           2     0   0.0    0.0    0.0    0.0 1300.0 L 0.00 -
 700    0    0    11 0/18/0/0/0               1300.0  1020.0     0.0    84.2   74.0   84.0     0 6/8/3/6/4/2           2     0   0.0    0.0    0.0    0.0 1300.0 L 0.00 -
 710    0    0    11 0/18/0/0/0               1300.0  1020.0     0.0    84.2   74.0   84.0     0 6/8/3/6/4/2           2     0   0.0    0.0    0.0    0.0 1300.0 L 0.00 -
 720    0    0    11 0/18/0/0/0               1300.0  1020.0     0.0    84.2   74.0   84.0     0 6/8/3/6/4/2           2     0   0.0    0.0    0.0    0.0 1300.0 L 0.00 -
 730    0    0    11 0/18/0/0/0               1300.0  1020.0     0.0    84.2   74.0   84.0     0 6/8/3/6/4/2           2     0   0.0    0.0    0.0    0.0 1300.0 L 0.00 -
 740    0    0    11 0/18/0/0/0               1300.0  1020.0     0.0    84.2   74.0   84.0     0 6/8/3/6/4/2           2     0   0.0    0.0    0.0    0.0 1300.0 L 0.00 -
 750    0    0    11 0/18/0/0/0               1300.0  1020.0     0.0    84.2   74.0   84.0     0 6/8/3/6/4/2           2     0   0.0    0.0    0.0    0.0 1300.0 L 0.00 -
 760    0    0    11 0/18/0/0/0               1300.0  1020.0     0.0    84.2   74.0   84.0     0 6/8/3/6/4/2           2     0   0.0    0.0    0.0    0.0 1300.0 L 0.00 -
 770    0    0    11 0/18/0/0/0               1300.0  1020.0     0.0    84.2   74.0   84.0     0 6/8/3/6/4/2           2     0   0.0    0.0    0.0    0.0 1300.0 L 0.00 -
 780    0    0    11 0/18/0/0/0               1300.0  1020.0     0.0    84.2   74.0   84.0     0 6/8/3/6/4/2           2     0   0.0    0.0    0.0    0.0 1300.0 L 0.00 -
 790    0    0    11 0/18/0/0/0               1300.0  1020.0     0.0    84.2   74.0   84.0     0 6/8/3/6/4/2           2     0   0.0    0.0    0.0    0.0 1300.0 L 0.00 -
 800    0    0    11 0/18/0/0/0               1300.0  1020.0     0.0    84.2   74.0   84.0     0 6/8/3/6/4/2           2     0   0.0    0.0    0.0    0.0 1300.0 L 0.00 -
 810    0    0    11 0/18/0/0/0               1300.0  1020.0     0.0    84.2   74.0   84.0     0 6/8/3/6/4/2           2     0   0.0    0.0    0.0    0.0 1300.0 L 0.00 -
 820    0    0    11 0/18/0/0/0               1300.0  1020.0     0.0    84.2   74.0   84.0     0 6/8/3/6/4/2           2     0   0.0    0.0    0.0    0.0 1300.0 L 0.00 -
 830    0    0    11 0/18/0/0/0               1300.0  1020.0     0.0    84.2   74.0   84.0     0 6/8/3/6/4/2           2     0   0.0    0.0    0.0    0.0 1300.0 L 0.00 -
 840    0    0    11 0/18/0/0/0               1300.0  1020.0     0.0    84.2   74.0   84.0     0 6/8/3/6/4/2           2     0   0.0    0.0    0.0    0.0 1300.0 L 0.00 -
 850    0    0    11 0/18/0/0/0               1300.0  1020.0     0.0    84.2   74.0   84.0     0 6/8/3/6/4/2           2     0   0.0    0.0    0.0    0.0 1300.0 L 0.00 -
 860    0    0    11 0/18/0/0/0               1300.0  1020.0     0.0    84.2   74.0   84.0     0 6/8/3/6/4/2           2     0   0.0    0.0    0.0    0.0 1300.0 L 0.00 -
 870    0    0    11 0/18/0/0/0               1300.0  1020.0     0.0    84.2   74.0   84.0     0 6/8/3/6/4/2           2     0   0.0    0.0    0.0    0.0 1300.0 L 0.00 -
 880    0    0    11 0/18/0/0/0               1300.0  1020.0     0.0    84.2   74.0   84.0     0 6/8/3/6/4/2           2     0   0.0    0.0    0.0    0.0 1300.0 L 0.00 -
 890    0    0    11 0/18/0/0/0               1300.0  1020.0     0.0    84.2   74.0   84.0     0 6/8/3/6/4/2           2     0   0.0    0.0    0.0    0.0 1300.0 L 0.00 -
 900    0    0    11 0/18/0/0/0               1300.0  1020.0     0.0    84.2   74.0   84.0     0 6/8/3/6/4/2           2     0   0.0    0.0    0.0    0.0 1300.0 L 0.00 -
 910    0    0    11 0/18/0/0/0               1300.0  1020.0     0.0    84.2   74.0   84.0     0 6/8/3/6/4/2           2     0   0.0    0.0    0.0    0.0 1300.0 L 0.00 -
 920    0    0    11 0/18/0/0/0               1300.0  1020.0     0.0    84.2   74.0   84.0     0 6/8/3/6/4/2           2     0   0.0    0.0    0.0    0.0 1300.0 L 0.00 -
 930    0    0    11 0/18/0/0/0               1300.0  1020.0     0.0    84.2   74.0   84.0     0 6/8/3/6/4/2           2     0   0.0    0.0    0.0    0.0 1300.0 L 0.00 -
 940    0    0    11 0/18/0/0/0               1300.0  1020.0     0.0    84.2   74.0   84.0     0 6/8/3/6/4/2           2     0   0.0    0.0    0.0    0.0 1300.0 L 0.00 -
 950    0    0    11 0/18/0/0/0               1300.0  1020.0     0.0    84.2   74.0   84.0     0 6/8/3/6/4/2           2     0   0.0    0.0    0.0    0.0 1300.0 L 0.00 -
 960    0    0    11 0/18/0/0/0               1300.0  1020.0     0.0    84.2   74.0   84.0     0 6/8/3/6/4/2           2     0   0.0    0.0    0.0    0.0 1300.0 L 0.00 -
 970    0    0    11 0/18/0/0/0               1300.0  1020.0     0.0    84.2   74.0   84.0     0 6/8/3/6/4/2           2     0   0.0    0.0    0.0    0.0 1300.0 L 0.00 -
 980    0    0    11 0/18/0/0/0               1300.0  1020.0     0.0    84.2   74.0   84.0     0 6/8/3/6/4/2           2     0   0.0    0.0    0.0    0.0 1300.0 L 0.00 -
 990    0    0    11 0/18/0/0/0               1300.0  1020.0     0.0    84.2   74.0   84.0     0 6/8/3/6/4/2           2     0   0.0    0.0    0.0    0.0 1300.0 L 0.00 -
1000    0    0    11 0/18/0/0/0               1300.0  1020.0     0.0    84.2   74.0   84.0     0 6/8/3/6/4/2           2     0   0.0    0.0    0.0    0.0 1300.0 L 0.00 -
1010    0    0    11 0/18/0/0/0               1300.0  1020.0     0.0    84.2   74.0   84.0     0 6/8/3/6/4/2           2     0   0.0    0.0    0.0    0.0 1300.0 L 0.00 -
1020    0    0    11 0/18/0/0/0               1300.0  1020.0     0.0    84.2   74.0   84.0     0 6/8/3/6/4/2           2     0   0.0    0.0    0.0    0.0 1300.0 L 0.00 -
1030    0    0    11 0/18/0/0/0               1300.0  1020.0     0.0    84.2   74.0   84.0     0 6/8/3/6/4/2           2     0   0.0    0.0    0.0    0.0 1300.0 L 0.00 -
1040    0    0    11 0/18/0/0/0               1300.0  1020.0     0.0    84.2   74.0   84.0     0 6/8/3/6/4/2           2     0   0.0    0.0    0.0    0.0 1300.0 L 0.00 -
1050    0    0    11 0/18/0/0/0               1300.0  1020.0     0.0    84.2   74.0   84.0     0 6/8/3/6/4/2           2     0   0.0    0.0    0.0    0.0 1300.0 L 0.00 -
1060    0    0    11 0/18/0/0/0               1300.0  1020.0     0.0    84.2   74.0   84.0     0 6/8/3/6/4/2           2     0   0.0    0.0    0.0    0.0 1300.0 L 0.00 -
1070    0    0    11 0/18/0/0/0               1300.0  1020.0     0.0    84.2   74.0   84.0     0 6/8/3/6/4/2           2     0   0.0    0.0    0.0    0.0 1300.0 L 0.00 -
1080    0    0    11 0/18/0/0/0               1300.0  1020.0     0.0    84.2   74.0   84.0     0 6/8/3/6/4/2           2     0   0.0    0.0    0.0    0.0 1300.0 L 0.00 -
1090    0    0    11 0/18/0/0/0               1300.0  1020.0     0.0    84.2   74.0   84.0     0 6/8/3/6/4/2           2     0   0.0    0.0    0.0    0.0 1300.0 L 0.00 -
1100    0    0    11 0/18/0/0/0               1300.0  1020.0     0.0    84.2   74.0   84.0     0 6/8/3/6/4/2           2     0   0.0    0.0    0.0    0.0 1300.0 L 0.00 -
1110    0    0    11 0/18/0/0/0               1300.0  1020.0     0.0    84.2   74.0   84.0     0 6/8/3/6/4/2           2     0   0.0    0.0    0.0    0.0 1300.0 L 0.00 -
1120    0    0    11 0/18/0/0/0               1300.0  1020.0     0.0    84.2   74.0   84.0     0 6/8/3/6/4/2           2     0   0.0    0.0    0.0    0.0 1300.0 L 0.00 -
1130    0    0    11 0/18/0/0/0               1300.0  1020.0     0.0    84.2   74.0   84.0     0 6/8/3/6/4/2           2     0   0.0    0.0    0.0    0.0 1300.0 L 0.00 -
1140    0    0    11 0/18/0/0/0               1300.0  1020.0     0.0    84.2   74.0   84.0     0 6/8/3/6/4/2           2     0   0.0    0.0    0.0    0.0 1300.0 L 0.00 -
1150    0    0    11 0/18/0/0/0               1300.0  1020.0     0.0    84.2   74.0   84.0     0 6/8/3/6/4/2           2     0   0.0    0.0    0.0    0.0 1300.0 L 0.00 -
1160    0    0    11 0/18/0/0/0               1300.0  1020.0     0.0    84.2   74.0   84.0     0 6/8/3/6/4/2           2     0   0.0    0.0    0.0    0.0 1300.0 L 0.00 -
1170    0    0    11 0/18/0/0/0               1300.0  1020.0     0.0    84.2   74.0   84.0     0 6/8/3/6/4/2           2     0   0.0    0.0    0.0    0.0 1300.0 L 0.00 -
1180    0    0    11 0/18/0/0/0               1300.0  1020.0     0.0    84.2   74.0   84.0     0 6/8/3/6/4/2           2     0   0.0    0.0    0.0    0.0 1300.0 L 0.00 -
1190    0    0    11 0/18/0/0/0               1300.0  1020.0     0.0    84.2   74.0   84.0     0 6/8/3/6/4/2           2     0   0.0    0.0    0.0    0.0 1300.0 L 0.00 -
1200    0    0    11 0/18/0/0/0               1300.0  1020.0     0.0    84.2   74.0   84.0     0 6/8/3/6/4/2           2     0   0.0    0.0    0.0    0.0 1300.0 L 0.00 -
1210    0    0    11 0/18/0/0/0               1300.0  1020.0     0.0    84.2   74.0   84.0     0 6/8/3/6/4/2           2     0   0.0    0.0    0.0    0.0 1300.0 L 0.00 -
1220    0    0    11 0/18/0/0/0               1300.0  1020.0     0.0    84.2   74.0   84.0     0 6/8/3/6/4/2           2     0   0.0    0.0    0.0    0.0 1300.0 L 0.00 -
1230    0    0    11 0/18/0/0/0               1300.0  1020.0     0.0    84.2   74.0   84.0     0 6/8/3/6/4/2           2     0   0.0    0.0    0.0    0.0 1300.0 L 0.00 -
1240    0    0    11 0/18/0/0/0               1300.0  1020.0     0.0    84.2   74.0   84.0     0 6/8/3/6/4/2           2     0   0.0    0.0    0.0    0.0 1300.0 L 0.00 -
1250    0    0    11 0/18/0/0/0               1300.0  1020.0     0.0    84.2   74.0   84.0     0 6/8/3/6/4/2           2     0   0.0    0.0    0.0    0.0 1300.0 L 0.00 -
1260    0    0    11 0/18/0/0/0               1300.0  1020.0     0.0    84.2   74.0   84.0     0 6/8/3/6/4/2           2     0   0.0    0.0    0.0    0.0 1300.0 L 0.00 -
1270    0    0    11 0/18/0/0/0               1300.0  1020.0     0.0    84.2   74.0   84.0     0 6/8/3/6/4/2           2     0   0.0    0.0    0.0    0.0 1300.0 L 0.00 -
1280    0    0    11 0/18/0/0/0               1300.0  1020.0     0.0    84.2   74.0   84.0     0 6/8/3/6/4/2           2     0   0.0    0.0    0.0    0.0 1300.0 L 0.00 -
1290    0    0    11 0/18/0/0/0               1300.0  1020.0     0.0    84.2   74.0   84.0     0 6/8/3/6/4/2           2     0   0.0    0.0    0.0    0.0 1300.0 L 0.00 -
1300    0    0    11 0/18/0/0/0               1300.0  1020.0     0.0    84.2   74.0   84.0     0 6/8/3/6/4/2           2     0   0.0    0.0    0.0    0.0 1300.0 L 0.00 -
1310    0    0    11 0/18/0/0/0               1300.0  1020.0     0.0    84.2   74.0   84.0     0 6/8/3/6/4/2           2     0   0.0    0.0    0.0    0.0 1300.0 L 0.00 -
1320    0    0    11 0/18/0/0/0               1300.0  1020.0     0.0    84.2   74.0   84.0     0 6/8/3/6/4/2           2     0   0.0    0.0    0.0    0.0 1300.0 L 0.00 -
1330    0    0    11 0/18/0/0/0               1300.0  1020.0     0.0    84.2   74.0   84.0     0 6/8/3/6/4/2           2     0   0.0    0.0    0.0    0.0 1300.0 L 0.00 -
1340    0    0    11 0/18/0/0/0               1300.0  1020.0     0.0    84.2   74.0   84.0     0 6/8/3/6/4/2           2     0   0.0    0.0    0.0    0.0 1300.0 L 0.00 -
1350    0    0    11 0/18/0/0/0               1300.0  1020.0     0.0    84.2   74.0   84.0     0 6/8/3/6/4/2           2     0   0.0    0.0    0.0    0.0 1300.0 L 0.00 -
1360    0    0    11 0/18/0/0/0               1300.0  1020.0     0.0    84.2   74.0   84.0     0 6/8/3/6/4/2           2     0   0.0    0.0    0.0    0.0 1300.0 L 0.00 -
1370    0    0    11 0/18/0/0/0               1300.0  1020.0     0.0    84.2   74.0   84.0     0 6/8/3/6/4/2           2     0   0.0    0.0    0.0    0.0 1300.0 L 0.00 -
1380    0    0    11 0/18/0/0/0               1300.0  1020.0     0.0    84.2   74.0   84.0     0 6/8/3/6/4/2           2     0   0.0    0.0    0.0    0.0 1300.0 L 0.00 -
1390    0    0    11 0/18/0/0/0               1300.0  1020.0     0.0    84.2   74.0   84.0     0 6/8/3/6/4/2           2     0   0.0    0.0    0.0    0.0 1300.0 L 0.00 -
1400    0    0    11 0/18/0/0/0               1300.0  1020.0     0.0    84.2   74.0   84.0     0 6/8/3/6/4/2           2     0   0.0    0.0    0.0    0.0 1300.0 L 0.00 -
1410    0    0    11 0/18/0/0/0               1300.0  1020.0     0.0    84.2   74.0   84.0     0 6/8/3/6/4/2           2     0   0.0    0.0    0.0    0.0 1300.0 L 0.00 -
1420    0    0    11 0/18/0/0/0               1300.0  1020.0     0.0    84.2   74.0   84.0     0 6/8/3/6/4/2           2     0   0.0    0.0    0.0    0.0 1300.0 L 0.00 -
1430    0    0    11 0/18/0/0/0               1300.0  1020.0     0.0    84.2   74.0   84.0     0 6/8/3/6/4/2           2     0   0.0    0.0    0.0    0.0 1300.0 L 0.00 -
1440    0    0    11 0/18/0/0/0               1300.0  1020.0     0.0    84.2   74.0   84.0     0 6/8/3/6/4/2           2     0   0.0    0.0    0.0    0.0 1300.0 L 0.00 -
1450    0    0    11 0/18/0/0/0               1300.0  1020.0     0.0    84.2   74.0   84.0     0 6/8/3/6/4/2           2     0   0.0    0.0    0.0    0.0 1300.0 L 0.00 -
1460    0    0    11 0/18/0/0/0               1300.0  1020.0     0.0    84.2   74.0   84.0     0 6/8/3/6/4/2           2     0   0.0    0.0    0.0    0.0 1300.0 L 0.00 -
1470    0    0    11 0/18/0/0/0               1300.0  1020.0     0.0    84.2   74.0   84.0     0 6/8/3/6/4/2           2     0   0.0    0.0    0.0    0.0 1300.0 L 0.00 -
1480    0    0    11 0/18/0/0/0               1300.0  1020.0     0.0    84.2   74.0   84.0     0 6/8/3/6/4/2           2     0   0.0    0.0    0.0    0.0 1300.0 L 0.00 -
1490    0    0    11 0/18/0/0/0               1300.0  1020.0     0.0    84.2   74.0   84.0     0 6/8/3/6/4/2           2     0   0.0    0.0    0.0    0.0 1300.0 L 0.00 -
1500    0    0    11 0/18/0/0/0               1300.0  1020.0     0.0    84.2   74.0   84.0     0 6/8/3/6/4/2           2     0   0.0    0.0    0.0    0.0 1300.0 L 0.00 -

targets for seed 2026 (1500 sols):
  T1 FAIL run min pop 0 (needs >= 5), final pop 0
  T2 PASS deaths 18 (air 0 thirst 18 hunger 0 eva 0 other 0), unexplained 0
  T3 PASS births 11, first_birth_sol 303, at_capacity 0, cooldown_violations 0, pop@30=7, pop@100=7, pop@300=7
  T4 PASS min O2 263.5, food 203.1; ice ran dry (pressure): min ice 0.0, ice>30 0.0, thirst deaths 18; max ice/target 0.96, regolith/target 0.92
  T5 FAIL demand>supply 0.77% of steps (<=10), max shorts/sol 1 (<=2), max offline 74.1 h (<=24.7), first new reactor sol 15 (<=15)
  T6 PASS limited 5993.6 h = 16.20% (>=2% provisional; 4 of 5 seeds), site busy 18.1%; waiting_regolith 160.0 h, site_no_crew 5833.6 h
  T7 PASS turn_backs_air 0, exhausted 121, reachable>=2 at 100.0% of 1500 sol samples (>=95), trips 576
  T8 FAIL row avg energy 0.0..64.7 (40..90), row asleep 0.0..12.1% (5..30), max sleep 8.8 h (<=18)
  T9 N/A  checked by repeating the run and by tests/test_determinism.gd (compare the table sha256)
  T10 FAIL first settlement sol 348 (40..150), age_changes 2 (<=4), min gap between consecutive history entries 249 (>=20), history 3 entries (changes+1 = 3); report: sols_in_age landing 1251 settlement 249 council 0, age at end landing, changes [sol 348 settled; sol 597 fell_back (cause ice)], fall back causes [sol 597 ice], not-ok sols 77 (by group, a sol can fail several: ice 21, food 1, oxygen 1, power 11, death 8, unrest 46)
  T11 FAIL (1) list lengths 1501/1501/1501/1501 ok; (2) lonely mean of last 50 readings 0.000 (max 0.35) ok; (3) friends_mean 0.00 (1.0..15.0) BAD; (4) first_friendship_sol 259 ok; (5) lines_dropped (total) 0 ok; report: web 0.00 second 0.00 lonely 0.00 friends_mean 0.00 friends share of colony 0.000 (pop 0)
  T12 PASS (1) list lengths 1501/1501/1501 ok; (2) C2 ok; (3) council changes 0 (<=4) ok; (4) proposals 0 ok; (5) one Council line per boundary ok; report: first Council sol <null>, meetings 0, proposals [], pledge sol <null> reason -, lines {"circles_few":2}, dropped 0; council_min_seeds 3 pledge_min_seeds 1
RESULT FAIL (target 9 determinism: table sha256 d38235ebbfe07462)
# player attentive cadence=2.0
PLAYER checks=320 uses guide=55 fortune=4 per100 guide=3.7 fortune=0.3 guide_in_trouble=55
PLAYER first_low_sol=337 samples=64 mean_ice_over_target=0.524 low_share=0.328
PLAYER guide_trips=20 ice_trips_total=262 ice_trips_in_guided_window=27 guide_share_of_window=0.741 guide_hauled=113.5
PLAYER air_deaths=0 turn_backs_air=0 first_thirst_sol=579
