Godot Engine v4.5.stable.official.876b29033 - https://godotengine.org

# station zero balance run: seed=42 sols=1500 overrides=[] fixed_step=0.05 data_hash=fcb5ff2f0fbf63a1 player=attentive cadence=2.0
# deaths and births are cumulative; shorts, trips, energy, asleep, wait, min_* are for the 30-sol window
 sol  pop  min birth dead a/t/h/o/x           oxygen    food     ice   regol   dmnd   supp short bldg R/H/W/G/A/C  reach trips  avgE asleep%  waitH minIce  minO2 age web cn
  10    7    7     0 0/0/0/0/0                 378.9   296.2    63.5    36.2   14.0   28.0     0 2/2/1/1/0/0           2    10  55.1   11.3  140.6   56.8  259.7 L 1.00 -
  20    7    7     0 0/0/0/0/0                 700.0   540.0    59.1     9.4   20.0   28.0     0 2/2/1/2/0/0           2    12  52.1   10.9  105.2   56.7  379.0 L 1.00 -
  30    7    7     0 0/0/0/0/0                 700.0   540.0    88.5    50.6   22.0   28.0     0 2/2/2/2/0/0           2    16  56.0   12.1   72.8   56.7  699.0 L 1.00 -
  40    7    7     0 0/0/0/0/0                 700.0   540.0    81.7    42.7   24.0   28.0     0 2/2/2/2/0/0           2     6  55.3   11.3  200.9   81.7  699.0 L 1.00 -
  50    7    7     0 0/0/0/0/0                 700.0   540.0    83.0    35.1   25.0   42.0     0 3/2/2/2/0/1           2    10  54.2   11.0  160.7   72.7  699.0 L 1.00 -
  60    7    7     0 0/0/0/0/0                 850.0   660.0    89.1    40.1   29.0   42.0     0 3/2/2/3/0/1           2    14  53.4   11.6  108.5   70.7  699.0 L 1.00 -
  70    7    7     0 0/0/0/0/0                 850.0   660.0    84.0    20.0   31.0   42.0     0 3/2/2/3/0/1           2    10  53.7   10.9  192.4   84.0  849.0 L 0.86 -
  80    7    7     0 0/0/0/0/0                 850.0   660.0    77.9    47.0   31.0   42.0     0 3/2/2/3/0/1           2     6  54.4   10.7  230.1   75.7  849.0 L 0.71 -
  90    7    7     0 0/0/0/0/0                1000.0   780.0    71.3    76.2   33.0   42.0     0 3/2/2/4/0/1           2     6  58.2   10.6  172.8   61.1  849.0 L 0.71 -
 100    7    7     0 0/0/0/0/0                1000.0   780.0    57.7    54.6   36.0   42.0     0 3/3/2/4/0/1           2     8  52.3   11.0  185.5   57.7  999.0 L 0.57 -
 110    7    7     0 0/0/0/0/0                1000.0   780.0    74.9    42.4   38.0   42.0     0 3/3/2/4/0/1           2    12  55.0   11.3   62.6   57.0  999.0 L 0.29 -
 120    7    7     0 0/0/0/0/0                1000.0   780.0    67.1    66.7   38.0   42.0     0 3/3/2/4/0/1           2     6  56.1   12.5  213.6   63.1  999.0 L 0.29 -
 130    7    7     0 0/0/0/0/0                1150.0   900.0    64.6    35.8   42.0   42.0     0 3/3/2/5/0/1           2    11  56.0    9.9  189.7   59.0  999.0 L 0.29 -
 140    7    7     0 0/0/0/0/0                1150.0   900.0    56.5    62.9   42.0   42.0     0 3/3/2/5/0/1           2     5  54.0   10.5  236.2   56.5 1149.0 L 0.29 -
 150    7    7     0 0/0/0/0/0                1150.0   900.0    50.3    62.9   42.0   42.0     0 3/3/2/5/0/1           2     2  54.1   10.5  225.7   50.3 1149.0 L 0.29 -
 160    7    7     0 0/0/0/0/0                1150.0   900.0    62.8    25.9   42.0   56.0     0 4/3/2/5/0/1           2    14  54.0   11.2   41.3   46.9 1149.0 L 0.29 -
 170    7    7     0 0/0/0/0/0                1150.0   900.0    79.4    50.4   42.0   56.0     0 4/3/2/5/0/1           2     8  56.1   11.4  246.6   56.1 1149.0 L 0.29 -
 180    7    7     0 0/0/0/0/0                1150.0   900.0    85.0    70.9   42.0   56.0     0 4/3/2/5/0/1           2     8  57.6   10.8  245.5   77.2 1149.0 L 0.29 -
 190    7    7     0 0/0/0/0/0                1150.0   900.0    89.9    85.7   42.0   56.0     0 4/3/2/5/0/1           2     6  56.3   10.6  240.7   83.6 1149.0 L 0.14 -
 200    7    7     0 0/0/0/0/0                1150.0   900.0    94.1   101.2   42.0   56.0     0 4/3/2/5/0/1           2     5  56.7   11.1  241.2   88.6 1149.0 L 0.14 -
 210    7    7     0 0/0/0/0/0                1150.0   900.0    80.5   119.0   42.0   56.0     0 4/3/2/5/0/1           2     3  57.9   10.8  246.6   80.5 1149.0 L 0.14 -
 220    7    7     0 0/0/0/0/0                1150.0   900.0    70.1   159.6   42.0   56.0     0 4/3/2/5/0/1           2     6  56.5   10.7  238.0   70.1 1149.0 L 0.14 -
 230    7    7     0 0/0/0/0/0                1150.0   900.0    80.3    86.0   44.0   56.0     0 4/3/2/5/1/1           2     9  54.6   10.5  193.0   67.3 1149.0 L 0.14 -
 240    7    7     0 0/0/0/0/0                1150.0   900.0    69.6    20.9   46.0   56.0     0 4/3/2/5/2/1           2     6  58.9   10.9  166.5   69.6 1149.0 L 0.14 -
 250    7    7     0 0/0/0/0/0                1150.0   900.0    60.8    38.0   46.0   56.0     0 4/3/2/5/2/1           2     3  53.9   10.0  238.0   60.8 1149.0 L 0.14 -
 260    7    7     0 0/0/0/0/0                1150.0   900.0    61.9    55.1   46.0   56.0     0 4/3/2/5/2/1           2     6  59.1   11.8  246.6   54.4 1149.0 L 0.14 -
 270    7    7     0 0/0/0/0/0                1150.0   900.0    55.7    91.1   46.0   56.0     0 4/3/2/5/2/1           2     9  57.6   10.5  245.4   50.9 1149.0 L 0.14 -
 280    9    7     2 0/0/0/0/0                1150.0   900.0    64.8   113.4   46.0   56.0     0 4/3/2/5/2/1           2     5  56.9   11.2  246.6   53.0 1149.0 L 0.22 -
 290   12    9     5 0/0/0/0/0                1150.0   900.0    51.3   147.1   46.0   56.0     0 4/3/2/5/2/1           2     7  58.9   10.3  246.6   51.3 1149.0 S 0.50 -
 300   12   12     5 0/0/0/0/0                1150.0   900.0    31.2   170.8   46.0   56.0     0 4/3/2/5/2/1           2     5  61.2   10.6  246.6   31.2 1149.0 S 0.50 -
 310   12   12     5 0/0/0/0/0                1150.0   900.0    18.2   179.2   46.0   56.0     0 4/3/2/5/2/1           2     5  60.7   10.6  246.4   18.2 1149.0 S 0.83 -
 320   12   12     5 0/0/0/0/0                1150.0   900.0    25.1   190.3   46.0   56.0     0 4/3/2/5/2/1           2     8  60.0   10.4  246.6   17.3 1149.0 S 0.83 -
 330   12   12     5 0/0/0/0/0                1150.0   900.0    16.1   190.3   46.0   56.0     0 4/3/2/5/2/1           2     4  60.5   11.2  246.6   15.6 1149.0 S 0.83 -
 340   12   12     5 0/0/0/0/0                1150.0   900.0    22.9   190.3   46.0   56.0     0 4/3/2/5/2/1           2     8  58.7   10.8  226.7    8.9 1149.0 S 0.83 -
 350   12   12     5 0/0/0/0/0                1150.0   900.0    19.3   190.3   46.0   56.0     0 4/3/2/5/3/1           2     8  57.7    9.9  233.1   17.6 1149.0 S 0.83 -
 360   12   12     5 0/0/0/0/0                1150.0   900.0    31.9    90.3   48.0   56.0     0 4/3/2/5/3/1           2     7  56.9   11.0   77.5   18.5 1148.0 S 0.83 -
 370   12   12     5 0/0/0/0/0                1150.0   900.0    11.2   105.5   48.0   56.0     0 4/3/2/5/3/1           2     4  59.2   10.1  229.4   11.2 1149.0 S 0.42 -
 380   12   12     5 0/0/0/0/0                1150.0   900.0     3.5   105.5   48.0   56.0     0 4/3/2/5/3/1           2     4  57.7   10.4  234.3    0.0 1149.0 S 0.42 -
 390    0    0     6 0/13/0/0/0               1150.0   900.0     0.0   105.5   48.0   56.0     0 4/3/2/5/3/1           2     0  60.2   10.7  236.1    0.0 1149.0 S 0.00 -
 400    0    0     6 0/13/0/0/0               1150.0   900.0     0.0   105.5   48.0   56.0     0 4/3/2/5/3/1           2     0   0.0    0.0  246.6    0.0 1150.0 S 0.00 -
 410    0    0     6 0/13/0/0/0               1150.0   900.0     0.0   105.5   48.0   56.0     0 4/3/2/5/3/1           2     0   0.0    0.0  246.6    0.0 1150.0 S 0.00 -
 420    0    0     6 0/13/0/0/0               1150.0   900.0     0.0   105.5   48.0   56.0     0 4/3/2/5/3/1           2     0   0.0    0.0  246.6    0.0 1150.0 S 0.00 -
 430    0    0     6 0/13/0/0/0               1150.0   900.0     0.0   105.5   48.0   56.0     0 4/3/2/5/3/1           2     0   0.0    0.0  246.6    0.0 1150.0 S 0.00 -
 440    0    0     6 0/13/0/0/0               1150.0   900.0     0.0   105.5   48.0   56.0     0 4/3/2/5/3/1           2     0   0.0    0.0  246.6    0.0 1150.0 S 0.00 -
 450    0    0     6 0/13/0/0/0               1150.0   900.0     0.0   105.5   48.0   56.0     0 4/3/2/5/3/1           2     0   0.0    0.0  246.6    0.0 1150.0 S 0.00 -
 460    0    0     6 0/13/0/0/0               1150.0   900.0     0.0   105.5   48.0   56.0     0 4/3/2/5/3/1           2     0   0.0    0.0  246.6    0.0 1150.0 S 0.00 -
 470    0    0     6 0/13/0/0/0               1150.0   900.0     0.0   105.5   48.0   56.0     0 4/3/2/5/3/1           2     0   0.0    0.0  246.6    0.0 1150.0 S 0.00 -
 480    0    0     6 0/13/0/0/0               1150.0   900.0     0.0   105.5   48.0   56.0     0 4/3/2/5/3/1           2     0   0.0    0.0  246.6    0.0 1150.0 S 0.00 -
 490    0    0     6 0/13/0/0/0               1150.0   900.0     0.0   105.5   48.0   56.0     0 4/3/2/5/3/1           2     0   0.0    0.0  246.6    0.0 1150.0 S 0.00 -
 500    0    0     6 0/13/0/0/0               1150.0   900.0     0.0   105.5   48.0   56.0     0 4/3/2/5/3/1           2     0   0.0    0.0  246.6    0.0 1150.0 S 0.00 -
 510    0    0     6 0/13/0/0/0               1150.0   900.0     0.0   105.5   48.0   56.0     0 4/3/2/5/3/1           2     0   0.0    0.0  246.6    0.0 1150.0 S 0.00 -
 520    0    0     6 0/13/0/0/0               1150.0   900.0     0.0   105.5   48.0   56.0     0 4/3/2/5/3/1           2     0   0.0    0.0  246.6    0.0 1150.0 S 0.00 -
 530    0    0     6 0/13/0/0/0               1150.0   900.0     0.0   105.5   48.0   56.0     0 4/3/2/5/3/1           2     0   0.0    0.0  246.6    0.0 1150.0 S 0.00 -
 540    0    0     6 0/13/0/0/0               1150.0   900.0     0.0   105.5   48.0   56.0     0 4/3/2/5/3/1           2     0   0.0    0.0  246.6    0.0 1150.0 S 0.00 -
 550    0    0     6 0/13/0/0/0               1150.0   900.0     0.0   105.5   48.0   56.0     0 4/3/2/5/3/1           2     0   0.0    0.0  246.6    0.0 1150.0 S 0.00 -
 560    0    0     6 0/13/0/0/0               1150.0   900.0     0.0   105.5   48.0   56.0     0 4/3/2/5/3/1           2     0   0.0    0.0  246.6    0.0 1150.0 S 0.00 -
 570    0    0     6 0/13/0/0/0               1150.0   900.0     0.0   105.5   48.0   56.0     0 4/3/2/5/3/1           2     0   0.0    0.0  246.6    0.0 1150.0 S 0.00 -
 580    0    0     6 0/13/0/0/0               1150.0   900.0     0.0   105.5   48.0   56.0     0 4/3/2/5/3/1           2     0   0.0    0.0  246.6    0.0 1150.0 S 0.00 -
 590    0    0     6 0/13/0/0/0               1150.0   900.0     0.0   105.5   48.0   56.0     0 4/3/2/5/3/1           2     0   0.0    0.0  246.6    0.0 1150.0 S 0.00 -
 600    0    0     6 0/13/0/0/0               1150.0   900.0     0.0   105.5   48.0   56.0     0 4/3/2/5/3/1           2     0   0.0    0.0  246.6    0.0 1150.0 S 0.00 -
 610    0    0     6 0/13/0/0/0               1150.0   900.0     0.0   105.5   48.0   56.0     0 4/3/2/5/3/1           2     0   0.0    0.0  246.6    0.0 1150.0 S 0.00 -
 620    0    0     6 0/13/0/0/0               1150.0   900.0     0.0   105.5   48.0   56.0     0 4/3/2/5/3/1           2     0   0.0    0.0  246.6    0.0 1150.0 S 0.00 -
 630    0    0     6 0/13/0/0/0               1150.0   900.0     0.0   105.5   48.0   56.0     0 4/3/2/5/3/1           2     0   0.0    0.0  246.6    0.0 1150.0 S 0.00 -
 640    0    0     6 0/13/0/0/0               1150.0   900.0     0.0   105.5   48.0   56.0     0 4/3/2/5/3/1           2     0   0.0    0.0  246.6    0.0 1150.0 S 0.00 -
 650    0    0     6 0/13/0/0/0               1150.0   900.0     0.0   105.5   48.0   56.0     0 4/3/2/5/3/1           2     0   0.0    0.0  246.6    0.0 1150.0 S 0.00 -
 660    0    0     6 0/13/0/0/0               1150.0   900.0     0.0   105.5   48.0   56.0     0 4/3/2/5/3/1           2     0   0.0    0.0  246.6    0.0 1150.0 S 0.00 -
 670    0    0     6 0/13/0/0/0               1150.0   900.0     0.0   105.5   48.0   56.0     0 4/3/2/5/3/1           2     0   0.0    0.0  246.6    0.0 1150.0 S 0.00 -
 680    0    0     6 0/13/0/0/0               1150.0   900.0     0.0   105.5   48.0   56.0     0 4/3/2/5/3/1           2     0   0.0    0.0  246.6    0.0 1150.0 S 0.00 -
 690    0    0     6 0/13/0/0/0               1150.0   900.0     0.0   105.5   48.0   56.0     0 4/3/2/5/3/1           2     0   0.0    0.0  246.6    0.0 1150.0 S 0.00 -
 700    0    0     6 0/13/0/0/0               1150.0   900.0     0.0   105.5   48.0   56.0     0 4/3/2/5/3/1           2     0   0.0    0.0  246.6    0.0 1150.0 S 0.00 -
 710    0    0     6 0/13/0/0/0               1150.0   900.0     0.0   105.5   48.0   56.0     0 4/3/2/5/3/1           2     0   0.0    0.0  246.6    0.0 1150.0 S 0.00 -
 720    0    0     6 0/13/0/0/0               1150.0   900.0     0.0   105.5   48.0   56.0     0 4/3/2/5/3/1           2     0   0.0    0.0  246.6    0.0 1150.0 S 0.00 -
 730    0    0     6 0/13/0/0/0               1150.0   900.0     0.0   105.5   48.0   56.0     0 4/3/2/5/3/1           2     0   0.0    0.0  246.6    0.0 1150.0 S 0.00 -
 740    0    0     6 0/13/0/0/0               1150.0   900.0     0.0   105.5   48.0   56.0     0 4/3/2/5/3/1           2     0   0.0    0.0  246.6    0.0 1150.0 S 0.00 -
 750    0    0     6 0/13/0/0/0               1150.0   900.0     0.0   105.5   48.0   56.0     0 4/3/2/5/3/1           2     0   0.0    0.0  246.6    0.0 1150.0 S 0.00 -
 760    0    0     6 0/13/0/0/0               1150.0   900.0     0.0   105.5   48.0   56.0     0 4/3/2/5/3/1           2     0   0.0    0.0  246.6    0.0 1150.0 S 0.00 -
 770    0    0     6 0/13/0/0/0               1150.0   900.0     0.0   105.5   48.0   56.0     0 4/3/2/5/3/1           2     0   0.0    0.0  246.6    0.0 1150.0 S 0.00 -
 780    0    0     6 0/13/0/0/0               1150.0   900.0     0.0   105.5   48.0   56.0     0 4/3/2/5/3/1           2     0   0.0    0.0  246.6    0.0 1150.0 S 0.00 -
 790    0    0     6 0/13/0/0/0               1150.0   900.0     0.0   105.5   48.0   56.0     0 4/3/2/5/3/1           2     0   0.0    0.0  246.6    0.0 1150.0 S 0.00 -
 800    0    0     6 0/13/0/0/0               1150.0   900.0     0.0   105.5   48.0   56.0     0 4/3/2/5/3/1           2     0   0.0    0.0  246.6    0.0 1150.0 S 0.00 -
 810    0    0     6 0/13/0/0/0               1150.0   900.0     0.0   105.5   48.0   56.0     0 4/3/2/5/3/1           2     0   0.0    0.0  246.6    0.0 1150.0 S 0.00 -
 820    0    0     6 0/13/0/0/0               1150.0   900.0     0.0   105.5   48.0   56.0     0 4/3/2/5/3/1           2     0   0.0    0.0  246.6    0.0 1150.0 S 0.00 -
 830    0    0     6 0/13/0/0/0               1150.0   900.0     0.0   105.5   48.0   56.0     0 4/3/2/5/3/1           2     0   0.0    0.0  246.6    0.0 1150.0 S 0.00 -
 840    0    0     6 0/13/0/0/0               1150.0   900.0     0.0   105.5   48.0   56.0     0 4/3/2/5/3/1           2     0   0.0    0.0  246.6    0.0 1150.0 S 0.00 -
 850    0    0     6 0/13/0/0/0               1150.0   900.0     0.0   105.5   48.0   56.0     0 4/3/2/5/3/1           2     0   0.0    0.0  246.6    0.0 1150.0 S 0.00 -
 860    0    0     6 0/13/0/0/0               1150.0   900.0     0.0   105.5   48.0   56.0     0 4/3/2/5/3/1           2     0   0.0    0.0  246.6    0.0 1150.0 S 0.00 -
 870    0    0     6 0/13/0/0/0               1150.0   900.0     0.0   105.5   48.0   56.0     0 4/3/2/5/3/1           2     0   0.0    0.0  246.6    0.0 1150.0 S 0.00 -
 880    0    0     6 0/13/0/0/0               1150.0   900.0     0.0   105.5   48.0   56.0     0 4/3/2/5/3/1           2     0   0.0    0.0  246.6    0.0 1150.0 S 0.00 -
 890    0    0     6 0/13/0/0/0               1150.0   900.0     0.0   105.5   48.0   56.0     0 4/3/2/5/3/1           2     0   0.0    0.0  246.6    0.0 1150.0 S 0.00 -
 900    0    0     6 0/13/0/0/0               1150.0   900.0     0.0   105.5   48.0   56.0     0 4/3/2/5/3/1           2     0   0.0    0.0  246.6    0.0 1150.0 S 0.00 -
 910    0    0     6 0/13/0/0/0               1150.0   900.0     0.0   105.5   48.0   56.0     0 4/3/2/5/3/1           2     0   0.0    0.0  246.6    0.0 1150.0 S 0.00 -
 920    0    0     6 0/13/0/0/0               1150.0   900.0     0.0   105.5   48.0   56.0     0 4/3/2/5/3/1           2     0   0.0    0.0  246.6    0.0 1150.0 S 0.00 -
 930    0    0     6 0/13/0/0/0               1150.0   900.0     0.0   105.5   48.0   56.0     0 4/3/2/5/3/1           2     0   0.0    0.0  246.6    0.0 1150.0 S 0.00 -
 940    0    0     6 0/13/0/0/0               1150.0   900.0     0.0   105.5   48.0   56.0     0 4/3/2/5/3/1           2     0   0.0    0.0  246.6    0.0 1150.0 S 0.00 -
 950    0    0     6 0/13/0/0/0               1150.0   900.0     0.0   105.5   48.0   56.0     0 4/3/2/5/3/1           2     0   0.0    0.0  246.6    0.0 1150.0 S 0.00 -
 960    0    0     6 0/13/0/0/0               1150.0   900.0     0.0   105.5   48.0   56.0     0 4/3/2/5/3/1           2     0   0.0    0.0  246.6    0.0 1150.0 S 0.00 -
 970    0    0     6 0/13/0/0/0               1150.0   900.0     0.0   105.5   48.0   56.0     0 4/3/2/5/3/1           2     0   0.0    0.0  246.6    0.0 1150.0 S 0.00 -
 980    0    0     6 0/13/0/0/0               1150.0   900.0     0.0   105.5   48.0   56.0     0 4/3/2/5/3/1           2     0   0.0    0.0  246.6    0.0 1150.0 S 0.00 -
 990    0    0     6 0/13/0/0/0               1150.0   900.0     0.0   105.5   48.0   56.0     0 4/3/2/5/3/1           2     0   0.0    0.0  246.6    0.0 1150.0 S 0.00 -
1000    0    0     6 0/13/0/0/0               1150.0   900.0     0.0   105.5   48.0   56.0     0 4/3/2/5/3/1           2     0   0.0    0.0  246.6    0.0 1150.0 S 0.00 -
1010    0    0     6 0/13/0/0/0               1150.0   900.0     0.0   105.5   48.0   56.0     0 4/3/2/5/3/1           2     0   0.0    0.0  246.6    0.0 1150.0 S 0.00 -
1020    0    0     6 0/13/0/0/0               1150.0   900.0     0.0   105.5   48.0   56.0     0 4/3/2/5/3/1           2     0   0.0    0.0  246.6    0.0 1150.0 S 0.00 -
1030    0    0     6 0/13/0/0/0               1150.0   900.0     0.0   105.5   48.0   56.0     0 4/3/2/5/3/1           2     0   0.0    0.0  246.6    0.0 1150.0 S 0.00 -
1040    0    0     6 0/13/0/0/0               1150.0   900.0     0.0   105.5   48.0   56.0     0 4/3/2/5/3/1           2     0   0.0    0.0  246.6    0.0 1150.0 S 0.00 -
1050    0    0     6 0/13/0/0/0               1150.0   900.0     0.0   105.5   48.0   56.0     0 4/3/2/5/3/1           2     0   0.0    0.0  246.6    0.0 1150.0 S 0.00 -
1060    0    0     6 0/13/0/0/0               1150.0   900.0     0.0   105.5   48.0   56.0     0 4/3/2/5/3/1           2     0   0.0    0.0  246.6    0.0 1150.0 S 0.00 -
1070    0    0     6 0/13/0/0/0               1150.0   900.0     0.0   105.5   48.0   56.0     0 4/3/2/5/3/1           2     0   0.0    0.0  246.6    0.0 1150.0 S 0.00 -
1080    0    0     6 0/13/0/0/0               1150.0   900.0     0.0   105.5   48.0   56.0     0 4/3/2/5/3/1           2     0   0.0    0.0  246.6    0.0 1150.0 S 0.00 -
1090    0    0     6 0/13/0/0/0               1150.0   900.0     0.0   105.5   48.0   56.0     0 4/3/2/5/3/1           2     0   0.0    0.0  246.6    0.0 1150.0 S 0.00 -
1100    0    0     6 0/13/0/0/0               1150.0   900.0     0.0   105.5   48.0   56.0     0 4/3/2/5/3/1           2     0   0.0    0.0  246.6    0.0 1150.0 S 0.00 -
1110    0    0     6 0/13/0/0/0               1150.0   900.0     0.0   105.5   48.0   56.0     0 4/3/2/5/3/1           2     0   0.0    0.0  246.6    0.0 1150.0 S 0.00 -
1120    0    0     6 0/13/0/0/0               1150.0   900.0     0.0   105.5   48.0   56.0     0 4/3/2/5/3/1           2     0   0.0    0.0  246.6    0.0 1150.0 S 0.00 -
1130    0    0     6 0/13/0/0/0               1150.0   900.0     0.0   105.5   48.0   56.0     0 4/3/2/5/3/1           2     0   0.0    0.0  246.6    0.0 1150.0 S 0.00 -
1140    0    0     6 0/13/0/0/0               1150.0   900.0     0.0   105.5   48.0   56.0     0 4/3/2/5/3/1           2     0   0.0    0.0  246.6    0.0 1150.0 S 0.00 -
1150    0    0     6 0/13/0/0/0               1150.0   900.0     0.0   105.5   48.0   56.0     0 4/3/2/5/3/1           2     0   0.0    0.0  246.6    0.0 1150.0 S 0.00 -
1160    0    0     6 0/13/0/0/0               1150.0   900.0     0.0   105.5   48.0   56.0     0 4/3/2/5/3/1           2     0   0.0    0.0  246.6    0.0 1150.0 S 0.00 -
1170    0    0     6 0/13/0/0/0               1150.0   900.0     0.0   105.5   48.0   56.0     0 4/3/2/5/3/1           2     0   0.0    0.0  246.6    0.0 1150.0 S 0.00 -
1180    0    0     6 0/13/0/0/0               1150.0   900.0     0.0   105.5   48.0   56.0     0 4/3/2/5/3/1           2     0   0.0    0.0  246.6    0.0 1150.0 S 0.00 -
1190    0    0     6 0/13/0/0/0               1150.0   900.0     0.0   105.5   48.0   56.0     0 4/3/2/5/3/1           2     0   0.0    0.0  246.6    0.0 1150.0 S 0.00 -
1200    0    0     6 0/13/0/0/0               1150.0   900.0     0.0   105.5   48.0   56.0     0 4/3/2/5/3/1           2     0   0.0    0.0  246.6    0.0 1150.0 S 0.00 -
1210    0    0     6 0/13/0/0/0               1150.0   900.0     0.0   105.5   48.0   56.0     0 4/3/2/5/3/1           2     0   0.0    0.0  246.6    0.0 1150.0 S 0.00 -
1220    0    0     6 0/13/0/0/0               1150.0   900.0     0.0   105.5   48.0   56.0     0 4/3/2/5/3/1           2     0   0.0    0.0  246.6    0.0 1150.0 S 0.00 -
1230    0    0     6 0/13/0/0/0               1150.0   900.0     0.0   105.5   48.0   56.0     0 4/3/2/5/3/1           2     0   0.0    0.0  246.6    0.0 1150.0 S 0.00 -
1240    0    0     6 0/13/0/0/0               1150.0   900.0     0.0   105.5   48.0   56.0     0 4/3/2/5/3/1           2     0   0.0    0.0  246.6    0.0 1150.0 S 0.00 -
1250    0    0     6 0/13/0/0/0               1150.0   900.0     0.0   105.5   48.0   56.0     0 4/3/2/5/3/1           2     0   0.0    0.0  246.6    0.0 1150.0 S 0.00 -
1260    0    0     6 0/13/0/0/0               1150.0   900.0     0.0   105.5   48.0   56.0     0 4/3/2/5/3/1           2     0   0.0    0.0  246.6    0.0 1150.0 S 0.00 -
1270    0    0     6 0/13/0/0/0               1150.0   900.0     0.0   105.5   48.0   56.0     0 4/3/2/5/3/1           2     0   0.0    0.0  246.6    0.0 1150.0 S 0.00 -
1280    0    0     6 0/13/0/0/0               1150.0   900.0     0.0   105.5   48.0   56.0     0 4/3/2/5/3/1           2     0   0.0    0.0  246.6    0.0 1150.0 S 0.00 -
1290    0    0     6 0/13/0/0/0               1150.0   900.0     0.0   105.5   48.0   56.0     0 4/3/2/5/3/1           2     0   0.0    0.0  246.6    0.0 1150.0 S 0.00 -
1300    0    0     6 0/13/0/0/0               1150.0   900.0     0.0   105.5   48.0   56.0     0 4/3/2/5/3/1           2     0   0.0    0.0  246.6    0.0 1150.0 S 0.00 -
1310    0    0     6 0/13/0/0/0               1150.0   900.0     0.0   105.5   48.0   56.0     0 4/3/2/5/3/1           2     0   0.0    0.0  246.6    0.0 1150.0 S 0.00 -
1320    0    0     6 0/13/0/0/0               1150.0   900.0     0.0   105.5   48.0   56.0     0 4/3/2/5/3/1           2     0   0.0    0.0  246.6    0.0 1150.0 S 0.00 -
1330    0    0     6 0/13/0/0/0               1150.0   900.0     0.0   105.5   48.0   56.0     0 4/3/2/5/3/1           2     0   0.0    0.0  246.6    0.0 1150.0 S 0.00 -
1340    0    0     6 0/13/0/0/0               1150.0   900.0     0.0   105.5   48.0   56.0     0 4/3/2/5/3/1           2     0   0.0    0.0  246.6    0.0 1150.0 S 0.00 -
1350    0    0     6 0/13/0/0/0               1150.0   900.0     0.0   105.5   48.0   56.0     0 4/3/2/5/3/1           2     0   0.0    0.0  246.6    0.0 1150.0 S 0.00 -
1360    0    0     6 0/13/0/0/0               1150.0   900.0     0.0   105.5   48.0   56.0     0 4/3/2/5/3/1           2     0   0.0    0.0  246.6    0.0 1150.0 S 0.00 -
1370    0    0     6 0/13/0/0/0               1150.0   900.0     0.0   105.5   48.0   56.0     0 4/3/2/5/3/1           2     0   0.0    0.0  246.6    0.0 1150.0 S 0.00 -
1380    0    0     6 0/13/0/0/0               1150.0   900.0     0.0   105.5   48.0   56.0     0 4/3/2/5/3/1           2     0   0.0    0.0  246.6    0.0 1150.0 S 0.00 -
1390    0    0     6 0/13/0/0/0               1150.0   900.0     0.0   105.5   48.0   56.0     0 4/3/2/5/3/1           2     0   0.0    0.0  246.6    0.0 1150.0 S 0.00 -
1400    0    0     6 0/13/0/0/0               1150.0   900.0     0.0   105.5   48.0   56.0     0 4/3/2/5/3/1           2     0   0.0    0.0  246.6    0.0 1150.0 S 0.00 -
1410    0    0     6 0/13/0/0/0               1150.0   900.0     0.0   105.5   48.0   56.0     0 4/3/2/5/3/1           2     0   0.0    0.0  246.6    0.0 1150.0 S 0.00 -
1420    0    0     6 0/13/0/0/0               1150.0   900.0     0.0   105.5   48.0   56.0     0 4/3/2/5/3/1           2     0   0.0    0.0  246.6    0.0 1150.0 S 0.00 -
1430    0    0     6 0/13/0/0/0               1150.0   900.0     0.0   105.5   48.0   56.0     0 4/3/2/5/3/1           2     0   0.0    0.0  246.6    0.0 1150.0 S 0.00 -
1440    0    0     6 0/13/0/0/0               1150.0   900.0     0.0   105.5   48.0   56.0     0 4/3/2/5/3/1           2     0   0.0    0.0  246.6    0.0 1150.0 S 0.00 -
1450    0    0     6 0/13/0/0/0               1150.0   900.0     0.0   105.5   48.0   56.0     0 4/3/2/5/3/1           2     0   0.0    0.0  246.6    0.0 1150.0 S 0.00 -
1460    0    0     6 0/13/0/0/0               1150.0   900.0     0.0   105.5   48.0   56.0     0 4/3/2/5/3/1           2     0   0.0    0.0  246.6    0.0 1150.0 S 0.00 -
1470    0    0     6 0/13/0/0/0               1150.0   900.0     0.0   105.5   48.0   56.0     0 4/3/2/5/3/1           2     0   0.0    0.0  246.6    0.0 1150.0 S 0.00 -
1480    0    0     6 0/13/0/0/0               1150.0   900.0     0.0   105.5   48.0   56.0     0 4/3/2/5/3/1           2     0   0.0    0.0  246.6    0.0 1150.0 S 0.00 -
1490    0    0     6 0/13/0/0/0               1150.0   900.0     0.0   105.5   48.0   56.0     0 4/3/2/5/3/1           2     0   0.0    0.0  246.6    0.0 1150.0 S 0.00 -
1500    0    0     6 0/13/0/0/0               1150.0   900.0     0.0   105.5   48.0   56.0     0 4/3/2/5/3/1           2     0   0.0    0.0  246.6    0.0 1150.0 S 0.00 -

targets for seed 42 (1500 sols):
  T1 FAIL run min pop 0 (needs >= 5), final pop 0
  T2 PASS deaths 13 (air 0 thirst 13 hunger 0 eva 0 other 0), unexplained 0
  T3 PASS births 6, first_birth_sol 277, at_capacity 0, cooldown_violations 0, pop@30=7, pop@100=7, pop@300=12
  T4 PASS min O2 259.7, food 203.1; ice ran dry (pressure): min ice 0.0, ice>30 0.0, thirst deaths 13; max ice/target 0.84, regolith/target 0.51
  T5 PASS demand>supply 0.00% of steps (<=10), max shorts/sol 0 (<=2), max offline 0.0 h (<=24.7), first new reactor sol 4 (<=15)
  T6 PASS limited 35175.2 h = 95.10% (>=2% provisional; 4 of 5 seeds), site busy 96.3%; waiting_regolith 120.0 h, site_no_crew 35055.2 h
  T7 PASS turn_backs_air 0, exhausted 68, reachable>=2 at 100.0% of 1500 sol samples (>=95), trips 282
  T8 FAIL row avg energy 0.0..61.2 (40..90), row asleep 0.0..12.5% (5..30), max sleep 8.8 h (<=18)
  T9 N/A  checked by repeating the run and by tests/test_determinism.gd (compare the table sha256)
  T10 FAIL first settlement sol 288 (40..150), age_changes 1 (<=4), min gap between consecutive history entries 288 (>=20), history 2 entries (changes+1 = 2); report: sols_in_age landing 288 settlement 1212 council 0, age at end settlement, changes [sol 288 settled], fall back causes [none], not-ok sols 56 (by group, a sol can fail several: ice 13, food 1, oxygen 1, power 0, death 5, unrest 44)
  T11 FAIL (1) list lengths 1501/1501/1501/1501 ok; (2) lonely mean of last 50 readings 0.000 (max 0.35) ok; (3) friends_mean 0.00 (1.0..15.0) BAD; (4) first_friendship_sol 283 ok; (5) lines_dropped (total) 0 ok; report: web 0.00 second 0.00 lonely 0.00 friends_mean 0.00 friends share of colony 0.000 (pop 0)
  T12 PASS (1) list lengths 1501/1501/1501 ok; (2) C2 ok; (3) council changes 0 (<=4) ok; (4) proposals 0 ok; (5) one Council line per boundary ok; report: first Council sol <null>, meetings 0, proposals [], pledge sol <null> reason -, lines {"circles_few":1}, dropped 0; council_min_seeds 3 pledge_min_seeds 1
RESULT FAIL (target 9 determinism: table sha256 8bf9f27f5bc4561d)
# player attentive cadence=2.0
PLAYER checks=194 uses guide=24 fortune=0 per100 guide=1.6 fortune=0.0 guide_in_trouble=24
PLAYER first_low_sol=292 samples=39 mean_ice_over_target=0.495 low_share=0.231
PLAYER guide_trips=7 ice_trips_total=140 ice_trips_in_guided_window=11 guide_share_of_window=0.636 guide_hauled=31.0
PLAYER air_deaths=0 turn_backs_air=0 first_thirst_sol=382
