Godot Engine v4.5.stable.official.876b29033 - https://godotengine.org

# station zero balance run: seed=7 sols=1500 overrides=[] fixed_step=0.05 data_hash=fcb5ff2f0fbf63a1 player=attentive cadence=2.0
# deaths and births are cumulative; shorts, trips, energy, asleep, wait, min_* are for the 30-sol window
 sol  pop  min birth dead a/t/h/o/x           oxygen    food     ice   regol   dmnd   supp short bldg R/H/W/G/A/C  reach trips  avgE asleep%  waitH minIce  minO2 age web cn
  10    7    7     0 0/0/0/0/0                 379.9   296.2    65.9   116.7   11.0   28.0     0 2/1/1/1/0/0           2    14  52.4   11.2  130.3   60.8  260.5 L 1.00 -
  20    7    7     0 0/0/0/0/0                 550.0   420.0    78.0   120.8   14.0   28.0     0 2/2/1/1/0/0           2    11  55.1   10.8   44.9   62.9  380.0 L 1.00 -
  30    7    7     0 0/0/0/0/0                 550.0   420.0    79.5   129.8   17.0   28.0     0 2/3/1/1/0/0           2    15  53.7   11.6   89.8   69.2  548.0 L 1.00 -
  40    7    7     0 0/0/0/0/0                 550.0   420.0    81.8   143.6   20.0   28.0     0 2/3/1/1/0/1           2    14  54.4   12.3   48.9   76.6  549.0 L 1.00 -
  50    7    7     0 0/0/0/0/0                 550.0   420.0    79.1   116.7   22.0   28.0     0 2/3/1/1/0/1           2     7  57.3   10.2  197.5   79.1  549.0 L 1.00 -
  60    7    7     0 0/0/0/0/0                 550.0   420.0    67.1   172.2   22.0   28.0     0 2/3/1/1/0/1           2     8  54.7   10.7  217.5   67.1  548.2 L 0.86 -
  70    7    7     0 0/0/0/0/0                 550.0   420.0    74.5   199.4   23.0   28.0     0 2/3/1/1/0/2           2     9  57.7   10.4   62.3   64.8  549.0 L 0.71 -
  80    7    7     0 0/0/0/0/0                 550.0   420.0    78.7   222.3   23.0   28.0     0 2/3/1/1/0/2           2     8  58.4   11.9    0.0   70.0  549.0 L 0.71 -
  90    7    7     0 0/0/0/0/0                 550.0   420.0    94.4   236.4   23.0   28.0     0 2/3/1/1/0/2           2     7  58.6   11.0    0.0   77.7  548.5 L 1.00 -
 100    7    7     0 0/0/0/0/0                 550.0   420.0    96.9   223.3   25.0   28.0     0 2/3/1/1/0/2           2     7  55.6   10.7  116.4   92.7  549.0 L 0.86 -
 110    7    7     0 0/0/0/0/0                 661.9   503.5    90.4   175.0   27.0   42.0     2 3/3/1/2/0/2           2     6  55.4   10.6  174.6   89.0  548.7 L 0.86 -
 120    7    7     0 0/0/0/0/0                 700.0   540.0    83.4   154.3   29.0   42.0     0 3/3/1/2/0/2           2     8  55.1   11.4   70.3   83.4  662.0 L 0.86 -
 130    7    7     0 0/0/0/0/0                 700.0   540.0    97.1   179.2   30.0   42.0     0 3/4/1/2/0/2           2    10  55.0   11.3   89.9   77.7  698.0 L 0.86 -
 140    7    7     0 0/0/0/0/0                 700.0   540.0   107.7   244.2   30.0   42.0     0 3/4/1/2/0/2           2    12  57.6   11.6    0.0   96.0  699.0 L 0.71 -
 150    7    7     0 0/0/0/0/0                 700.0   540.0   115.1   276.2   30.0   42.0     0 3/4/1/2/0/2           2    10  58.8   10.9    0.0  101.0  698.5 L 0.71 -
 160    7    7     0 0/0/0/0/0                 700.0   540.0   113.9   299.4   30.0   42.0     0 3/4/1/2/0/2           2     5  60.3   11.2    0.0  102.0  699.0 L 0.71 -
 170    7    7     0 0/0/0/0/0                 700.0   540.0   125.9   317.2   30.0   42.0     0 3/4/1/2/0/2           2     7  57.0   11.0    0.0  112.2  699.0 L 0.86 -
 180    7    7     0 0/0/0/0/0                 700.0   540.0   119.4   272.9   33.0   42.0     0 3/4/1/2/0/3           2     6  59.4   11.7   92.8  112.8  699.0 L 0.86 -
 190    7    7     0 0/0/0/0/0                 700.0   540.0   102.2   231.6   36.0   42.0     0 3/5/1/2/0/3           2     7  60.1   10.6   94.2  102.2  699.0 L 1.00 -
 200    7    7     0 0/0/0/0/0                 700.0   540.0    93.9   166.5   38.0   42.0     0 3/5/1/2/0/3           2     3  59.7   11.0   69.6   91.4  699.0 L 1.00 -
 210    7    7     0 0/0/0/0/0                 700.0   540.0   109.8    67.6   40.0   56.0     0 4/5/1/2/1/3           2    13  58.0   11.6   65.0   91.6  698.1 L 1.00 -
 220    7    7     0 0/0/0/0/0                 700.0   540.0   115.5    76.1   40.0   56.0     0 4/5/1/2/1/3           2     5  54.5   10.4  225.4  105.3  699.0 L 0.57 -
 230    7    7     0 0/0/0/0/0                 850.0   660.0   103.2    19.3   44.0   56.0     0 4/5/1/3/1/3           2     6  56.1   11.9  199.3  101.9  699.0 L 0.57 -
 240    7    7     0 0/0/0/0/0                 850.0   660.0   100.8   128.8   45.0   56.0     0 4/5/1/3/1/4           2    17  54.9   11.6   10.0   98.1  849.0 L 0.57 -
 250    7    7     0 0/0/0/0/0                 850.0   660.0    83.5    84.3   47.0   56.0     0 4/5/1/3/1/4           2     7  57.9   11.2  161.2   83.5  849.0 L 0.43 -
 260    7    7     0 0/0/0/0/0                 850.0   660.0    85.2    12.5   50.0   56.0     0 4/6/1/3/1/4           2     8  56.9   11.3  189.8   77.6  849.0 L 0.57 -
 270    7    7     0 0/0/0/0/0                 850.0   660.0    90.0    78.7   51.0   56.0     0 4/7/1/3/1/4           2    12  58.7   11.6   40.0   78.6  849.0 L 0.43 -
 280    7    7     0 0/0/0/0/0                 850.0   660.0    95.4    66.0   53.0   56.0     0 4/7/1/3/1/4           2    16  58.9   11.5  116.1   88.2  849.0 L 0.43 -
 290   10    7     3 0/0/0/0/0                 850.0   660.0    95.2    62.0   56.0   56.0     0 4/8/1/3/1/4           2    16  60.4   11.3   21.4   93.8  849.0 L 0.60 -
 300   13   10     6 0/0/0/0/0                 850.0   660.0    89.1    74.5   56.0   56.0     0 4/8/1/3/1/4           2     7  61.3   11.0  239.8   84.6  849.0 L 0.92 -
 310   13   13     6 0/0/0/0/0                 850.0   660.0    68.2   102.0   56.0   56.0     0 4/8/1/3/1/4           2     5  59.9   10.2  244.4   68.2  849.0 L 0.85 -
 320   13   13     6 0/0/0/0/0                 850.0   660.0    48.1   124.7   56.0   56.0     0 4/8/1/3/1/4           2     5  62.6   11.2  235.3   48.1  849.0 L 0.46 -
 330   13   13     6 0/0/0/0/0                 850.0   660.0    16.0   124.7   56.0   56.0     0 4/8/1/3/1/4           2     1  61.4   10.5  246.6   16.0  849.0 L 0.46 -
 340   11   11     6 0/2/0/0/0                 850.0   660.0     0.0     8.7   56.0   70.0     0 5/8/1/3/1/4           2     1  58.9   10.3  196.5    0.0  849.0 L 0.36 -
 350    8    8     6 0/5/0/0/0                 850.0   660.0    14.0    26.6   58.0   70.0     0 5/8/2/3/1/4           2     9  54.2   11.3   49.4    0.0  848.7 L 0.25 -
 360    8    8     6 0/5/0/0/0                 850.0   660.0    33.6    26.6   58.0   70.0     0 5/8/2/3/1/4           2     9  50.0    8.8   30.0   12.8  848.4 L 0.25 -
 370    8    8     6 0/5/0/0/0                 850.0   660.0    40.8    57.3   58.0   70.0     0 5/8/2/3/1/4           2    11  48.3    9.9   30.0   32.9  849.0 L 0.25 -
 380    8    8     6 0/5/0/0/0                 850.0   660.0    35.9    98.1   58.0   70.0     0 5/8/2/3/1/4           2     6  57.7   11.2   25.0   35.9  849.0 L 0.38 -
 390    8    8     6 0/5/0/0/0                 850.0   660.0    32.2    16.8   60.0   70.0     0 5/8/2/3/1/4           2     6  54.7   10.8   77.3   26.9  849.0 L 0.38 -
 400    8    8     6 0/5/0/0/0                 850.0   660.0    20.1    26.2   60.0   70.0     0 5/8/2/3/1/4           2     4  52.7   10.3  241.3   20.1  849.0 L 0.38 -
 410    8    8     6 0/5/0/0/0                 850.0   660.0     6.5    38.8   60.0   70.0     0 5/8/2/3/1/4           2     1  54.6   10.3  245.5    6.5  849.0 L 0.25 -
 420    8    8     6 0/5/0/0/0                 850.0   660.0     5.3    38.8   60.0   70.0     0 5/8/2/3/1/4           2     4  50.9   10.0  242.1    1.4  849.0 L 0.25 -
 430    8    8     6 0/5/0/0/0                 850.0   660.0     0.0    38.8   60.0   70.0     0 5/8/2/3/1/4           2     3  53.7   10.2  239.1    0.0  849.0 L 0.25 -
 440    0    0     6 0/13/0/0/0                850.0   660.0     0.0    38.8   60.0   70.0     0 5/8/2/3/1/4           2     1  59.5   10.6  246.6    0.0  849.0 L 0.00 -
 450    0    0     6 0/13/0/0/0                850.0   660.0     0.0    38.8   60.0   70.0     0 5/8/2/3/1/4           2     0   0.0    0.0  246.6    0.0  850.0 L 0.00 -
 460    0    0     6 0/13/0/0/0                850.0   660.0     0.0    38.8   60.0   70.0     0 5/8/2/3/1/4           2     0   0.0    0.0  246.6    0.0  850.0 L 0.00 -
 470    0    0     6 0/13/0/0/0                850.0   660.0     0.0    38.8   60.0   70.0     0 5/8/2/3/1/4           2     0   0.0    0.0  246.6    0.0  850.0 L 0.00 -
 480    0    0     6 0/13/0/0/0                850.0   660.0     0.0    38.8   60.0   70.0     0 5/8/2/3/1/4           2     0   0.0    0.0  246.6    0.0  850.0 L 0.00 -
 490    0    0     6 0/13/0/0/0                850.0   660.0     0.0    38.8   60.0   70.0     0 5/8/2/3/1/4           2     0   0.0    0.0  246.6    0.0  850.0 L 0.00 -
 500    0    0     6 0/13/0/0/0                850.0   660.0     0.0    38.8   60.0   70.0     0 5/8/2/3/1/4           2     0   0.0    0.0  246.6    0.0  850.0 L 0.00 -
 510    0    0     6 0/13/0/0/0                850.0   660.0     0.0    38.8   60.0   70.0     0 5/8/2/3/1/4           2     0   0.0    0.0  246.6    0.0  850.0 L 0.00 -
 520    0    0     6 0/13/0/0/0                850.0   660.0     0.0    38.8   60.0   70.0     0 5/8/2/3/1/4           2     0   0.0    0.0  246.6    0.0  850.0 L 0.00 -
 530    0    0     6 0/13/0/0/0                850.0   660.0     0.0    38.8   60.0   70.0     0 5/8/2/3/1/4           2     0   0.0    0.0  246.6    0.0  850.0 L 0.00 -
 540    0    0     6 0/13/0/0/0                850.0   660.0     0.0    38.8   60.0   70.0     0 5/8/2/3/1/4           2     0   0.0    0.0  246.6    0.0  850.0 L 0.00 -
 550    0    0     6 0/13/0/0/0                850.0   660.0     0.0    38.8   60.0   70.0     0 5/8/2/3/1/4           2     0   0.0    0.0  246.6    0.0  850.0 L 0.00 -
 560    0    0     6 0/13/0/0/0                850.0   660.0     0.0    38.8   60.0   70.0     0 5/8/2/3/1/4           2     0   0.0    0.0  246.6    0.0  850.0 L 0.00 -
 570    0    0     6 0/13/0/0/0                850.0   660.0     0.0    38.8   60.0   70.0     0 5/8/2/3/1/4           2     0   0.0    0.0  246.6    0.0  850.0 L 0.00 -
 580    0    0     6 0/13/0/0/0                850.0   660.0     0.0    38.8   60.0   70.0     0 5/8/2/3/1/4           2     0   0.0    0.0  246.6    0.0  850.0 L 0.00 -
 590    0    0     6 0/13/0/0/0                850.0   660.0     0.0    38.8   60.0   70.0     0 5/8/2/3/1/4           2     0   0.0    0.0  246.6    0.0  850.0 L 0.00 -
 600    0    0     6 0/13/0/0/0                850.0   660.0     0.0    38.8   60.0   70.0     0 5/8/2/3/1/4           2     0   0.0    0.0  246.6    0.0  850.0 L 0.00 -
 610    0    0     6 0/13/0/0/0                850.0   660.0     0.0    38.8   60.0   70.0     0 5/8/2/3/1/4           2     0   0.0    0.0  246.6    0.0  850.0 L 0.00 -
 620    0    0     6 0/13/0/0/0                850.0   660.0     0.0    38.8   60.0   70.0     0 5/8/2/3/1/4           2     0   0.0    0.0  246.6    0.0  850.0 L 0.00 -
 630    0    0     6 0/13/0/0/0                850.0   660.0     0.0    38.8   60.0   70.0     0 5/8/2/3/1/4           2     0   0.0    0.0  246.6    0.0  850.0 L 0.00 -
 640    0    0     6 0/13/0/0/0                850.0   660.0     0.0    38.8   60.0   70.0     0 5/8/2/3/1/4           2     0   0.0    0.0  246.6    0.0  850.0 L 0.00 -
 650    0    0     6 0/13/0/0/0                850.0   660.0     0.0    38.8   60.0   70.0     0 5/8/2/3/1/4           2     0   0.0    0.0  246.6    0.0  850.0 L 0.00 -
 660    0    0     6 0/13/0/0/0                850.0   660.0     0.0    38.8   60.0   70.0     0 5/8/2/3/1/4           2     0   0.0    0.0  246.6    0.0  850.0 L 0.00 -
 670    0    0     6 0/13/0/0/0                850.0   660.0     0.0    38.8   60.0   70.0     0 5/8/2/3/1/4           2     0   0.0    0.0  246.6    0.0  850.0 L 0.00 -
 680    0    0     6 0/13/0/0/0                850.0   660.0     0.0    38.8   60.0   70.0     0 5/8/2/3/1/4           2     0   0.0    0.0  246.6    0.0  850.0 L 0.00 -
 690    0    0     6 0/13/0/0/0                850.0   660.0     0.0    38.8   60.0   70.0     0 5/8/2/3/1/4           2     0   0.0    0.0  246.6    0.0  850.0 L 0.00 -
 700    0    0     6 0/13/0/0/0                850.0   660.0     0.0    38.8   60.0   70.0     0 5/8/2/3/1/4           2     0   0.0    0.0  246.6    0.0  850.0 L 0.00 -
 710    0    0     6 0/13/0/0/0                850.0   660.0     0.0    38.8   60.0   70.0     0 5/8/2/3/1/4           2     0   0.0    0.0  246.6    0.0  850.0 L 0.00 -
 720    0    0     6 0/13/0/0/0                850.0   660.0     0.0    38.8   60.0   70.0     0 5/8/2/3/1/4           2     0   0.0    0.0  246.6    0.0  850.0 L 0.00 -
 730    0    0     6 0/13/0/0/0                850.0   660.0     0.0    38.8   60.0   70.0     0 5/8/2/3/1/4           2     0   0.0    0.0  246.6    0.0  850.0 L 0.00 -
 740    0    0     6 0/13/0/0/0                850.0   660.0     0.0    38.8   60.0   70.0     0 5/8/2/3/1/4           2     0   0.0    0.0  246.6    0.0  850.0 L 0.00 -
 750    0    0     6 0/13/0/0/0                850.0   660.0     0.0    38.8   60.0   70.0     0 5/8/2/3/1/4           2     0   0.0    0.0  246.6    0.0  850.0 L 0.00 -
 760    0    0     6 0/13/0/0/0                850.0   660.0     0.0    38.8   60.0   70.0     0 5/8/2/3/1/4           2     0   0.0    0.0  246.6    0.0  850.0 L 0.00 -
 770    0    0     6 0/13/0/0/0                850.0   660.0     0.0    38.8   60.0   70.0     0 5/8/2/3/1/4           2     0   0.0    0.0  246.6    0.0  850.0 L 0.00 -
 780    0    0     6 0/13/0/0/0                850.0   660.0     0.0    38.8   60.0   70.0     0 5/8/2/3/1/4           2     0   0.0    0.0  246.6    0.0  850.0 L 0.00 -
 790    0    0     6 0/13/0/0/0                850.0   660.0     0.0    38.8   60.0   70.0     0 5/8/2/3/1/4           2     0   0.0    0.0  246.6    0.0  850.0 L 0.00 -
 800    0    0     6 0/13/0/0/0                850.0   660.0     0.0    38.8   60.0   70.0     0 5/8/2/3/1/4           2     0   0.0    0.0  246.6    0.0  850.0 L 0.00 -
 810    0    0     6 0/13/0/0/0                850.0   660.0     0.0    38.8   60.0   70.0     0 5/8/2/3/1/4           2     0   0.0    0.0  246.6    0.0  850.0 L 0.00 -
 820    0    0     6 0/13/0/0/0                850.0   660.0     0.0    38.8   60.0   70.0     0 5/8/2/3/1/4           2     0   0.0    0.0  246.6    0.0  850.0 L 0.00 -
 830    0    0     6 0/13/0/0/0                850.0   660.0     0.0    38.8   60.0   70.0     0 5/8/2/3/1/4           2     0   0.0    0.0  246.6    0.0  850.0 L 0.00 -
 840    0    0     6 0/13/0/0/0                850.0   660.0     0.0    38.8   60.0   70.0     0 5/8/2/3/1/4           2     0   0.0    0.0  246.6    0.0  850.0 L 0.00 -
 850    0    0     6 0/13/0/0/0                850.0   660.0     0.0    38.8   60.0   70.0     0 5/8/2/3/1/4           2     0   0.0    0.0  246.6    0.0  850.0 L 0.00 -
 860    0    0     6 0/13/0/0/0                850.0   660.0     0.0    38.8   60.0   70.0     0 5/8/2/3/1/4           2     0   0.0    0.0  246.6    0.0  850.0 L 0.00 -
 870    0    0     6 0/13/0/0/0                850.0   660.0     0.0    38.8   60.0   70.0     0 5/8/2/3/1/4           2     0   0.0    0.0  246.6    0.0  850.0 L 0.00 -
 880    0    0     6 0/13/0/0/0                850.0   660.0     0.0    38.8   60.0   70.0     0 5/8/2/3/1/4           2     0   0.0    0.0  246.6    0.0  850.0 L 0.00 -
 890    0    0     6 0/13/0/0/0                850.0   660.0     0.0    38.8   60.0   70.0     0 5/8/2/3/1/4           2     0   0.0    0.0  246.6    0.0  850.0 L 0.00 -
 900    0    0     6 0/13/0/0/0                850.0   660.0     0.0    38.8   60.0   70.0     0 5/8/2/3/1/4           2     0   0.0    0.0  246.6    0.0  850.0 L 0.00 -
 910    0    0     6 0/13/0/0/0                850.0   660.0     0.0    38.8   60.0   70.0     0 5/8/2/3/1/4           2     0   0.0    0.0  246.6    0.0  850.0 L 0.00 -
 920    0    0     6 0/13/0/0/0                850.0   660.0     0.0    38.8   60.0   70.0     0 5/8/2/3/1/4           2     0   0.0    0.0  246.6    0.0  850.0 L 0.00 -
 930    0    0     6 0/13/0/0/0                850.0   660.0     0.0    38.8   60.0   70.0     0 5/8/2/3/1/4           2     0   0.0    0.0  246.6    0.0  850.0 L 0.00 -
 940    0    0     6 0/13/0/0/0                850.0   660.0     0.0    38.8   60.0   70.0     0 5/8/2/3/1/4           2     0   0.0    0.0  246.6    0.0  850.0 L 0.00 -
 950    0    0     6 0/13/0/0/0                850.0   660.0     0.0    38.8   60.0   70.0     0 5/8/2/3/1/4           2     0   0.0    0.0  246.6    0.0  850.0 L 0.00 -
 960    0    0     6 0/13/0/0/0                850.0   660.0     0.0    38.8   60.0   70.0     0 5/8/2/3/1/4           2     0   0.0    0.0  246.6    0.0  850.0 L 0.00 -
 970    0    0     6 0/13/0/0/0                850.0   660.0     0.0    38.8   60.0   70.0     0 5/8/2/3/1/4           2     0   0.0    0.0  246.6    0.0  850.0 L 0.00 -
 980    0    0     6 0/13/0/0/0                850.0   660.0     0.0    38.8   60.0   70.0     0 5/8/2/3/1/4           2     0   0.0    0.0  246.6    0.0  850.0 L 0.00 -
 990    0    0     6 0/13/0/0/0                850.0   660.0     0.0    38.8   60.0   70.0     0 5/8/2/3/1/4           2     0   0.0    0.0  246.6    0.0  850.0 L 0.00 -
1000    0    0     6 0/13/0/0/0                850.0   660.0     0.0    38.8   60.0   70.0     0 5/8/2/3/1/4           2     0   0.0    0.0  246.6    0.0  850.0 L 0.00 -
1010    0    0     6 0/13/0/0/0                850.0   660.0     0.0    38.8   60.0   70.0     0 5/8/2/3/1/4           2     0   0.0    0.0  246.6    0.0  850.0 L 0.00 -
1020    0    0     6 0/13/0/0/0                850.0   660.0     0.0    38.8   60.0   70.0     0 5/8/2/3/1/4           2     0   0.0    0.0  246.6    0.0  850.0 L 0.00 -
1030    0    0     6 0/13/0/0/0                850.0   660.0     0.0    38.8   60.0   70.0     0 5/8/2/3/1/4           2     0   0.0    0.0  246.6    0.0  850.0 L 0.00 -
1040    0    0     6 0/13/0/0/0                850.0   660.0     0.0    38.8   60.0   70.0     0 5/8/2/3/1/4           2     0   0.0    0.0  246.6    0.0  850.0 L 0.00 -
1050    0    0     6 0/13/0/0/0                850.0   660.0     0.0    38.8   60.0   70.0     0 5/8/2/3/1/4           2     0   0.0    0.0  246.6    0.0  850.0 L 0.00 -
1060    0    0     6 0/13/0/0/0                850.0   660.0     0.0    38.8   60.0   70.0     0 5/8/2/3/1/4           2     0   0.0    0.0  246.6    0.0  850.0 L 0.00 -
1070    0    0     6 0/13/0/0/0                850.0   660.0     0.0    38.8   60.0   70.0     0 5/8/2/3/1/4           2     0   0.0    0.0  246.6    0.0  850.0 L 0.00 -
1080    0    0     6 0/13/0/0/0                850.0   660.0     0.0    38.8   60.0   70.0     0 5/8/2/3/1/4           2     0   0.0    0.0  246.6    0.0  850.0 L 0.00 -
1090    0    0     6 0/13/0/0/0                850.0   660.0     0.0    38.8   60.0   70.0     0 5/8/2/3/1/4           2     0   0.0    0.0  246.6    0.0  850.0 L 0.00 -
1100    0    0     6 0/13/0/0/0                850.0   660.0     0.0    38.8   60.0   70.0     0 5/8/2/3/1/4           2     0   0.0    0.0  246.6    0.0  850.0 L 0.00 -
1110    0    0     6 0/13/0/0/0                850.0   660.0     0.0    38.8   60.0   70.0     0 5/8/2/3/1/4           2     0   0.0    0.0  246.6    0.0  850.0 L 0.00 -
1120    0    0     6 0/13/0/0/0                850.0   660.0     0.0    38.8   60.0   70.0     0 5/8/2/3/1/4           2     0   0.0    0.0  246.6    0.0  850.0 L 0.00 -
1130    0    0     6 0/13/0/0/0                850.0   660.0     0.0    38.8   60.0   70.0     0 5/8/2/3/1/4           2     0   0.0    0.0  246.6    0.0  850.0 L 0.00 -
1140    0    0     6 0/13/0/0/0                850.0   660.0     0.0    38.8   60.0   70.0     0 5/8/2/3/1/4           2     0   0.0    0.0  246.6    0.0  850.0 L 0.00 -
1150    0    0     6 0/13/0/0/0                850.0   660.0     0.0    38.8   60.0   70.0     0 5/8/2/3/1/4           2     0   0.0    0.0  246.6    0.0  850.0 L 0.00 -
1160    0    0     6 0/13/0/0/0                850.0   660.0     0.0    38.8   60.0   70.0     0 5/8/2/3/1/4           2     0   0.0    0.0  246.6    0.0  850.0 L 0.00 -
1170    0    0     6 0/13/0/0/0                850.0   660.0     0.0    38.8   60.0   70.0     0 5/8/2/3/1/4           2     0   0.0    0.0  246.6    0.0  850.0 L 0.00 -
1180    0    0     6 0/13/0/0/0                850.0   660.0     0.0    38.8   60.0   70.0     0 5/8/2/3/1/4           2     0   0.0    0.0  246.6    0.0  850.0 L 0.00 -
1190    0    0     6 0/13/0/0/0                850.0   660.0     0.0    38.8   60.0   70.0     0 5/8/2/3/1/4           2     0   0.0    0.0  246.6    0.0  850.0 L 0.00 -
1200    0    0     6 0/13/0/0/0                850.0   660.0     0.0    38.8   60.0   70.0     0 5/8/2/3/1/4           2     0   0.0    0.0  246.6    0.0  850.0 L 0.00 -
1210    0    0     6 0/13/0/0/0                850.0   660.0     0.0    38.8   60.0   70.0     0 5/8/2/3/1/4           2     0   0.0    0.0  246.6    0.0  850.0 L 0.00 -
1220    0    0     6 0/13/0/0/0                850.0   660.0     0.0    38.8   60.0   70.0     0 5/8/2/3/1/4           2     0   0.0    0.0  246.6    0.0  850.0 L 0.00 -
1230    0    0     6 0/13/0/0/0                850.0   660.0     0.0    38.8   60.0   70.0     0 5/8/2/3/1/4           2     0   0.0    0.0  246.6    0.0  850.0 L 0.00 -
1240    0    0     6 0/13/0/0/0                850.0   660.0     0.0    38.8   60.0   70.0     0 5/8/2/3/1/4           2     0   0.0    0.0  246.6    0.0  850.0 L 0.00 -
1250    0    0     6 0/13/0/0/0                850.0   660.0     0.0    38.8   60.0   70.0     0 5/8/2/3/1/4           2     0   0.0    0.0  246.6    0.0  850.0 L 0.00 -
1260    0    0     6 0/13/0/0/0                850.0   660.0     0.0    38.8   60.0   70.0     0 5/8/2/3/1/4           2     0   0.0    0.0  246.6    0.0  850.0 L 0.00 -
1270    0    0     6 0/13/0/0/0                850.0   660.0     0.0    38.8   60.0   70.0     0 5/8/2/3/1/4           2     0   0.0    0.0  246.6    0.0  850.0 L 0.00 -
1280    0    0     6 0/13/0/0/0                850.0   660.0     0.0    38.8   60.0   70.0     0 5/8/2/3/1/4           2     0   0.0    0.0  246.6    0.0  850.0 L 0.00 -
1290    0    0     6 0/13/0/0/0                850.0   660.0     0.0    38.8   60.0   70.0     0 5/8/2/3/1/4           2     0   0.0    0.0  246.6    0.0  850.0 L 0.00 -
1300    0    0     6 0/13/0/0/0                850.0   660.0     0.0    38.8   60.0   70.0     0 5/8/2/3/1/4           2     0   0.0    0.0  246.6    0.0  850.0 L 0.00 -
1310    0    0     6 0/13/0/0/0                850.0   660.0     0.0    38.8   60.0   70.0     0 5/8/2/3/1/4           2     0   0.0    0.0  246.6    0.0  850.0 L 0.00 -
1320    0    0     6 0/13/0/0/0                850.0   660.0     0.0    38.8   60.0   70.0     0 5/8/2/3/1/4           2     0   0.0    0.0  246.6    0.0  850.0 L 0.00 -
1330    0    0     6 0/13/0/0/0                850.0   660.0     0.0    38.8   60.0   70.0     0 5/8/2/3/1/4           2     0   0.0    0.0  246.6    0.0  850.0 L 0.00 -
1340    0    0     6 0/13/0/0/0                850.0   660.0     0.0    38.8   60.0   70.0     0 5/8/2/3/1/4           2     0   0.0    0.0  246.6    0.0  850.0 L 0.00 -
1350    0    0     6 0/13/0/0/0                850.0   660.0     0.0    38.8   60.0   70.0     0 5/8/2/3/1/4           2     0   0.0    0.0  246.6    0.0  850.0 L 0.00 -
1360    0    0     6 0/13/0/0/0                850.0   660.0     0.0    38.8   60.0   70.0     0 5/8/2/3/1/4           2     0   0.0    0.0  246.6    0.0  850.0 L 0.00 -
1370    0    0     6 0/13/0/0/0                850.0   660.0     0.0    38.8   60.0   70.0     0 5/8/2/3/1/4           2     0   0.0    0.0  246.6    0.0  850.0 L 0.00 -
1380    0    0     6 0/13/0/0/0                850.0   660.0     0.0    38.8   60.0   70.0     0 5/8/2/3/1/4           2     0   0.0    0.0  246.6    0.0  850.0 L 0.00 -
1390    0    0     6 0/13/0/0/0                850.0   660.0     0.0    38.8   60.0   70.0     0 5/8/2/3/1/4           2     0   0.0    0.0  246.6    0.0  850.0 L 0.00 -
1400    0    0     6 0/13/0/0/0                850.0   660.0     0.0    38.8   60.0   70.0     0 5/8/2/3/1/4           2     0   0.0    0.0  246.6    0.0  850.0 L 0.00 -
1410    0    0     6 0/13/0/0/0                850.0   660.0     0.0    38.8   60.0   70.0     0 5/8/2/3/1/4           2     0   0.0    0.0  246.6    0.0  850.0 L 0.00 -
1420    0    0     6 0/13/0/0/0                850.0   660.0     0.0    38.8   60.0   70.0     0 5/8/2/3/1/4           2     0   0.0    0.0  246.6    0.0  850.0 L 0.00 -
1430    0    0     6 0/13/0/0/0                850.0   660.0     0.0    38.8   60.0   70.0     0 5/8/2/3/1/4           2     0   0.0    0.0  246.6    0.0  850.0 L 0.00 -
1440    0    0     6 0/13/0/0/0                850.0   660.0     0.0    38.8   60.0   70.0     0 5/8/2/3/1/4           2     0   0.0    0.0  246.6    0.0  850.0 L 0.00 -
1450    0    0     6 0/13/0/0/0                850.0   660.0     0.0    38.8   60.0   70.0     0 5/8/2/3/1/4           2     0   0.0    0.0  246.6    0.0  850.0 L 0.00 -
1460    0    0     6 0/13/0/0/0                850.0   660.0     0.0    38.8   60.0   70.0     0 5/8/2/3/1/4           2     0   0.0    0.0  246.6    0.0  850.0 L 0.00 -
1470    0    0     6 0/13/0/0/0                850.0   660.0     0.0    38.8   60.0   70.0     0 5/8/2/3/1/4           2     0   0.0    0.0  246.6    0.0  850.0 L 0.00 -
1480    0    0     6 0/13/0/0/0                850.0   660.0     0.0    38.8   60.0   70.0     0 5/8/2/3/1/4           2     0   0.0    0.0  246.6    0.0  850.0 L 0.00 -
1490    0    0     6 0/13/0/0/0                850.0   660.0     0.0    38.8   60.0   70.0     0 5/8/2/3/1/4           2     0   0.0    0.0  246.6    0.0  850.0 L 0.00 -
1500    0    0     6 0/13/0/0/0                850.0   660.0     0.0    38.8   60.0   70.0     0 5/8/2/3/1/4           2     0   0.0    0.0  246.6    0.0  850.0 L 0.00 -

targets for seed 7 (1500 sols):
  T1 FAIL run min pop 0 (needs >= 5), final pop 0
  T2 PASS deaths 13 (air 0 thirst 13 hunger 0 eva 0 other 0), unexplained 0
  T3 PASS births 6, first_birth_sol 284, at_capacity 0, cooldown_violations 0, pop@30=7, pop@100=7, pop@300=13
  T4 PASS min O2 260.5, food 203.1; ice ran dry (pressure): min ice 0.0, ice>30 0.0, thirst deaths 13; max ice/target 1.06, regolith/target 1.07
  T5 FAIL demand>supply 0.28% of steps (<=10), max shorts/sol 1 (<=2), max offline 74.1 h (<=24.7), first new reactor sol 7 (<=15)
  T6 PASS limited 31255.3 h = 84.50% (>=2% provisional; 4 of 5 seeds), site busy 85.8%; waiting_regolith 210.0 h, site_no_crew 31045.3 h
  T7 PASS turn_backs_air 0, exhausted 94, reachable>=2 at 100.0% of 1500 sol samples (>=95), trips 347
  T8 FAIL row avg energy 0.0..62.6 (40..90), row asleep 0.0..12.3% (5..30), max sleep 8.8 h (<=18)
  T9 N/A  checked by repeating the run and by tests/test_determinism.gd (compare the table sha256)
  T10 FAIL first settlement sol <null> (40..150), age_changes 0 (<=4), min gap between consecutive history entries - (>=20), history 1 entries (changes+1 = 1); report: sols_in_age landing 1500 settlement 0 council 0, age at end landing, changes [], fall back causes [none], not-ok sols 81 (by group, a sol can fail several: ice 19, food 1, oxygen 1, power 5, death 7, unrest 61)
  T11 FAIL (1) list lengths 1501/1501/1501/1501 ok; (2) lonely mean of last 50 readings 0.000 (max 0.35) ok; (3) friends_mean 0.00 (1.0..15.0) BAD; (4) first_friendship_sol 160 ok; (5) lines_dropped (total) 0 ok; report: web 0.00 second 0.00 lonely 0.00 friends_mean 0.00 friends share of colony 0.000 (pop 0)
  T12 PASS (1) list lengths 1501/1501/1501 ok; (2) C2 ok; (3) council changes 0 (<=4) ok; (4) proposals 0 ok; (5) one Council line per boundary ok; report: first Council sol <null>, meetings 0, proposals [], pledge sol <null> reason -, lines {}, dropped 0; council_min_seeds 3 pledge_min_seeds 1
RESULT FAIL (target 9 determinism: table sha256 8ebfa05c4ac1251a)
# player attentive cadence=2.0
PLAYER checks=217 uses guide=25 fortune=2 per100 guide=1.7 fortune=0.1 guide_in_trouble=25
PLAYER first_low_sol=320 samples=44 mean_ice_over_target=0.605 low_share=0.205
PLAYER guide_trips=5 ice_trips_total=151 ice_trips_in_guided_window=9 guide_share_of_window=0.556 guide_hauled=20.1
PLAYER air_deaths=0 turn_backs_air=0 first_thirst_sol=338
