Godot Engine v4.5.stable.official.876b29033 - https://godotengine.org

# station zero balance run: seed=99 sols=1500 overrides=[] fixed_step=0.05 data_hash=fcb5ff2f0fbf63a1 player=attentive cadence=2.0
# deaths and births are cumulative; shorts, trips, energy, asleep, wait, min_* are for the 30-sol window
 sol  pop  min birth dead a/t/h/o/x           oxygen    food     ice   regol   dmnd   supp short bldg R/H/W/G/A/C  reach trips  avgE asleep%  waitH minIce  minO2 age web cn
  10    7    7     0 0/0/0/0/0                 379.9   296.2    63.2    91.0   13.0   14.0     0 1/1/1/1/0/0           2    13  53.7   10.2  202.9   59.4  262.5 L 1.00 -
  20    7    7     0 0/0/0/0/0                 550.0   420.0    68.8    79.9   13.0   28.0     0 2/1/1/1/0/0           2     6  55.5   11.1  159.3   58.9  380.0 L 1.00 -
  30    7    7     0 0/0/0/0/0                 550.0   420.0    87.2   113.3   14.0   28.0     0 2/2/1/1/0/0           2    13  53.6   11.1  133.3   62.4  549.0 L 1.00 -
  40    7    7     0 0/0/0/0/0                 549.3   420.0    85.6   109.3   17.0   28.0     0 2/2/1/1/0/1           2    10  57.7   11.9   36.8   84.4  548.4 L 1.00 -
  50    7    7     0 0/0/0/0/0                 550.0   420.0    89.0   116.7   19.0   28.0     0 2/2/1/1/0/1           2    11  60.3   11.7   86.3   80.6  549.0 L 0.86 -
  60    7    7     0 0/0/0/0/0                 700.0   540.0    75.7   104.6   23.0   28.0     0 2/2/1/2/0/1           2     7  56.9   11.4   99.2   75.7  549.0 L 0.86 -
  70    7    7     0 0/0/0/0/0                 700.0   540.0    86.3    65.4   25.0   28.0     0 2/2/1/2/1/1           2     7  57.0   11.4  131.6   75.0  699.0 L 0.71 -
  80    7    7     0 0/0/0/0/0                 700.0   540.0    86.0    30.3   28.0   28.0     0 2/3/1/2/1/1           2     9  55.6   11.0  198.9   81.5  699.0 L 0.71 -
  90    7    7     0 0/0/0/0/0                 700.0   540.0    83.6   124.3   26.0   42.0     0 3/3/1/2/1/1           2    16  59.0   11.9   60.6   78.5  698.5 L 0.71 -
 100    7    7     0 0/0/0/0/0                 700.0   540.0   106.1    23.8   32.0   42.0     0 3/3/2/2/1/1           2    13  56.8   12.3  125.5   83.3  699.0 L 0.71 -
 110    7    7     0 0/0/0/0/0                 700.0   540.0   110.1    73.2   32.0   42.0     0 3/3/2/2/2/1           2    10  59.1   11.1  154.2  103.7  699.0 L 0.71 -
 120    7    7     0 0/0/0/0/0                 700.0   540.0   103.4    78.7   34.0   42.0     0 3/3/2/2/2/1           2    13  59.1   11.9  106.6  103.4  699.0 L 0.71 -
 130    7    7     0 0/0/0/0/0                 700.0   540.0    96.5    32.0   37.0   42.0     0 3/3/2/2/2/2           2     7  57.0   10.8  218.3   96.5  698.1 L 0.71 -
 140    7    7     0 0/0/0/0/0                 700.0   540.0   105.5    89.4   38.0   42.0     0 3/4/2/2/2/2           2    11  56.3   12.0  179.2   94.5  699.0 L 0.71 -
 150    7    7     0 0/0/0/0/0                 700.0   540.0   111.2    82.3   40.0   42.0     0 3/4/2/2/2/2           2    15  57.7   11.2  113.3   99.7  698.5 L 0.71 -
 160    7    7     0 0/0/0/0/0                 700.0   540.0   114.8    54.4   40.0   56.0     0 4/4/2/2/2/2           2    14  59.7   12.3   67.7  110.1  698.2 L 0.71 -
 170    7    7     0 0/0/0/0/0                 700.0   540.0   115.5    13.5   43.0   56.0     0 4/5/2/2/2/2           2    11  56.6   11.3  152.6  108.5  699.0 L 0.71 -
 180    7    7     0 0/0/0/0/0                 700.0   540.0   109.5    81.9   43.0   56.0     0 4/5/2/2/2/2           2    12  57.4   11.5  245.3  105.1  699.0 L 0.71 -
 190    7    7     0 0/0/0/0/0                 700.0   540.0   105.0   124.5   43.0   56.0     0 4/5/2/2/2/2           2    10  56.4   11.5  216.9  102.9  699.0 L 0.71 -
 200    7    7     0 0/0/0/0/0                 700.0   540.0   112.7    74.8   46.0   56.0     0 4/6/2/2/2/2           2    10  58.5   11.3  128.3  104.4  699.0 L 0.71 -
 210    7    7     0 0/0/0/0/0                 700.0   540.0    95.5    17.0   49.0   56.0     0 4/7/2/2/2/2           2     7  61.2   11.8  100.0   95.5  699.0 L 0.57 -
 220    7    7     0 0/0/0/0/0                 700.0   540.0    95.9    64.1   50.0   56.0     0 4/8/2/2/2/2           2    15  53.6   11.5  156.3   93.0  698.4 L 0.57 -
 230    7    7     0 0/0/0/0/0                 700.0   540.0    93.8    29.6   52.0   56.0     0 4/8/2/2/2/2           2    11  58.6   12.1  107.4   86.3  699.0 L 0.57 -
 240    7    7     0 0/0/0/0/0                 700.0   540.0   106.0   107.3   53.0   56.0     0 4/9/2/2/2/2           2    19  56.6   11.7   80.0   92.4  699.0 L 0.57 -
 250    7    7     0 0/0/0/0/0                 700.0   540.0   111.0   205.0   53.0   56.0     0 4/9/2/2/2/2           2    14  60.0   11.4    0.0   93.8  699.0 L 0.71 -
 260    7    7     0 0/0/0/0/0                 700.0   540.0   113.1   158.3   55.0   56.0     0 4/9/2/2/2/2           2    11  58.2   11.1   93.0  106.7  699.0 L 0.71 -
 270    7    7     0 0/0/0/0/0                 700.0   540.0   115.0    99.4   55.0   70.0     0 5/9/2/2/2/2           2    10  59.4   12.3  119.2  108.5  699.0 L 0.57 -
 280    7    7     0 0/0/0/0/0                 850.0   660.0   112.6    69.7   60.0   70.0     0 5/10/2/3/2/2          2    15  60.1   12.1   58.1  112.6  699.0 L 0.57 -
 290    7    7     0 0/0/0/0/0                 850.0   660.0   117.7   174.7   60.0   70.0     0 5/10/2/3/2/2          2    17  59.4   12.2    0.0  108.9  849.0 L 0.71 -
 300   11    7     4 0/0/0/0/0                 850.0   660.0   110.2   249.8   60.0   70.0     0 5/10/2/3/2/2          2    16  59.8   10.6    0.0  110.2  848.2 L 0.91 -
 310   12   11     5 0/0/0/0/0                 850.0   660.0   107.9   324.2   60.0   70.0     0 5/10/2/3/2/2          2    12  64.6   11.7    0.0  103.4  849.0 S 1.00 -
 320   12   12     5 0/0/0/0/0                 850.0   660.0    96.2   239.6   62.0   70.0     0 5/10/2/3/2/2          2    12  65.2   10.8   11.2   93.5  849.0 S 1.00 -
 330   12   12     5 0/0/0/0/0                 850.0   660.0    78.7   263.9   62.0   70.0     0 5/10/2/3/2/2          2     3  63.1   10.9  231.0   76.6  849.0 S 0.83 -
 340   12   12     5 0/0/0/0/0                 850.0   660.0    75.0   172.1   64.0   70.0     0 5/10/2/3/3/2          2    11  60.9   10.9   98.7   62.5  849.0 S 0.67 -
 350   12   12     5 0/0/0/0/0                 850.0   660.0    81.7    87.1   68.0   70.0     0 5/10/3/3/3/2          2    11  62.3   11.7  209.9   73.4  849.0 S 0.67 -
 360   12   12     5 0/0/0/0/0                 850.0   660.0    61.4   126.0   66.0   84.0     0 6/10/3/3/3/2          2     8  63.1   10.8   91.6   61.4  849.0 S 0.67 -
 370   12   12     5 0/0/0/0/0                 850.0   660.0    52.7    36.2   68.0   84.0     0 6/10/3/3/3/2          2    11  63.4   11.2  144.1   52.7  849.0 S 0.67 -
 380   13   12     6 0/0/0/0/0                 850.0   660.0    34.6    96.3   69.0   84.0     0 6/10/3/3/3/3          2    14  62.4   11.2   97.6   28.8  848.5 S 0.77 -
 390   13   13     6 0/0/0/0/0                 850.0   660.0    47.6    18.7   71.0   84.0     0 6/10/3/3/3/3          2    17  63.4   10.9   57.3   32.8  849.0 S 0.77 -
 400   13   13     6 0/0/0/0/0                 850.0   660.0    44.2    38.2   71.0   84.0     0 6/10/3/3/3/3          2     6  61.3   11.0  237.2   40.7  849.0 S 0.54 -
 410   13   13     6 0/0/0/0/0                 850.0   660.0    28.4    68.3   71.0   84.0     0 6/10/3/3/3/3          2    10  60.9   11.1  222.7   28.4  849.0 S 0.54 -
 420   13   13     6 0/0/0/0/0                 850.0   660.0    22.6    85.0   71.0   84.0     0 6/10/3/3/3/3          2     7  63.9   11.1  246.6   19.0  849.0 S 0.54 -
 430   13   13     6 0/0/0/0/0                 850.0   660.0    28.2   101.4   72.0   84.0     0 6/11/3/3/3/3          2     8  62.3   11.1  178.9   21.4  849.0 S 0.54 -
 440   13   13     6 0/0/0/0/0                 850.0   660.0    30.2     2.4   74.0   84.0     0 6/11/3/3/3/3          2    10  62.0   11.1   68.5   23.3  849.0 S 0.54 -
 450   13   13     6 0/0/0/0/0                1000.0   780.0    55.1    17.2   76.0   84.0     0 6/11/3/4/3/3          2    16  61.9   10.9   15.0   24.6  849.0 S 0.54 -
 460   13   13     6 0/0/0/0/0                1000.0   780.0    54.5    71.7   76.0   84.0     0 6/11/3/4/3/3          2    12  63.6   11.1    0.0   47.6  999.0 S 0.54 -
 470   13   13     6 0/0/0/0/0                1000.0   780.0    55.1   134.4   76.0   84.0     0 6/11/3/4/3/3          2    18  61.1   11.4    0.0   43.8  999.0 S 0.54 -
 480   13   13     6 0/0/0/0/0                1000.0   780.0    57.1    28.5   78.0   84.0     0 6/11/3/4/3/3          2    12  60.7   10.9  168.8   52.3  999.0 S 0.54 -
 490   13   13     6 0/0/0/0/0                1000.0   780.0    43.7    74.1   79.0   84.0     0 6/12/3/4/3/3          2    11  60.3   11.2  112.9   29.9  999.0 S 0.54 -
 500   13   13     6 0/0/0/0/0                1000.0   780.0    52.8   125.8   79.0   84.0     0 6/12/3/4/3/3          2    15  62.6   10.9   30.0   43.0  998.5 S 0.54 -
 510   13   13     6 0/0/0/0/0                1000.0   780.0    51.5    44.9   81.0   84.0     0 6/12/3/4/3/3          2    14  61.2   11.7   74.9   45.8  999.0 S 0.54 -
 520   13   13     6 0/0/0/0/0                1000.0   780.0    40.8    84.4   81.0   84.0     0 6/12/3/4/4/3          2    13  61.8   10.6  165.0   34.3  998.2 S 0.54 -
 530   13   13     6 0/0/0/0/0                1000.0   780.0    51.4   120.0   81.0   84.0     0 6/12/3/4/4/3          2    12  60.7   11.5   55.0   40.2  999.0 S 0.54 -
 540   13   13     6 0/0/0/0/0                1000.0   780.0    67.4   166.6   81.0   84.0     0 6/12/3/4/4/3          2    17  58.1   10.9    0.0   51.1  999.0 S 0.54 -
 550   13   13     6 0/0/0/0/0                1000.0   780.0    39.4    68.0   83.0   84.0     0 6/12/3/4/4/3          2     5  61.6   10.4  171.7   39.4  998.5 S 0.54 -
 560   13   13     6 0/0/0/0/0                1000.0   780.0    40.5    90.3   81.0   98.0     0 7/12/3/4/4/3          2    13  58.7   11.2   26.3   28.6  999.0 S 0.54 -
 570   16   13     9 0/0/0/0/0                1000.0   780.0    48.1   113.4   81.0   98.0     0 7/12/3/4/4/3          2    11  60.8   10.5    0.0   40.3  999.0 S 0.50 -
 580   18   16    11 0/0/0/0/0                1000.0   780.0    34.2   151.6   81.0   98.0     0 7/12/3/4/4/3          2    10  62.8   10.4   35.0   26.0  999.0 S 0.83 -
 590   18   18    11 0/0/0/0/0                1000.0   780.0    20.0     3.2   83.0   98.0     0 7/12/3/4/4/3          2     9  59.3   10.4  154.8   20.0  999.0 S 0.78 -
 600   18   18    11 0/0/0/0/0                1000.0   780.0    24.8     3.2   84.0   98.0     0 7/12/3/4/4/4          2    10  59.0   11.1  147.6   12.0  999.0 S 0.78 -
 610   18   18    11 0/0/0/0/0                1000.0   780.0    24.8    27.8   84.0   98.0     0 7/12/3/4/4/4          2    12  60.8   10.3   15.0   16.6  999.0 S 0.50 -
 620   18   18    11 0/0/0/0/0                1000.0   780.0    28.2    27.8   84.0   98.0     0 7/12/3/4/4/4          2    10  59.1   10.5    0.0   10.6  999.0 S 0.44 -
 630   18   18    11 0/0/0/0/0                1000.0   780.0    31.3    34.2   84.0   98.0     0 7/12/3/4/4/4          2    13  60.2   10.4   15.0   17.0  999.0 S 0.44 -
 640   19   18    12 0/0/0/0/0                1000.0   780.0    29.4    64.6   84.0   98.0     0 7/12/3/4/4/4          2    11  61.3   10.7    0.0   25.4  999.0 S 0.47 -
 650   19   19    12 0/0/0/0/0                1000.0   780.0    41.2    99.8   84.0   98.0     0 7/12/3/4/4/4          2    15  59.7   10.8    0.0   18.5  999.0 S 0.68 -
 660   19   19    12 0/0/0/0/0                1000.0   780.0    25.2   121.2   84.0   98.0     0 7/12/3/4/4/4          2    11  60.6   10.5   15.0   19.5  999.0 S 0.68 -
 670   19   19    12 0/0/0/0/0                1000.0   780.0    26.6   121.2   84.0   98.0     0 7/12/3/4/4/4          2    10  60.1   10.7   30.0   13.4  999.0 S 0.47 -
 680   19   19    12 0/0/0/0/0                1000.0   780.0    18.9   121.2   84.0   98.0     0 7/12/3/4/4/4          2     9  58.9   10.4   15.0   14.2  999.0 S 0.68 -
 690   19   19    12 0/0/0/0/0                1000.0   780.0    17.5   121.2   84.0   98.0     0 7/12/3/4/4/4          2     8  60.3   10.4   55.0    7.0  999.0 S 0.68 -
 700   19   19    12 0/0/0/0/0                1000.0   780.0    15.8   121.2   84.0   98.0     0 7/12/3/4/4/4          2    12  60.1   10.5   40.0   11.9  999.0 S 0.68 -
 710   19   19    12 0/0/0/0/0                1000.0   780.0    17.2   121.2   84.0   98.0     0 7/12/3/4/4/4          2     9  60.1   10.3   75.0    4.3  999.0 S 0.89 -
 720   19   19    12 0/0/0/0/0                1000.0   780.0    15.0   121.2   84.0   98.0     0 7/12/3/4/4/4          2    10  59.2   11.0   30.0    8.2  998.9 S 0.89 -
 730   19   19    12 0/0/0/0/0                1000.0   780.0     3.6   121.2   84.0   98.0     0 7/12/3/4/4/4          2     9  61.3   10.0   20.0    0.0  999.0 S 0.84 -
 740   17   17    12 0/2/0/0/0                1000.0   780.0    20.2   121.2   84.0   98.0     0 7/12/3/4/4/4          2     9  61.9   11.1   55.0    0.0  998.7 S 0.88 -
 750   17   17    12 0/2/0/0/0                1000.0   780.0    52.8   135.9   84.0   98.0     0 7/12/3/4/4/4          2    15  60.9   10.7   55.0   15.6  999.0 S 0.88 -
 760   17   17    12 0/2/0/0/0                1000.0   780.0    34.7    42.3   86.0   98.0     0 7/12/3/4/4/4          2    15  62.5   11.1   66.8   34.7  999.0 S 0.88 -
 770   17   17    12 0/2/0/0/0                1000.0   780.0    35.1    91.8   87.0   98.0     0 7/12/3/4/4/5          2    12  61.2   11.2   63.5   19.5  999.0 S 0.88 -
 780   17   17    12 0/2/0/0/0                1000.0   780.0    40.8   128.3   87.0   98.0     0 7/12/3/4/4/5          2    16  61.6   10.8   35.0   30.5  999.0 S 0.88 -
 790   17   17    12 0/2/0/0/0                1000.0   780.0    31.4    10.0   89.0   98.0     0 7/12/3/4/4/5          2    13  62.8   10.8  110.2   24.7  998.5 S 0.94 -
 800   17   17    12 0/2/0/0/0                1000.0   780.0    34.7    50.9   90.0   98.0     0 7/13/3/4/4/5          2    17  63.8   11.4   15.0   21.0  999.0 S 0.94 -
 810   17   17    12 0/2/0/0/0                1000.0   780.0    35.2   107.0   90.0   98.0     0 7/13/3/4/4/5          2    15  63.5   10.3    5.0   25.6  999.0 S 0.94 -
 820   17   17    12 0/2/0/0/0                1000.0   780.0    37.1     1.4   92.0   98.0     0 7/13/3/4/4/5          2    13  62.0   11.6   11.1   34.6  999.0 S 0.88 -
 830   17   17    12 0/2/0/0/0                1150.0   900.0    42.3    24.0   94.0   98.0     0 7/13/3/5/4/5          2    10  62.6   11.1  181.3   29.9  999.0 S 0.88 -
 840   19   17    14 0/2/0/0/0                1150.0   900.0    72.1    37.4   94.0   98.0     0 7/13/3/5/4/5          2    16  61.5   10.1   25.0   36.6 1149.0 S 0.89 -
 850   19   19    14 0/2/0/0/0                1150.0   900.0    55.6    79.8   94.0   98.0     0 7/13/3/5/4/5          2    14  61.9   11.4   55.0   50.3 1149.0 S 0.89 -
 860   21   19    16 0/2/0/0/0                1150.0   900.0    40.2   167.8   94.0   98.0     0 7/13/3/5/4/5          2    16  63.4   10.9   40.0   36.7 1149.0 S 0.90 -
 870   21   21    16 0/2/0/0/0                1150.0   900.0     4.5    21.2   96.0   98.0     0 7/13/3/5/4/5          2     6  63.7   10.6  213.8    4.5 1149.0 S 0.90 -
 880   10   10    16 0/13/0/0/0               1150.0   900.0     0.0    42.0   94.0  112.0     0 8/13/3/5/4/5          2     7  63.6   10.8   59.3    0.0 1149.0 S 0.80 -
 890   10   10    16 0/13/0/0/0               1150.0   900.0    24.5    42.0   94.0  112.0     0 8/13/3/5/4/5          2     6  62.7   11.5    0.0    0.0 1149.0 S 0.60 -
 900   10   10    16 0/13/0/0/0               1150.0   900.0    35.8    47.9   94.0  112.0     0 8/13/3/5/4/5          2     8  62.7   10.7    0.0   22.1 1148.0 S 0.60 -
 910   10   10    16 0/13/0/0/0               1150.0   900.0    25.4    74.9   94.0  112.0     0 8/13/3/5/4/5          2     5  61.7   10.6   15.0   25.4 1149.0 S 0.70 -
 920   10   10    16 0/13/0/0/0               1150.0   900.0    19.4    74.9   94.0  112.0     0 8/13/3/5/4/5          2     4  63.2   11.3    0.0   18.0 1149.0 S 0.60 -
 930   10   10    16 0/13/0/0/0               1150.0   900.0     0.5    74.9   94.0  112.0     0 8/13/3/5/4/5          2     3  61.7   10.0   15.0    0.5 1149.0 S 0.60 -
 940   10   10    16 0/13/0/0/0               1150.0   900.0     9.5    74.9   94.0  112.0     0 8/13/3/5/4/5          2     4  61.2   10.6   10.0    0.0 1149.0 S 0.60 -
 950   10   10    16 0/13/0/0/0               1150.0   900.0    16.8    74.9   94.0  112.0     0 8/13/3/5/4/5          2     7  61.1   10.5    0.0    7.3 1149.0 S 0.60 -
 960   10   10    16 0/13/0/0/0               1150.0   900.0    31.7    74.9   94.0  112.0     0 8/13/3/5/4/5          2     6  59.7   11.0    5.0   11.2 1149.0 S 0.60 -
 970   10   10    16 0/13/0/0/0               1150.0   900.0    22.6    74.9   94.0  112.0     0 8/13/3/5/4/5          2     5  61.3   10.4   15.0   20.7 1149.0 S 0.70 -
 980   10   10    16 0/13/0/0/0               1150.0   900.0    30.6    84.1   94.0  112.0     0 8/13/3/5/4/5          2     6  60.2   10.7   20.0   22.5 1149.0 S 0.60 -
 990   10   10    16 0/13/0/0/0               1150.0   900.0    29.3    94.8   94.0  112.0     0 8/13/3/5/4/5          2     5  62.3   10.7    0.0   25.2 1149.0 S 0.60 -
1000   10   10    16 0/13/0/0/0               1150.0   900.0    25.7   109.3   94.0  112.0     0 8/13/3/5/4/5          2     6  59.9   10.2   40.0   21.0 1149.0 S 0.60 -
1010   10   10    16 0/13/0/0/0               1150.0   900.0    17.1   109.3   94.0  112.0     0 8/13/3/5/4/5          2     4  62.0   11.2   55.0   17.1 1149.0 S 0.60 -
1020   10   10    16 0/13/0/0/0               1150.0   900.0    19.7   109.3   94.0  112.0     0 8/13/3/5/4/5          2     5  60.1   10.3   10.0   13.9 1149.0 S 0.60 -
1030   10   10    16 0/13/0/0/0               1150.0   900.0    22.4   109.3   94.0  112.0     0 8/13/3/5/4/5          2     5  60.1   10.6   25.0   17.4 1149.0 S 0.60 -
1040   10   10    16 0/13/0/0/0               1150.0   900.0    13.2   109.3   94.0  112.0     0 8/13/3/5/4/5          2     3  60.6   10.2   20.0   13.2 1149.0 S 0.60 -
1050   10   10    16 0/13/0/0/0               1150.0   900.0    17.1   109.3   94.0  112.0     0 8/13/3/5/4/5          2     5  60.9   10.5    0.0    8.0 1149.0 S 0.60 -
1060   10   10    16 0/13/0/0/0               1150.0   900.0    15.7   109.3   94.0  112.0     0 8/13/3/5/4/5          2     5  59.2   10.4   15.0   11.0 1149.0 S 0.70 -
1070   10   10    16 0/13/0/0/0               1150.0   900.0    33.4   109.3   94.0  112.0     0 8/13/3/5/4/5          2     7  61.3   11.0   10.0    9.9 1149.0 S 0.70 -
1080   10   10    16 0/13/0/0/0               1150.0   900.0    35.6   109.3   94.0  112.0     0 8/13/3/5/4/5          2     6  61.1   10.3   10.0   26.2 1149.0 S 0.70 -
1090   10   10    16 0/13/0/0/0               1150.0   900.0    34.9   129.6   94.0  112.0     0 8/13/3/5/4/5          2     5  61.5   10.8   15.0   24.9 1149.0 S 0.70 -
1100   10   10    16 0/13/0/0/0               1150.0   900.0    26.2   143.4   94.0  112.0     0 8/13/3/5/4/5          2     5  63.0   10.6    0.0   17.9 1149.0 S 0.80 -
1110   11   10    17 0/13/0/0/0               1150.0   900.0    32.0   143.4   94.0  112.0     0 8/13/3/5/4/5          2     6  62.1   10.9    0.0   20.7 1149.0 S 0.64 -
1120   12   11    18 0/13/0/0/0               1150.0   900.0    25.3   156.2   94.0  112.0     0 8/13/3/5/4/5          2     5  62.1   10.2   10.0   25.1 1149.0 S 0.67 -
1130   12   12    18 0/13/0/0/0               1150.0   900.0    26.9   156.2   94.0  112.0     0 8/13/3/5/4/5          2     6  62.9   10.8    0.0   14.0 1148.6 S 0.67 -
1140   13   12    19 0/13/0/0/0               1150.0   900.0    16.9   164.3   94.0  112.0     0 8/13/3/5/4/5          2     5  61.1   10.4   15.0   16.9 1149.0 S 0.62 -
1150   13   13    19 0/13/0/0/0               1150.0   900.0     5.3   164.3   94.0  112.0     0 8/13/3/5/4/5          2     5  61.5   10.5    0.0    5.3 1149.0 S 0.77 -
1160   13   13    19 0/13/0/0/0               1150.0   900.0     3.9   164.3   94.0  112.0     0 8/13/3/5/4/5          2     6  60.4   10.8   20.0    0.0 1149.0 S 0.69 -
1170   13   13    19 0/13/0/0/0               1150.0   900.0     4.2   164.3   94.0  112.0     0 8/13/3/5/4/5          2     7  62.9   10.3   25.0    0.0 1149.0 S 0.69 -
1180   13   13    19 0/13/0/0/0               1150.0   900.0     0.0   164.3   94.0  112.0     0 8/13/3/5/4/5          2     3  62.0   11.0   35.0    0.0 1149.0 L 0.69 -
1190    9    9    19 0/17/0/0/0               1150.0   900.0    19.4   164.3   94.0  112.0     0 8/13/3/5/4/5          2     7  62.3   10.9   20.0    0.0 1149.0 L 0.56 -
1200    9    9    19 0/17/0/0/0               1150.0   900.0    14.1   164.3   94.0  112.0     0 8/13/3/5/4/5          2     5  63.6   11.0   25.0   13.3 1149.0 L 0.56 -
1210    9    9    19 0/17/0/0/0               1150.0   900.0    17.5   164.3   94.0  112.0     0 8/13/3/5/4/5          2     4  63.7   11.1   65.0   13.8 1149.0 L 0.56 -
1220    9    9    19 0/17/0/0/0               1150.0   900.0    19.9   164.3   94.0  112.0     0 8/13/3/5/4/5          2     4  62.9   10.0   40.0   14.0 1149.0 L 0.67 -
1230    9    9    19 0/17/0/0/0               1150.0   900.0    15.9   164.3   94.0  112.0     0 8/13/3/5/4/5          2     4  62.7   11.6   80.0   10.4 1149.0 L 0.67 -
1240    9    9    19 0/17/0/0/0               1150.0   900.0    12.2   164.3   94.0  112.0     0 8/13/3/5/4/5          2     3  60.0   10.0   30.0    8.5 1149.0 L 0.56 -
1250    9    9    19 0/17/0/0/0               1150.0   900.0    11.7   164.3   94.0  112.0     0 8/13/3/5/4/5          2     5  61.8   10.4   30.0    7.5 1149.0 L 0.56 -
1260    9    9    19 0/17/0/0/0               1150.0   900.0    22.4   164.3   94.0  112.0     0 8/13/3/5/4/5          2     5  61.5   10.8   40.0   10.5 1149.0 L 0.78 -
1270    9    9    19 0/17/0/0/0               1150.0   900.0    26.6   164.3   94.0  112.0     0 8/13/3/5/4/5          2     5  62.3   10.8   40.0   18.8 1149.0 L 0.44 -
1280    9    9    19 0/17/0/0/0               1150.0   900.0    25.1   164.3   94.0  112.0     0 8/13/3/5/4/5          2     6  59.5   10.7   20.0   20.7 1148.7 L 0.44 -
1290    9    9    19 0/17/0/0/0               1150.0   900.0    22.5   164.3   94.0  112.0     0 8/13/3/5/4/5          2     2  63.2   10.6   70.0   22.5 1149.0 L 0.44 -
1300    9    9    19 0/17/0/0/0               1150.0   900.0    33.0   164.3   94.0  112.0     0 8/13/3/5/4/5          2     5  63.5   11.1   40.0   17.1 1149.0 L 0.44 -
1310    9    9    19 0/17/0/0/0               1150.0   900.0    29.1     0.4   96.0  112.0     0 8/13/3/5/4/5          2     5  61.6   10.3   29.3   24.8 1149.0 L 0.44 -
1320    9    9    19 0/17/0/0/0               1150.0   900.0    20.5     6.9   96.0  112.0     0 8/13/3/5/4/5          2     3  61.5   11.2  246.6   19.0 1149.0 L 0.44 -
1330    9    9    19 0/17/0/0/0               1150.0   900.0     2.2     6.9   96.0  112.0     0 8/13/3/5/4/5          2     1  63.1   10.6  231.8    2.2 1149.0 L 0.44 -
1340    0    0    19 0/26/0/0/0               1150.0   900.0     0.0     6.9   96.0  112.0     0 8/13/3/5/4/5          2     0  65.1   10.0  246.6    0.0 1150.0 L 0.00 -
1350    0    0    19 0/26/0/0/0               1150.0   900.0     0.0     6.9   96.0  112.0     0 8/13/3/5/4/5          2     0   0.0    0.0  246.6    0.0 1150.0 L 0.00 -
1360    0    0    19 0/26/0/0/0               1150.0   900.0     0.0     6.9   96.0  112.0     0 8/13/3/5/4/5          2     0   0.0    0.0  246.6    0.0 1150.0 L 0.00 -
1370    0    0    19 0/26/0/0/0               1150.0   900.0     0.0     6.9   96.0  112.0     0 8/13/3/5/4/5          2     0   0.0    0.0  246.6    0.0 1150.0 L 0.00 -
1380    0    0    19 0/26/0/0/0               1150.0   900.0     0.0     6.9   96.0  112.0     0 8/13/3/5/4/5          2     0   0.0    0.0  246.6    0.0 1150.0 L 0.00 -
1390    0    0    19 0/26/0/0/0               1150.0   900.0     0.0     6.9   96.0  112.0     0 8/13/3/5/4/5          2     0   0.0    0.0  246.6    0.0 1150.0 L 0.00 -
1400    0    0    19 0/26/0/0/0               1150.0   900.0     0.0     6.9   96.0  112.0     0 8/13/3/5/4/5          2     0   0.0    0.0  246.6    0.0 1150.0 L 0.00 -
1410    0    0    19 0/26/0/0/0               1150.0   900.0     0.0     6.9   96.0  112.0     0 8/13/3/5/4/5          2     0   0.0    0.0  246.6    0.0 1150.0 L 0.00 -
1420    0    0    19 0/26/0/0/0               1150.0   900.0     0.0     6.9   96.0  112.0     0 8/13/3/5/4/5          2     0   0.0    0.0  246.6    0.0 1150.0 L 0.00 -
1430    0    0    19 0/26/0/0/0               1150.0   900.0     0.0     6.9   96.0  112.0     0 8/13/3/5/4/5          2     0   0.0    0.0  246.6    0.0 1150.0 L 0.00 -
1440    0    0    19 0/26/0/0/0               1150.0   900.0     0.0     6.9   96.0  112.0     0 8/13/3/5/4/5          2     0   0.0    0.0  246.6    0.0 1150.0 L 0.00 -
1450    0    0    19 0/26/0/0/0               1150.0   900.0     0.0     6.9   96.0  112.0     0 8/13/3/5/4/5          2     0   0.0    0.0  246.6    0.0 1150.0 L 0.00 -
1460    0    0    19 0/26/0/0/0               1150.0   900.0     0.0     6.9   96.0  112.0     0 8/13/3/5/4/5          2     0   0.0    0.0  246.6    0.0 1150.0 L 0.00 -
1470    0    0    19 0/26/0/0/0               1150.0   900.0     0.0     6.9   96.0  112.0     0 8/13/3/5/4/5          2     0   0.0    0.0  246.6    0.0 1150.0 L 0.00 -
1480    0    0    19 0/26/0/0/0               1150.0   900.0     0.0     6.9   96.0  112.0     0 8/13/3/5/4/5          2     0   0.0    0.0  246.6    0.0 1150.0 L 0.00 -
1490    0    0    19 0/26/0/0/0               1150.0   900.0     0.0     6.9   96.0  112.0     0 8/13/3/5/4/5          2     0   0.0    0.0  246.6    0.0 1150.0 L 0.00 -
1500    0    0    19 0/26/0/0/0               1150.0   900.0     0.0     6.9   96.0  112.0     0 8/13/3/5/4/5          2     0   0.0    0.0  246.6    0.0 1150.0 L 0.00 -

targets for seed 99 (1500 sols):
  T1 FAIL run min pop 0 (needs >= 5), final pop 0
  T2 PASS deaths 26 (air 0 thirst 26 hunger 0 eva 0 other 0), unexplained 0
  T3 PASS births 19, first_birth_sol 293, at_capacity 0, cooldown_violations 0, pop@30=7, pop@100=7, pop@300=11
  T4 PASS min O2 262.5, food 203.1; ice ran dry (pressure): min ice 0.0, ice>30 0.0, thirst deaths 26; max ice/target 1.03, regolith/target 0.81
  T5 PASS demand>supply 0.00% of steps (<=10), max shorts/sol 0 (<=2), max offline 0.0 h (<=24.7), first new reactor sol 12 (<=15)
  T6 PASS limited 13469.3 h = 36.41% (>=2% provisional; 4 of 5 seeds), site busy 34.2%; waiting_regolith 2035.0 h, site_no_crew 11434.3 h
  T7 PASS turn_backs_air 0, exhausted 241, reachable>=2 at 100.0% of 1500 sol samples (>=95), trips 1246
  T8 FAIL row avg energy 0.0..65.2 (40..90), row asleep 0.0..12.3% (5..30), max sleep 8.8 h (<=18)
  T9 N/A  checked by repeating the run and by tests/test_determinism.gd (compare the table sha256)
  T10 FAIL first settlement sol 306 (40..150), age_changes 2 (<=4), min gap between consecutive history entries 306 (>=20), history 3 entries (changes+1 = 3); report: sols_in_age landing 628 settlement 872 council 0, age at end landing, changes [sol 306 settled; sol 1178 fell_back (cause ice)], fall back causes [sol 1178 ice], not-ok sols 108 (by group, a sol can fail several: ice 60, food 1, oxygen 1, power 0, death 14, unrest 47)
  T11 FAIL (1) list lengths 1501/1501/1501/1501 ok; (2) lonely mean of last 50 readings 0.000 (max 0.35) ok; (3) friends_mean 0.00 (1.0..15.0) BAD; (4) first_friendship_sol 163 ok; (5) lines_dropped (total) 0 ok; report: web 0.00 second 0.00 lonely 0.00 friends_mean 0.00 friends share of colony 0.000 (pop 0)
  T12 PASS (1) list lengths 1501/1501/1501 ok; (2) C2 ok; (3) council changes 0 (<=4) ok; (4) proposals 0 ok; (5) one Council line per boundary ok; report: first Council sol <null>, meetings 0, proposals [], pledge sol <null> reason -, lines {"circles_few":2}, dropped 0; council_min_seeds 3 pledge_min_seeds 1
RESULT FAIL (target 9 determinism: table sha256 0ce8ff3a02a6ece6)
# player attentive cadence=2.0
PLAYER checks=667 uses guide=234 fortune=0 per100 guide=15.6 fortune=0.0 guide_in_trouble=234
PLAYER first_low_sol=371 samples=134 mean_ice_over_target=0.383 low_share=0.701
PLAYER guide_trips=67 ice_trips_total=736 ice_trips_in_guided_window=135 guide_share_of_window=0.496 guide_hauled=356.8
PLAYER air_deaths=0 turn_backs_air=0 first_thirst_sol=732
