Godot Engine v4.5.stable.official.876b29033 - https://godotengine.org

# station zero balance run: seed=1234 sols=1500 overrides=[] fixed_step=0.05 data_hash=fcb5ff2f0fbf63a1 player=watcher (observes only, no powers)
# deaths and births are cumulative; shorts, trips, energy, asleep, wait, min_* are for the 30-sol window
 sol  pop  min birth dead a/t/h/o/x           oxygen    food     ice   regol   dmnd   supp short bldg R/H/W/G/A/C  reach trips  avgE asleep%  waitH minIce  minO2 age web cn
  10    7    7     0 0/0/0/0/0                 382.9   296.2    51.8    49.3   13.0   28.0     0 2/1/1/1/0/0           2     9  54.2   10.2  170.4   48.5  261.5 L 1.00 -
  20    7    7     0 0/0/0/0/0                 549.1   420.0    77.9    35.3   17.0   28.0     0 2/3/1/1/0/0           2    14  58.1   12.8  102.3   47.1  383.0 L 1.00 -
  30    7    7     0 0/0/0/0/0                 550.0   420.0    83.4     3.7   23.0   28.0     0 2/3/2/1/0/0           2    15  56.0   12.1   92.6   70.4  548.9 L 1.00 -
  40    7    7     0 0/0/0/0/0                 550.0   420.0    92.5    50.5   24.0   28.0     0 2/3/2/1/0/1           2    10  57.7   11.6  145.7   79.9  548.3 L 1.00 -
  50    7    7     0 0/0/0/0/0                 550.0   420.0    98.4    64.9   24.0   42.0     0 3/3/2/1/0/1           2    14  54.6   11.1   66.4   85.4  548.1 L 1.00 -
  60    7    7     0 0/0/0/0/0                 550.0   420.0    93.3    38.3   26.0   42.0     0 3/3/2/1/1/1           2     8  58.5   12.0   76.3   91.8  548.0 L 1.00 -
  70    7    7     0 0/0/0/0/0                 550.0   420.0   110.5    36.7   28.0   42.0     0 3/3/2/1/1/1           2    15  54.6   11.7  124.3   92.8  549.0 L 1.00 -
  80    7    7     0 0/0/0/0/0                 550.0   420.0   105.3    43.5   31.0   42.0     0 3/4/2/1/1/1           2    11  59.8   11.8   96.8  105.1  549.0 L 1.00 -
  90    7    7     0 0/0/0/0/0                 700.0   532.8   105.1     7.6   35.0   42.0     0 3/4/2/2/1/1           2     8  55.3   10.8  191.3   99.2  549.0 L 1.00 -
 100    7    7     0 0/0/0/0/0                 700.0   540.0   109.8    66.2   36.0   42.0     0 3/4/2/2/1/2           2    14  60.7   11.6  152.7   93.5  699.0 L 0.43 -
 110    7    7     0 0/0/0/0/0                 700.0   540.0    97.6    76.6   39.0   42.0     0 3/5/2/2/1/2           2    15  57.6   12.0   80.9   97.6  699.0 L 0.86 -
 120    7    7     0 0/0/0/0/0                 700.0   540.0    98.5    53.9   39.0   56.0     0 4/5/2/2/1/2           2    10  57.0   12.3  113.4   92.4  699.0 L 0.86 -
 130    7    7     0 0/0/0/0/0                 700.0   540.0   108.4    11.8   41.0   56.0     0 4/5/2/2/1/2           2    15  57.0   10.7  159.4   93.0  698.2 L 0.86 -
 140    7    7     0 0/0/0/0/0                 700.0   540.0   118.5    79.6   41.0   56.0     0 4/5/2/2/1/2           2    10  55.2   11.8  234.1  107.0  699.0 L 0.86 -
 150    7    7     0 0/0/0/0/0                 700.0   540.0   122.3   103.5   41.0   56.0     0 4/5/2/2/1/2           2     7  56.6   10.9  223.3  113.7  698.4 L 0.57 -
 160    7    7     0 0/0/0/0/0                 700.0   540.0   113.5    59.0   45.0   56.0     0 4/7/2/2/1/2           2    11  59.4   11.7  169.7  113.5  698.4 L 0.43 -
 170    7    7     0 0/0/0/0/0                 700.0   540.0   106.3    26.0   47.0   56.0     0 4/7/2/2/1/2           2    10  57.7   11.7  143.7  106.3  699.0 L 0.43 -
 180    7    7     0 0/0/0/0/0                 700.0   540.0   106.5    64.9   48.0   56.0     0 4/7/2/2/1/3           2    10  57.8   10.7  175.2  101.2  699.0 L 0.43 -
 190    7    7     0 0/0/0/0/0                 850.0   660.0    99.7    82.3   52.0   56.0     0 4/7/2/3/1/3           2    18  53.8   12.3   91.8   99.7  699.0 L 0.57 -
 200    7    7     0 0/0/0/0/0                 850.0   660.0   103.7    64.0   52.0   70.0     0 5/7/2/3/1/3           2    12  54.6   11.5  101.7   90.1  848.6 L 0.57 -
 210    7    7     0 0/0/0/0/0                 850.0   660.0   100.9    23.0   54.0   70.0     0 5/7/2/3/1/3           2    15  57.7   11.2   88.6   98.3  848.8 L 0.57 -
 220    7    7     0 0/0/0/0/0                 850.0   660.0    93.8    94.4   55.0   70.0     0 5/8/2/3/1/3           2     9  56.3   12.0  208.0   90.5  849.0 L 0.57 -
 230    7    7     0 0/0/0/0/0                 850.0   660.0   101.0    16.5   57.0   70.0     0 5/8/2/3/1/3           2    11  58.5   11.4  125.3   88.3  849.0 L 0.43 -
 240    7    7     0 0/0/0/0/0                 850.0   660.0   104.8    83.8   58.0   70.0     0 5/8/2/3/1/4           2    12  57.7   11.6   95.2   99.3  849.0 L 0.43 -
 250    7    7     0 0/0/0/0/0                 850.0   660.0    99.1    13.3   60.0   70.0     0 5/8/2/3/1/4           2     7  60.2   11.1  170.0   90.9  849.0 L 0.43 -
 260    7    7     0 0/0/0/0/0                1000.0   780.0    94.6    49.3   62.0   70.0     0 5/8/2/4/1/4           2    10  57.6   11.3  150.2   92.4  848.6 L 0.43 -
 270    7    7     0 0/0/0/0/0                1000.0   780.0   100.8    27.4   64.0   70.0     0 5/8/2/4/1/4           2    16  56.3   11.3  103.2   90.7  998.3 L 0.43 -
 280    9    7     2 0/0/0/0/0                1000.0   780.0    83.0    83.8   65.0   70.0     0 5/9/2/4/1/4           2     9  57.8   11.4  169.3   83.0  999.0 L 0.44 -
 290   10    9     3 0/0/0/0/0                1000.0   780.0    70.9    24.3   67.0   70.0     0 5/9/2/4/1/4           2    11  60.3   11.6  149.8   70.9  999.0 L 0.90 -
 300   13   10     6 0/0/0/0/0                1000.0   780.0    67.9    78.0   69.0   70.0     0 5/9/3/4/1/4           2    15  61.9   11.0   66.6   67.9  999.0 S 1.00 -
 310   13   13     6 0/0/0/0/0                1000.0   780.0    50.8    66.0   71.0   70.0     1 5/9/2/4/1/4           2    15  59.7   10.9  100.4   50.8  999.0 S 1.00 -
 320   13   13     6 0/0/0/0/0                1000.0   780.0    55.5   126.9   69.0   84.0     0 6/9/3/4/1/4           2    15  61.0   11.2   50.6   44.0  998.5 S 1.00 -
 330   13   13     6 0/0/0/0/0                1000.0   780.0    34.5    34.5   71.0   84.0     0 6/9/3/4/1/4           2     6  63.2   11.1  214.7   31.0  998.7 S 0.85 -
 340   13   13     6 0/0/0/0/0                1150.0   900.0    37.6    66.7   73.0   84.0     0 6/9/3/5/1/4           2    11  60.2   11.2   31.5   20.8  999.0 S 0.85 -
 350   13   13     6 0/0/0/0/0                1150.0   900.0    29.4   119.8   73.0   84.0     0 6/9/3/5/1/4           2    11  62.5   10.7   30.0   29.4 1149.0 S 0.85 -
 360   13   13     6 0/0/0/0/0                1150.0   900.0    36.1    26.6   75.0   84.0     0 6/9/3/5/1/4           2    12  60.1   11.1  116.7   27.4 1149.0 S 0.69 -
 370   13   13     6 0/0/0/0/0                1300.0  1020.0    50.1    51.6   77.0   84.0     0 6/9/3/6/1/4           2    14  61.3   10.6    9.6   30.3 1149.0 S 0.69 -
 380   13   13     6 0/0/0/0/0                1300.0  1020.0    47.1    95.4   77.0   84.0     0 6/9/3/6/1/4           2    11  61.1   11.4   75.0   43.2 1299.0 S 0.69 -
 390   13   13     6 0/0/0/0/0                1300.0  1020.0    40.1    40.9   79.0   84.0     0 6/9/3/6/1/4           2    14  61.3   10.9   57.3   38.8 1299.0 S 0.69 -
 400   13   13     6 0/0/0/0/0                1300.0  1020.0    16.7    54.4   79.0   84.0     0 6/9/3/6/1/4           2     5  62.0   10.5  231.3   16.2 1299.0 S 0.69 -
 410   13   13     6 0/0/0/0/0                1300.0  1020.0    45.4    54.4   80.0   84.0     0 6/9/3/6/1/5           2    12  60.4   10.9   83.0   14.9 1299.0 S 0.62 -
 420   13   13     6 0/0/0/0/0                1300.0  1020.0    47.4   104.2   80.0   84.0     0 6/9/3/6/1/5           2    16  61.1   11.2   15.0   43.4 1299.0 S 0.62 -
 430   13   13     6 0/0/0/0/0                1300.0  1020.0    52.0    10.7   82.0   84.0     0 6/9/3/6/1/5           2     8  59.4   10.8  137.6   45.7 1299.0 S 0.62 -
 440   13   13     6 0/0/0/0/0                1300.0  1020.0    37.4    43.7   80.0   98.0     0 7/9/3/6/1/5           2     7  59.9   10.9  122.1   33.2 1299.0 S 0.62 -
 450   13   13     6 0/0/0/0/0                1300.0  1020.0    24.3    98.0   80.0   98.0     0 7/9/3/6/1/5           2    10  61.6   11.5   75.0   24.3 1299.0 S 0.62 -
 460   13   13     6 0/0/0/0/0                1300.0  1020.0    29.5   115.5   80.0   98.0     0 7/9/3/6/1/5           2    12  63.5   10.6   35.0   21.4 1299.0 S 0.62 -
 470   13   13     6 0/0/0/0/0                1300.0  1020.0    36.3   148.7   80.0   98.0     0 7/9/3/6/1/5           2    11  61.1   10.9   20.0   23.5 1298.4 S 0.62 -
 480   13   13     6 0/0/0/0/0                1359.9  1062.9    23.5    21.9   84.0   98.0     0 7/9/3/7/1/5           2     6  62.8   10.8  203.9   17.5 1299.0 S 0.62 -
 490   13   13     6 0/0/0/0/0                1450.0  1140.0    30.6    28.4   84.0   98.0     0 7/9/3/7/1/5           2    13  59.8   10.7   20.0   18.7 1360.4 S 0.62 -
 500   13   13     6 0/0/0/0/0                1450.0  1140.0    49.8    75.7   84.0   98.0     0 7/9/3/7/1/5           2    14  61.2   11.3   35.0   29.7 1449.0 S 0.62 -
 510   13   13     6 0/0/0/0/0                1450.0  1140.0    66.8   142.7   84.0   98.0     0 7/9/3/7/1/5           2    17  61.2   11.3   15.0   48.5 1449.0 S 0.62 -
 520   13   13     6 0/0/0/0/0                1450.0  1140.0    38.9    34.1   86.0   98.0     0 7/9/3/7/1/5           2     8  59.8   10.7  186.5   38.9 1449.0 S 0.62 -
 530   13   13     6 0/0/0/0/0                1450.0  1140.0    14.6    64.0   86.0   98.0     0 7/9/3/7/2/5           2     7  64.4   10.7  193.6   13.9 1449.0 S 0.62 -
 540   13   13     6 0/0/0/0/0                1450.0  1140.0    42.2    78.0   86.0   98.0     0 7/9/3/7/2/5           2    12  60.1   10.7   10.0   14.4 1449.0 S 0.62 -
 550   14   13     7 0/0/0/0/0                1450.0  1140.0    33.6     0.6   88.0   98.0     0 7/9/3/7/2/5           2    16  61.8   11.3   82.9   28.3 1449.0 S 0.57 -
 560   15   14     8 0/0/0/0/0                1450.0  1140.0     8.6    12.1   88.0   98.0     0 7/9/3/7/2/5           2     2  64.0   10.6  233.7    8.6 1449.0 S 0.73 -
 570   13   13     9 0/3/0/0/0                1450.0  1140.0    24.1    19.1   88.0   98.0     0 7/9/3/7/3/5           2    11  61.6   11.0  131.6    0.0 1449.0 S 0.77 -
 580   15   13    11 0/3/0/0/0                1450.0  1140.0    31.9    25.7   88.0   98.0     0 7/9/3/7/3/5           2     9  62.8   10.8   20.0   19.1 1449.0 S 0.87 -
 590   15   15    11 0/3/0/0/0                1450.0  1140.0    35.1    45.1   88.0   98.0     0 7/9/3/7/3/5           2    10  63.5   11.0   10.0   18.6 1449.0 S 0.87 -
 600   15   15    11 0/3/0/0/0                1450.0  1140.0    34.5    79.7   88.0   98.0     0 7/9/3/7/3/5           2    13  62.6   10.8   10.0   25.3 1449.0 S 0.80 -
 610   16   15    12 0/3/0/0/0                1450.0  1140.0    28.8   100.5   88.0   98.0     0 7/9/3/7/3/5           2    10  62.0   10.7   20.0   23.0 1449.0 S 0.81 -
 620   16   16    12 0/3/0/0/0                1450.0  1140.0    44.3   114.7   88.0   98.0     0 7/9/3/7/3/5           2    12  62.1   11.3    0.0   19.1 1449.0 S 0.88 -
 630   16   16    12 0/3/0/0/0                1450.0  1140.0    20.0    12.0   90.0   98.0     0 7/9/3/7/3/5           2    12  62.4   10.5  136.8   14.6 1449.0 S 0.88 -
 640   16   16    12 0/3/0/0/0                1600.0  1260.0    42.8    12.0   92.0   98.0     0 7/9/3/8/3/5           2    13  63.7   11.5  150.9   17.3 1449.0 S 0.88 -
 650   16   16    12 0/3/0/0/0                1600.0  1260.0    27.8    69.1   92.0   98.0     0 7/9/3/8/3/5           2    10  62.5   10.5    5.0   21.2 1599.0 S 0.88 -
 660   16   16    12 0/3/0/0/0                1600.0  1260.0    26.8    96.1   92.0   98.0     0 7/9/3/8/3/5           2    11  63.3   11.0   15.0   23.2 1599.0 S 0.75 -
 670   16   16    12 0/3/0/0/0                1600.0  1260.0    30.2   117.8   92.0   98.0     0 7/9/3/8/3/5           2    13  61.1   10.7   20.0   21.8 1599.0 S 0.75 -
 680   16   16    12 0/3/0/0/0                1600.0  1260.0    42.4   142.3   92.0   98.0     0 7/9/3/8/3/5           2    12  61.7   11.2   15.0   30.1 1599.0 S 0.75 -
 690   16   16    12 0/3/0/0/0                1600.0  1260.0    29.2   179.8   92.0   98.0     0 7/9/3/8/3/5           2    11  62.8   10.9   10.0   27.4 1599.0 S 0.75 -
 700   16   16    12 0/3/0/0/0                1600.0  1260.0    29.8    37.9   94.0   98.0     0 7/9/3/8/3/5           2     8  62.7   10.7  206.8   24.1 1599.0 S 0.88 -
 710   16   16    12 0/3/0/0/0                1600.0  1260.0     7.5    50.8   94.0   98.0     0 7/9/3/8/3/5           2     6  61.1   10.9  235.2    7.4 1599.0 S 0.88 -
 720   16   16    12 0/3/0/0/0                1600.0  1260.0     0.9    50.8   94.0   98.0     0 7/9/3/8/3/5           2     6  61.6   10.8  217.4    0.0 1599.0 S 0.88 -
 730   16   16    12 0/3/0/0/0                1750.0  1380.0    22.4    52.8   96.0   98.0     0 7/9/3/9/3/5           2    13  60.7   11.0   43.1    0.0 1599.0 L 0.88 -
 740   16   16    12 0/3/0/0/0                1750.0  1380.0    34.6    52.8   96.0   98.0     0 7/9/3/9/3/5           2     9  63.9   10.9   20.0   19.5 1749.0 L 0.94 -
 750   16   16    12 0/3/0/0/0                1750.0  1380.0    23.7    75.0   96.0   98.0     0 7/9/3/9/3/5           2    12  61.7   10.5   45.0   20.4 1749.0 L 0.94 -
 760   16   16    12 0/3/0/0/0                1750.0  1380.0    24.7   105.5   96.0   98.0     0 7/9/3/9/3/5           2    10  59.8   10.6   30.0   16.8 1749.0 L 0.88 -
 770   16   16    12 0/3/0/0/0                1750.0  1380.0    11.7   121.6   96.0   98.0     0 7/9/3/9/3/5           2     9  61.3   11.2   20.0   11.7 1749.0 S 0.88 -
 780   16   16    12 0/3/0/0/0                1750.0  1380.0    19.0   121.6   96.0   98.0     0 7/9/3/9/3/5           2     8  62.3   10.5   10.0    8.9 1749.0 S 0.88 -
 790   16   16    12 0/3/0/0/0                1750.0  1380.0    28.3   121.6   96.0   98.0     0 7/9/3/9/3/5           2     9  61.8   11.3    5.0   10.4 1749.0 S 0.88 -
 800   16   16    12 0/3/0/0/0                1750.0  1380.0    22.3   148.8   96.0   98.0     0 7/9/3/9/3/5           2    10  60.4   10.5   10.0   20.3 1749.0 S 0.88 -
 810   16   16    12 0/3/0/0/0                1750.0  1380.0    16.2   158.6   96.0   98.0     0 7/9/3/9/3/5           2     6  61.3   10.6   25.0   13.7 1749.0 S 0.88 -
 820   16   16    12 0/3/0/0/0                1750.0  1380.0    28.8   158.6   96.0   98.0     0 7/9/3/9/3/5           2     9  61.1   10.7   10.0   10.3 1749.0 S 0.88 -
 830   16   16    12 0/3/0/0/0                1750.0  1380.0    25.9   161.3   96.0   98.0     0 7/9/3/9/3/5           2     8  58.7   10.3    0.0   14.3 1749.0 S 0.88 -
 840   17   16    13 0/3/0/0/0                1750.0  1380.0    18.9   161.3   96.0   98.0     0 7/9/3/9/3/5           2     7  62.2   10.4   30.0   10.3 1749.0 S 0.94 -
 850   19   17    15 0/3/0/0/0                1750.0  1380.0    38.5   161.3   96.0   98.0     0 7/9/3/9/3/5           2    14  61.4   10.8    0.0   13.1 1749.0 S 0.95 -
 860   19   19    15 0/3/0/0/0                1750.0  1380.0    31.7     8.2   98.0   98.0     0 7/9/3/9/3/5           2     7  61.9   11.0   42.4   28.8 1749.0 S 0.95 -
 870   15   15    16 0/8/0/0/0                1750.0  1380.0     0.0     8.2   98.0   98.0     0 7/9/3/9/3/5           2     3  62.2   10.5  214.4    0.0 1749.0 S 0.93 -
 880   11   11    16 0/12/0/0/0               1750.0  1380.0    11.8     8.2   96.0  112.0     0 8/9/3/9/3/5           2     6  60.7   10.6   24.6    0.0 1749.0 S 0.73 -
 890   11   11    16 0/12/0/0/0               1750.0  1380.0     4.1     8.2   96.0  112.0     0 8/9/3/9/3/5           2     5  58.7   10.0    5.0    1.2 1749.0 S 0.73 -
 900   11   11    16 0/12/0/0/0               1750.0  1380.0    19.2     8.2   96.0  112.0     0 8/9/3/9/3/5           2     8  59.1   10.2    0.0    0.4 1749.0 L 0.73 -
 910   11   11    16 0/12/0/0/0               1750.0  1380.0    12.6     8.2   96.0  112.0     0 8/9/3/9/3/5           2     5  59.8   10.4    0.0    5.5 1749.0 L 0.82 -
 920   11   11    16 0/12/0/0/0               1750.0  1380.0     8.8     8.2   96.0  112.0     0 8/9/3/9/3/5           2     5  61.3   10.7    0.0    0.0 1749.0 L 0.82 -
 930   11   11    16 0/12/0/0/0               1750.0  1380.0    19.6     8.2   96.0  112.0     0 8/9/3/9/3/5           2     7  60.1   10.6   20.0    6.6 1749.0 L 0.82 -
 940   11   11    16 0/12/0/0/0               1750.0  1380.0    19.4     8.2   96.0  112.0     0 8/9/3/9/3/5           2     5  57.6   10.4   10.0   18.1 1749.0 L 0.82 -
 950   11   11    16 0/12/0/0/0               1750.0  1380.0    18.8     8.2   96.0  112.0     0 8/9/3/9/3/5           2     7  60.5   10.2   10.0   13.4 1749.0 L 0.82 -
 960   11   11    16 0/12/0/0/0               1750.0  1380.0    11.7     8.2   96.0  112.0     0 8/9/3/9/3/5           2     3  58.7   10.3    0.0    9.9 1749.0 S 0.82 -
 970   11   11    16 0/12/0/0/0               1750.0  1380.0     8.9     8.2   96.0  112.0     0 8/9/3/9/3/5           2     7  58.3   10.6    0.0    5.7 1748.0 S 0.82 -
 980   11   11    16 0/12/0/0/0               1750.0  1380.0    21.2     8.2   96.0  112.0     0 8/9/3/9/3/5           2     8  57.8   10.2   15.0    8.0 1749.0 S 0.73 -
 990   11   11    16 0/12/0/0/0               1750.0  1380.0    28.1     8.2   96.0  112.0     0 8/9/3/9/3/5           2     6  56.5   10.4    5.0   20.9 1749.0 S 0.73 -
1000   11   11    16 0/12/0/0/0               1750.0  1380.0     3.6     8.2   96.0  112.0     0 8/9/3/9/3/5           2     3  58.0   10.6    0.0    3.6 1749.0 S 0.73 -
1010   11   11    16 0/12/0/0/0               1750.0  1380.0    22.6     8.2   96.0  112.0     0 8/9/3/9/3/5           2     8  62.0   11.3   10.0    0.0 1748.6 S 0.82 -
1020   11   11    16 0/12/0/0/0               1750.0  1380.0    25.0    22.0   96.0  112.0     0 8/9/3/9/3/5           2     7  62.5   10.6   25.0   19.7 1749.0 S 0.82 -
1030   11   11    16 0/12/0/0/0               1750.0  1380.0    27.2    31.5   96.0  112.0     0 8/9/3/9/3/5           2     8  61.6   11.2   20.0   21.1 1749.0 S 0.82 -
1040   11   11    16 0/12/0/0/0               1750.0  1380.0    28.1    39.8   96.0  112.0     0 8/9/3/9/3/5           2     7  62.3   10.7    5.0   22.0 1749.0 S 0.91 -
1050   11   11    16 0/12/0/0/0               1750.0  1380.0    29.3    47.1   96.0  112.0     0 8/9/3/9/3/5           2     6  61.0   10.9   40.0   19.8 1749.0 S 0.91 -
1060   11   11    16 0/12/0/0/0               1750.0  1380.0    34.6    62.6   96.0  112.0     0 8/9/3/9/3/5           2     7  60.4   10.4   15.0   21.3 1749.0 S 0.91 -
1070   11   11    16 0/12/0/0/0               1750.0  1380.0    31.0    62.6   96.0  112.0     0 8/9/3/9/3/5           2     4  61.1   11.1   15.0   29.7 1749.0 S 0.91 -
1080   11   11    16 0/12/0/0/0               1750.0  1380.0    32.4    79.5   96.0  112.0     0 8/9/3/9/3/5           2     8  59.9   10.9   20.0   26.2 1749.0 S 0.91 -
1090   11   11    16 0/12/0/0/0               1750.0  1380.0    32.6   108.5   96.0  112.0     0 8/9/3/9/3/5           2    10  60.6   10.7    0.0   26.3 1749.0 S 0.91 -
1100   11   11    16 0/12/0/0/0               1750.0  1380.0    31.3   128.1   96.0  112.0     0 8/9/3/9/3/5           2     7  61.2   11.3    5.0   25.4 1749.0 S 0.91 -
1110   11   11    16 0/12/0/0/0               1750.0  1380.0    21.0   147.4   96.0  112.0     0 8/9/3/9/3/5           2     8  61.0   10.7    5.0   16.6 1749.0 S 0.91 -
1120   11   11    16 0/12/0/0/0               1750.0  1380.0    29.6   147.4   96.0  112.0     0 8/9/3/9/3/5           2     7  61.6   10.5   15.0   15.8 1749.0 S 0.55 -
1130   12   11    17 0/12/0/0/0               1750.0  1380.0    26.9   155.5   96.0  112.0     0 8/9/3/9/3/5           2     5  60.5   11.3    5.0   23.6 1749.0 S 0.50 -
1140   13   12    18 0/12/0/0/0               1750.0  1380.0    20.8    10.1   98.0  112.0     0 8/9/3/9/3/5           2     8  63.3   10.2   27.1   20.8 1749.0 S 0.46 -
1150   14   13    19 0/12/0/0/0               1750.0  1380.0     9.1    10.1   98.0  112.0     0 8/9/3/9/3/5           2     4  62.1   11.3  209.1    7.5 1749.0 S 0.57 -
1160   14   14    19 0/12/0/0/0               1900.0  1500.0     9.4    10.1  100.0  112.0     0 8/9/3/10/3/5          2     9  62.2   10.7   21.8    6.0 1749.0 S 0.57 -
1170   14   14    19 0/12/0/0/0               1900.0  1500.0    18.9    10.1  100.0  112.0     0 8/9/3/10/3/5          2     8  63.0   10.6    5.0    1.6 1899.0 S 0.50 -
1180   14   14    19 0/12/0/0/0               1900.0  1500.0     8.4    10.1  100.0  112.0     0 8/9/3/10/3/5          2     6  63.8   11.0    0.0    0.6 1899.0 S 0.86 -
1190   14   14    19 0/12/0/0/0               1900.0  1500.0    17.0    10.1  100.0  112.0     0 8/9/3/10/3/5          2     8  62.4   11.1   10.0    8.3 1899.0 S 0.86 -
1200   14   14    19 0/12/0/0/0               1900.0  1500.0    16.0    10.1  100.0  112.0     0 8/9/3/10/3/5          2     7  61.2   10.8    0.0   10.5 1899.0 S 0.86 -
1210   14   14    19 0/12/0/0/0               1900.0  1500.0    14.0    10.1  100.0  112.0     0 8/9/3/10/3/5          2     8  61.7   10.4    0.0    6.1 1899.0 S 0.86 -
1220   14   14    19 0/12/0/0/0               1900.0  1500.0     3.8    10.1  100.0  112.0     0 8/9/3/10/3/5          2     4  62.1   10.9    0.0    3.5 1899.0 S 0.86 -
1230    9    9    19 0/17/0/0/0               1900.0  1500.0     0.0    10.1  100.0  112.0     0 8/9/3/10/3/5          2     4  61.0   10.9    5.0    0.0 1899.0 S 0.78 -
1240    8    8    19 0/18/0/0/0               1900.0  1500.0     3.5    10.1  100.0  112.0     0 8/9/3/10/3/5          2     5  62.3   10.3   20.0    0.0 1899.0 S 0.38 -
1250    8    8    19 0/18/0/0/0               1900.0  1500.0    11.5    10.1  100.0  112.0     0 8/9/3/10/3/5          2     6  59.3   10.2    0.0    2.1 1899.0 S 0.38 -
1260    8    8    19 0/18/0/0/0               1900.0  1500.0    22.3    10.1  100.0  112.0     0 8/9/3/10/3/5          2     7  58.4   11.5    0.0   11.2 1899.0 S 0.38 -
1270    8    8    19 0/18/0/0/0               1900.0  1500.0    34.7    10.1  100.0  112.0     0 8/9/3/10/3/5          2     4  60.0   10.3   15.0   21.3 1899.0 S 0.38 -
1280    8    8    19 0/18/0/0/0               1900.0  1500.0    33.5    28.1  100.0  112.0     0 8/9/3/10/3/5          2     6  60.0   11.0   15.0   30.4 1899.0 S 0.38 -
1290    8    8    19 0/18/0/0/0               1900.0  1500.0    24.8    34.0  100.0  112.0     0 8/9/3/10/3/5          2     3  61.4   10.5   10.0   23.8 1899.0 S 0.38 -
1300    8    8    19 0/18/0/0/0               1900.0  1500.0    22.6    34.0  100.0  112.0     0 8/9/3/10/3/5          2     4  60.1   10.7    0.0   18.1 1899.0 S 0.25 -
1310    8    8    19 0/18/0/0/0               1900.0  1500.0    23.4    42.9  100.0  112.0     0 8/9/3/10/3/5          2     5  59.9   11.3   20.0   20.4 1899.0 S 0.38 -
1320    8    8    19 0/18/0/0/0               1900.0  1500.0    35.1    42.9  100.0  112.0     0 8/9/3/10/3/5          2     6  59.8   10.0   15.0   21.0 1899.0 S 0.38 -
1330    8    8    19 0/18/0/0/0               1900.0  1500.0    26.1    48.5  100.0  112.0     0 8/9/3/10/3/5          2     4  61.2   11.2    0.0   23.8 1899.0 S 0.25 -
1340    8    8    19 0/18/0/0/0               1900.0  1500.0    21.8    48.5  100.0  112.0     0 8/9/3/10/3/5          2     3  60.0   10.4   25.0   19.6 1899.0 S 0.50 -
1350    8    8    19 0/18/0/0/0               1900.0  1500.0    20.0    48.5  100.0  112.0     0 8/9/3/10/3/5          2     4  61.6   10.3   10.0   11.3 1899.0 S 0.50 -
1360    8    8    19 0/18/0/0/0               1900.0  1500.0    21.2    48.5  100.0  112.0     0 8/9/3/10/3/5          2     5  58.5   11.0    5.0   18.5 1899.0 S 0.38 -
1370    8    8    19 0/18/0/0/0               1900.0  1500.0    21.7    62.5  100.0  112.0     0 8/9/3/10/3/5          2     6  60.2   10.4   15.0   20.3 1899.0 S 0.25 -
1380    8    8    19 0/18/0/0/0               1900.0  1500.0    29.1    62.5  100.0  112.0     0 8/9/3/10/3/5          2     6  59.3   11.3   45.0   21.4 1899.0 S 0.25 -
1390    8    8    19 0/18/0/0/0               1900.0  1500.0    30.3    71.5  100.0  112.0     0 8/9/3/10/3/5          2     6  60.4   10.7    0.0   25.7 1899.0 S 0.38 -
1400    9    8    20 0/18/0/0/0               1900.0  1500.0    27.3    78.2  100.0  112.0     0 8/9/3/10/3/5          2     5  60.4   11.2   65.0   19.4 1899.0 S 0.33 -
1410    9    9    20 0/18/0/0/0               1900.0  1500.0    17.2    78.2  100.0  112.0     0 8/9/3/10/3/5          2     5  63.6   10.1   20.0   15.1 1899.0 S 0.33 -
1420    9    9    20 0/18/0/0/0               1900.0  1500.0    21.3    78.2  100.0  112.0     0 8/9/3/10/3/5          2     4  60.0   10.7   10.0   11.7 1899.0 S 0.33 -
1430    9    9    20 0/18/0/0/0               1900.0  1500.0    16.3    78.2  100.0  112.0     0 8/9/3/10/3/5          2     3  62.4   11.0   10.0   12.6 1899.0 S 0.33 -
1440    9    9    20 0/18/0/0/0               1900.0  1500.0    33.2    78.2  100.0  112.0     0 8/9/3/10/3/5          2     7  61.3   10.7   10.0   14.0 1899.0 S 0.44 -
1450   10    9    21 0/18/0/0/0               1900.0  1500.0    23.2   100.7  100.0  112.0     0 8/9/3/10/3/5          2     5  61.8   11.0    0.0   22.6 1899.0 S 0.40 -
1460   10   10    21 0/18/0/0/0               1900.0  1500.0    26.5   100.7  100.0  112.0     0 8/9/3/10/3/5          2     5  60.8   10.1    5.0   16.0 1899.0 S 0.60 -
1470   10   10    21 0/18/0/0/0               1900.0  1500.0    16.3   100.7  100.0  112.0     0 8/9/3/10/3/5          2     3  62.6   10.7   35.0    9.2 1899.0 S 0.50 -
1480   10   10    21 0/18/0/0/0               1900.0  1500.0    26.6   100.7  100.0  112.0     0 8/9/3/10/3/5          2     7  62.6   11.2    5.0   11.3 1899.0 S 0.50 -
1490   10   10    21 0/18/0/0/0               1900.0  1500.0    21.6   100.7  100.0  112.0     0 8/9/3/10/3/5          2     3  61.8   10.6    5.0   18.6 1899.0 S 0.50 -
1500   10   10    21 0/18/0/0/0               1900.0  1500.0    24.1   116.9  100.0  112.0     0 8/9/3/10/3/5          2     7  60.5   10.3   15.0   19.0 1899.0 S 0.50 -

targets for seed 1234 (1500 sols):
  T1 PASS run min pop 7 (needs >= 5), final pop 10
  T2 PASS deaths 18 (air 0 thirst 18 hunger 0 eva 0 other 0), unexplained 0
  T3 PASS births 21, first_birth_sol 278, at_capacity 0, cooldown_violations 0, pop@30=7, pop@100=7, pop@300=13
  T4 PASS min O2 261.5, food 203.1; ice ran dry (pressure): min ice 0.0, ice>30 0.0, thirst deaths 18; max ice/target 1.08, regolith/target 0.38
  T5 FAIL demand>supply 0.44% of steps (<=10), max shorts/sol 1 (<=2), max offline 161.6 h (<=24.7), first new reactor sol 5 (<=15)
  T6 PASS limited 9055.1 h = 24.48% (>=2% provisional; 4 of 5 seeds), site busy 22.1%; waiting_regolith 2075.0 h, site_no_crew 6980.1 h
  T7 PASS turn_backs_air 0, exhausted 223, reachable>=2 at 100.0% of 1500 sol samples (>=95), trips 1304
  T8 PASS row avg energy 53.8..64.4 (40..90), row asleep 10.0..12.8% (5..30), max sleep 8.8 h (<=18)
  T9 N/A  checked by repeating the run and by tests/test_determinism.gd (compare the table sha256)
  T10 FAIL first settlement sol 294 (40..150), age_changes 5 (<=4), min gap between consecutive history entries 36 (>=20), history 6 entries (changes+1 = 6); report: sols_in_age landing 389 settlement 1111 council 0, age at end settlement, changes [sol 294 settled; sol 727 fell_back (cause ice); sol 763 settled_again; sol 894 fell_back (cause ice); sol 953 settled_again], fall back causes [sol 727 ice; sol 894 ice], not-ok sols 143 (by group, a sol can fail several: ice 70, food 1, oxygen 1, power 7, death 10, unrest 65)
  T11 PASS (1) list lengths 1501/1501/1501/1501 ok; (2) lonely mean of last 50 readings 0.264 (max 0.35) ok; (3) friends_mean 1.00 (1.0..15.0) ok; (4) first_friendship_sol 109 ok; (5) lines_dropped (total) 0 ok; report: web 0.50 second 0.20 lonely 0.30 friends_mean 1.00 friends share of colony 0.111 (pop 10)
  T12 PASS (1) list lengths 1501/1501/1501 ok; (2) C2 ok; (3) council changes 0 (<=4) ok; (4) proposals 0 ok; (5) one Council line per boundary ok; report: first Council sol <null>, meetings 0, proposals [], pledge sol <null> reason -, lines {"circles_few":5}, dropped 0; council_min_seeds 3 pledge_min_seeds 1
RESULT FAIL (target 9 determinism: table sha256 2bbdd119ac41a4e3)
# player watcher (observes only, no powers)
PLAYER checks=0 uses guide=0 fortune=0 per100 guide=0.0 fortune=0.0 guide_in_trouble=0
PLAYER first_low_sol=310 samples=151 mean_ice_over_target=0.332 low_share=0.775
PLAYER guide_trips=0 ice_trips_total=811 ice_trips_in_guided_window=0 guide_share_of_window=0.000 guide_hauled=0.0
PLAYER air_deaths=0 turn_backs_air=0 first_thirst_sol=563
