Godot Engine v4.5.stable.official.876b29033 - https://godotengine.org

# station zero balance run: seed=2026 sols=1500 overrides=[] fixed_step=0.05 data_hash=fcb5ff2f0fbf63a1 player=watcher (observes only, no powers)
# deaths and births are cumulative; shorts, trips, energy, asleep, wait, min_* are for the 30-sol window
 sol  pop  min birth dead a/t/h/o/x           oxygen    food     ice   regol   dmnd   supp short bldg R/H/W/G/A/C  reach trips  avgE asleep%  waitH minIce  minO2 age web cn
  10    7    7     0 0/0/0/0/0                 389.9   296.2    60.1    72.2   13.0   14.0     0 1/1/1/1/0/0           2     6  56.9   10.6  170.7   60.1  263.5 L 1.00 -
  20    7    7     0 0/0/0/0/0                 550.0   420.0    70.4   122.8   11.0   28.0     0 2/1/1/1/0/0           2    12  54.7   11.1  113.3   56.9  390.0 L 1.00 -
  30    7    7     0 0/0/0/0/0                 550.0   420.0    89.0   173.9   11.0   28.0     0 2/1/1/1/0/0           2    13  57.2   11.9    0.0   68.4  549.0 L 1.00 -
  40    7    7     0 0/0/0/0/0                 550.0   420.0    84.4   153.9   14.0   28.0     0 2/2/1/1/0/0           2     8  57.2   10.8   42.3   79.1  549.0 L 1.00 -
  50    7    7     0 0/0/0/0/0                 550.0   420.0    89.5   188.9   14.0   28.0     0 2/2/1/1/0/0           2    10  57.8   10.6    0.0   82.8  548.6 L 1.00 -
  60    7    7     0 0/0/0/0/0                 550.0   420.0   114.4   162.2   16.0   28.0     0 2/2/1/1/0/0           2     8  54.1   10.4   19.2   88.8  549.0 L 1.00 -
  70    7    7     0 0/0/0/0/0                 550.0   420.0   102.4   191.8   16.0   28.0     0 2/2/1/1/0/0           2     7  52.0   11.6  218.5  102.4  548.6 L 1.00 -
  80    7    7     0 0/0/0/0/0                 550.0   420.0    97.0    81.3   22.0   28.0     0 2/3/1/1/0/1           2     3  58.4   10.7  178.6   94.0  548.4 L 1.00 -
  90    7    7     0 0/0/0/0/0                 550.0   420.0    93.8    36.4   24.0   28.0     0 2/3/1/1/1/1           2     6  54.4   11.7  172.6   91.2  549.0 L 1.00 -
 100    7    7     0 0/0/0/0/0                 550.0   420.0    88.6    36.3   27.0   28.0     0 2/4/1/1/1/1           2    10  57.4   10.9  172.1   88.6  548.6 L 1.00 -
 110    7    7     0 0/0/0/0/0                 550.0   420.0    87.6    70.4   25.0   42.0     0 3/4/1/1/1/1           2    10  54.0   12.1   99.2   86.0  549.0 L 1.00 -
 120    7    7     0 0/0/0/0/0                 550.0   420.0    90.3    28.2   27.0   42.0     0 3/4/1/1/1/1           2     7  58.4   10.5  107.0   87.5  548.2 L 1.00 -
 130    7    7     0 0/0/0/0/0                 550.0   420.0    82.8    98.3   27.0   42.0     0 3/4/1/1/2/1           2    12  54.0   11.4   46.0   76.1  549.0 L 0.86 -
 140    7    7     0 0/0/0/0/0                 550.0   420.0    75.1    65.5   29.0   42.0     0 3/4/1/1/2/1           2     7  57.2   11.8  203.7   75.1  548.2 L 0.71 -
 150    7    7     0 0/0/0/0/0                 700.0   540.0    73.9   122.5   31.0   42.0     0 3/4/1/2/2/1           2    11  59.6   10.4    4.1   67.3  550.0 L 0.86 -
 160    7    7     0 0/0/0/0/0                 700.0   540.0    75.1    64.9   33.0   42.0     0 3/4/1/2/2/1           2     7  58.1   11.5  183.9   63.4  699.0 L 0.86 -
 170    7    7     0 0/0/0/0/0                 700.0   540.0    83.3    35.6   37.0   42.0     0 3/4/2/2/2/1           2    12  56.9   11.4  116.8   74.9  699.0 L 0.71 -
 180    7    7     0 0/0/0/0/0                 700.0   540.0   104.2    12.2   41.0   42.0     0 3/4/3/2/2/1           2    16  54.0   11.6   76.0   82.5  699.0 L 0.71 -
 190    7    7     0 0/0/0/0/0                 700.0   540.0    86.9    66.2   41.0   42.0     0 3/4/3/2/2/1           2     9  57.0   10.5  215.4   86.9  699.0 L 0.71 -
 200    7    7     0 0/0/0/0/0                 700.0   540.0    79.2    25.8   41.0   56.0     0 4/4/3/2/2/1           2     7  55.4   11.7  185.7   73.8  699.0 L 0.71 -
 210    7    7     0 0/0/0/0/0                 700.0   540.0    71.5    83.0   41.0   56.0     0 4/4/3/2/2/1           2     9  54.3   11.0  222.7   71.5  699.0 L 0.71 -
 220    7    7     0 0/0/0/0/0                 700.0   540.0    69.2   105.3   41.0   56.0     0 4/4/3/2/2/1           2     7  58.5   11.3  246.6   63.6  699.0 L 0.71 -
 230    7    7     0 0/0/0/0/0                 700.0   540.0    69.5    76.4   44.0   56.0     0 4/5/3/2/2/1           2    13  57.3   11.1   73.8   59.1  698.2 L 0.71 -
 240    7    7     0 0/0/0/0/0                 700.0   540.0    83.1     1.4   47.0   56.0     0 4/6/3/2/2/1           2     9  55.9   11.5  100.6   68.6  699.0 L 0.71 -
 250    7    7     0 0/0/0/0/0                 700.0   540.0    85.3    54.4   47.0   56.0     0 4/6/3/2/2/1           2    10  56.9   11.2  223.6   80.6  699.0 L 0.71 -
 260    7    7     0 0/0/0/0/0                 700.0   540.0    90.3   110.0   47.0   56.0     0 4/6/3/2/3/1           2    12  60.2   10.5   52.3   78.9  699.0 L 0.86 -
 270    7    7     0 0/0/0/0/0                 850.0   660.0    85.6    50.0   51.0   56.0     0 4/6/3/3/3/1           2     7  58.9   11.5  119.9   82.8  699.0 L 0.86 -
 280    7    7     0 0/0/0/0/0                 850.0   660.0    85.3    42.7   53.0   56.0     0 4/6/3/3/3/1           2    13  55.6   12.0   84.8   79.9  849.0 L 0.86 -
 290    7    7     0 0/0/0/0/0                 850.0   660.0    68.1    95.0   53.0   56.0     0 4/6/3/3/3/1           2     8  55.5   10.8  218.7   68.1  849.0 L 0.71 -
 300    7    7     0 0/0/0/0/0                1000.0   780.0    73.8    58.5   57.0   56.0     1 4/6/3/4/3/0           2    14  55.8   11.8   92.9   57.9  849.0 L 0.71 -
 310   12    7     5 0/0/0/0/0                1000.0   780.0    71.1   104.2   55.0   70.0     0 5/6/3/4/3/1           2    11  59.3   10.8  161.5   63.2  999.0 L 0.92 -
 320   12   12     5 0/0/0/0/0                1000.0   780.0    62.9    39.1   57.0   70.0     0 5/6/3/4/3/1           2    12  59.8   10.5  184.6   57.6  999.0 L 0.92 -
 330   12   12     5 0/0/0/0/0                1150.0   900.0    54.0    57.2   59.0   70.0     0 5/6/3/5/3/1           2     8  58.2   10.9  115.2   43.4  999.0 L 0.92 -
 340   12   12     5 0/0/0/0/0                1150.0   900.0    66.6    98.2   59.0   70.0     0 5/6/3/5/3/1           2    14  58.8   11.3   35.0   47.2 1149.0 L 0.83 -
 350   13   12     6 0/0/0/0/0                1150.0   900.0    54.1    20.3   61.0   70.0     0 5/6/3/5/3/1           2     8  60.5   10.6  100.9   54.1 1149.0 S 0.92 -
 360   13   13     6 0/0/0/0/0                1150.0   900.0    36.0    40.1   61.0   70.0     0 5/6/3/5/3/1           2     6  60.7   10.9  227.2   31.6 1149.0 S 0.46 -
 370   13   13     6 0/0/0/0/0                1150.0   900.0    29.1    64.0   61.0   70.0     0 5/6/3/5/4/1           2     9  61.8   10.0  125.9   19.0 1149.0 S 0.46 -
 380   13   13     6 0/0/0/0/0                1150.0   900.0    27.7    99.0   61.0   70.0     0 5/6/3/5/4/1           2    11  59.0   11.4   10.0   21.3 1149.0 S 0.38 -
 390   13   13     6 0/0/0/0/0                1150.0   900.0    36.5   113.4   61.0   70.0     0 5/6/3/5/4/1           2    10  61.2   10.9   35.0   23.0 1149.0 S 0.38 -
 400   13   13     6 0/0/0/0/0                1295.5  1004.8    32.3    44.2   65.0   70.0     0 5/6/3/6/4/1           2    14  56.9   11.2  117.9   32.2 1149.0 S 0.38 -
 410   13   13     6 0/0/0/0/0                1300.0  1020.0    38.8    65.1   65.0   70.0     0 5/6/3/6/4/1           2    11  60.8   10.7   45.0   21.8 1295.9 S 0.38 -
 420   13   13     6 0/0/0/0/0                1300.0  1020.0    33.0   130.4   65.0   70.0     0 5/6/3/6/4/1           2    13  59.9   10.7   25.0   26.3 1299.0 S 0.46 -
 430   13   13     6 0/0/0/0/0                1300.0  1020.0    21.5    28.1   67.0   70.0     0 5/6/3/6/4/1           2     7  59.3   10.7  218.8   16.8 1299.0 S 0.46 -
 440   13   13     6 0/0/0/0/0                1300.0  1020.0    17.9    28.1   67.0   70.0     0 5/6/3/6/4/1           2     6  61.8   10.2  244.8   11.3 1299.0 S 0.46 -
 450   13   13     6 0/0/0/0/0                1300.0  1020.0     8.2    28.1   67.0   70.0     0 5/6/3/6/4/1           2     6  62.2   11.2  235.7    5.6 1299.0 S 0.38 -
 460   13   13     6 0/0/0/0/0                1300.0  1020.0     3.6    28.1   67.0   70.0     0 5/6/3/6/4/1           2     6  61.6   10.6  225.0    0.0 1299.0 S 0.38 -
 470   11   11     6 0/2/0/0/0                1300.0  1020.0     6.1    28.1   67.0   70.0     0 5/6/3/6/5/1           2     8  60.7   10.4  120.4    0.0 1299.0 S 0.36 -
 480   11   11     6 0/2/0/0/0                1300.0  1020.0    41.7    28.1   67.0   70.0     0 5/6/3/6/5/1           2    10  58.3   10.7   80.0    5.5 1299.0 S 0.36 -
 490   11   11     6 0/2/0/0/0                1300.0  1020.0    39.8    74.7   67.0   70.0     0 5/6/3/6/5/1           2    13  56.6   10.8   40.0   26.6 1299.0 L 0.36 -
 500   11   11     6 0/2/0/0/0                1300.0  1020.0    36.1   124.3   67.0   70.0     0 5/6/3/6/5/1           2    10  60.3   11.4   20.0   32.5 1299.0 L 0.36 -
 510   11   11     6 0/2/0/0/0                1300.0  1020.0    25.3     9.6   67.0   84.0     0 6/6/3/6/5/1           2     7  59.1   10.9  116.7   16.4 1299.0 S 0.36 -
 520   11   11     6 0/2/0/0/0                1300.0  1020.0    37.5    41.6   67.0   84.0     0 6/6/3/6/5/1           2    11  59.3   10.7    5.0   22.5 1299.0 S 0.36 -
 530   11   11     6 0/2/0/0/0                1300.0  1020.0    34.8    78.6   67.0   84.0     0 6/6/3/6/5/1           2    10  59.3   10.6    0.0   28.7 1299.0 S 0.36 -
 540   11   11     6 0/2/0/0/0                1300.0  1020.0    33.7   136.6   67.0   84.0     0 6/6/3/6/5/1           2    11  60.0   11.2   40.0   28.0 1299.0 S 0.36 -
 550   11   11     6 0/2/0/0/0                1300.0  1020.0    30.4     0.6   70.0   84.0     0 6/7/3/6/5/1           2     6  61.4   10.3  104.4   26.7 1299.0 S 0.36 -
 560   11   11     6 0/2/0/0/0                1300.0  1020.0    24.8    54.1   70.0   84.0     0 6/7/3/6/5/1           2    11  60.1   10.8   10.0   24.8 1299.0 S 0.36 -
 570   11   11     6 0/2/0/0/0                1300.0  1020.0    45.3    76.6   70.0   84.0     0 6/7/3/6/5/1           2    12  57.0   10.6   25.0   23.2 1299.0 S 0.36 -
 580   13   11     8 0/2/0/0/0                1300.0  1020.0    31.7   136.2   70.0   84.0     0 6/7/3/6/5/1           2     9  60.6   10.8    5.0   31.7 1299.0 S 0.46 -
 590   14   13     9 0/2/0/0/0                1300.0  1020.0    18.3    12.8   72.0   84.0     0 6/7/3/6/5/1           2     6  61.4   10.8  114.3   11.1 1299.0 S 0.79 -
 600   14   14     9 0/2/0/0/0                1300.0  1020.0     3.0    12.8   73.0   84.0     0 6/7/3/6/5/2           2     6  61.1   10.6  131.6    0.1 1299.0 S 0.79 -
 610   15   14    10 0/2/0/0/0                1300.0  1020.0    15.4    12.8   73.0   84.0     0 6/7/3/6/5/2           2    10  61.0   10.5   40.0    2.6 1299.0 S 0.73 -
 620   16   15    11 0/2/0/0/0                1300.0  1020.0    36.3    12.8   73.0   84.0     0 6/7/3/6/5/2           2    11  58.9   10.2   60.0   15.2 1299.0 S 0.38 -
 630   16   16    11 0/2/0/0/0                1300.0  1020.0    22.2    31.4   73.0   84.0     0 6/7/3/6/5/2           2     8  59.7   11.0    0.0   18.2 1299.0 S 0.31 -
 640   16   16    11 0/2/0/0/0                1300.0  1020.0    15.6    31.4   73.0   84.0     0 6/7/3/6/5/2           2     7  60.1   10.6    0.0    9.4 1299.0 S 0.31 -
 650   16   16    11 0/2/0/0/0                1300.0  1020.0    16.3    31.4   73.0   84.0     0 6/7/3/6/5/2           2    10  59.7    9.8    0.0   11.7 1299.0 S 0.31 -
 660   16   16    11 0/2/0/0/0                1300.0  1020.0    17.9    31.4   73.0   84.0     0 6/7/3/6/5/2           2     8  58.8   10.4    0.0   11.8 1299.0 S 0.25 -
 670   16   16    11 0/2/0/0/0                1300.0  1020.0    27.3    31.4   73.0   84.0     0 6/7/3/6/5/2           2    10  58.7   10.5    0.0   17.2 1299.0 S 0.25 -
 680   16   16    11 0/2/0/0/0                1300.0  1020.0    33.6    51.6   73.0   84.0     0 6/7/3/6/5/2           2    11  56.7   10.6    0.0   23.9 1299.0 S 0.50 -
 690   16   16    11 0/2/0/0/0                1300.0  1020.0    16.4    67.6   73.0   84.0     0 6/7/3/6/5/2           2     8  60.6   10.1    0.0    9.9 1299.0 S 0.56 -
 700   16   16    11 0/2/0/0/0                1300.0  1020.0    31.3    67.6   73.0   84.0     0 6/7/3/6/5/2           2    12  58.0   10.5    0.0    8.8 1299.0 S 0.62 -
 710   16   16    11 0/2/0/0/0                1300.0  1020.0    26.3    80.1   73.0   84.0     0 6/7/3/6/5/2           2     9  60.4   10.6    0.0   17.6 1299.0 S 0.62 -
 720   16   16    11 0/2/0/0/0                1300.0  1020.0    33.8    80.1   73.0   84.0     0 6/7/3/6/5/2           2     9  58.7   10.6    0.0   21.0 1299.0 S 0.62 -
 730   16   16    11 0/2/0/0/0                1300.0  1020.0    19.1   108.3   73.0   84.0     0 6/7/3/6/5/2           2    11  61.0   10.4    0.0   10.6 1299.0 S 0.62 -
 740   16   16    11 0/2/0/0/0                1300.0  1020.0    32.8   108.3   73.0   84.0     0 6/7/3/6/5/2           2     9  58.9   10.8    0.0   18.1 1298.0 S 0.62 -
 750   16   16    11 0/2/0/0/0                1300.0  1020.0    27.2   122.1   73.0   84.0     0 6/7/3/6/5/2           2     8  59.3   10.5    0.0   26.3 1299.0 S 0.62 -
 760   16   16    11 0/2/0/0/0                1300.0  1020.0    41.0   122.1   73.0   84.0     0 6/7/3/6/5/2           2    11  58.7   10.6    0.0   20.0 1299.0 S 0.88 -
 770   16   16    11 0/2/0/0/0                1300.0  1020.0    27.3   153.3   73.0   84.0     0 6/7/3/6/5/2           2    11  60.6   10.6    0.0   23.3 1299.0 S 0.88 -
 780   16   16    11 0/2/0/0/0                1300.0  1020.0    24.8   153.3   73.0   84.0     0 6/7/3/6/5/2           2     8  59.7   10.9    0.0   23.8 1299.0 S 0.88 -
 790   16   16    11 0/2/0/0/0                1300.0  1020.0    30.6    38.0   75.0   84.0     0 6/7/3/6/5/2           2     9  59.8   10.7   41.2   23.1 1299.0 S 0.88 -
 800   16   16    11 0/2/0/0/0                1300.0  1020.0     4.8    47.5   75.0   84.0     0 6/7/3/6/5/2           2     3  62.1   10.6  246.6    4.8 1299.0 S 0.88 -
 810   12   12    11 0/6/0/0/0                1300.0  1020.0     0.0    47.5   75.0   84.0     0 6/7/3/6/5/2           2     4  61.4   10.2  237.7    0.0 1299.0 S 0.83 -
 820    8    8    11 0/10/0/0/0               1450.0  1140.0    25.0    47.5   77.0   84.0     0 6/7/3/7/5/2           2    10  54.0   10.5  163.9    0.0 1299.0 S 0.50 -
 830    8    8    11 0/10/0/0/0               1450.0  1140.0    44.3    74.4   77.0   84.0     0 6/7/3/7/5/2           2    11  55.0   10.5    0.0   23.5 1449.0 L 0.50 -
 840    8    8    11 0/10/0/0/0               1450.0  1140.0    55.3   106.0   77.0   84.0     0 6/7/3/7/5/2           2    10  54.7   11.1    0.0   36.3 1449.0 L 0.50 -
 850    8    8    11 0/10/0/0/0               1450.0  1140.0    52.6   172.2   77.0   84.0     0 6/7/3/7/5/2           2    14  55.8    9.9    0.0   47.8 1449.0 L 0.50 -
 860    9    8    12 0/10/0/0/0               1450.0  1140.0    62.0   218.9   77.0   84.0     0 6/7/3/7/5/2           2    10  57.2   11.5    0.0   49.2 1449.0 L 0.78 -
 870   11    9    14 0/10/0/0/0               1450.0  1140.0    55.5   264.4   77.0   84.0     0 6/7/3/7/5/2           2    11  59.8   10.9    0.0   47.7 1449.0 L 0.82 -
 880   11   11    14 0/10/0/0/0               1450.0  1140.0    58.3   280.7   77.0   84.0     0 6/7/3/7/5/2           2     7  60.3   10.8    0.0   53.9 1449.0 L 0.82 -
 890   12   11    15 0/10/0/0/0               1450.0  1140.0    42.0   345.1   77.0   84.0     0 6/7/3/7/5/2           2    11  59.4   10.9    0.0   39.4 1449.0 S 0.58 -
 900   13   12    16 0/10/0/0/0               1450.0  1140.0    42.1   363.8   77.0   84.0     0 6/7/3/7/5/2           2    10  61.9   10.8    0.0   39.0 1449.0 S 0.62 -
 910   13   13    16 0/10/0/0/0               1450.0  1140.0    39.9   418.4   77.0   84.0     0 6/7/3/7/5/2           2    11  62.2   10.6    0.0   38.9 1449.0 S 0.54 -
 920   13   13    16 0/10/0/0/0               1450.0  1140.0    42.8   442.6   77.0   84.0     0 6/7/3/7/5/2           2     8  60.5   11.2    0.0   32.8 1449.0 S 0.54 -
 930   13   13    16 0/10/0/0/0               1450.0  1140.0    38.0   312.5   79.0   84.0     0 6/7/3/7/5/2           2     7  62.4   11.1   28.6   37.0 1449.0 S 0.38 -
 940   13   13    16 0/10/0/0/0               1450.0  1140.0    16.4   318.9   79.0   84.0     0 6/7/3/7/5/2           2     4  63.9   10.4  226.7   16.4 1449.0 S 0.62 -
 950   13   13    16 0/10/0/0/0               1450.0  1140.0    42.7   318.9   80.0   84.0     0 6/8/3/7/5/2           2     9  62.8   11.2   65.8   14.0 1449.0 S 0.62 -
 960   13   13    16 0/10/0/0/0               1450.0  1140.0    51.8   342.2   80.0   84.0     0 6/8/3/7/5/2           2    12  60.6   11.1    0.0   40.0 1449.0 S 0.38 -
 970   13   13    16 0/10/0/0/0               1450.0  1140.0    50.8   366.2   80.0   84.0     0 6/8/3/7/5/2           2     9  63.1   10.6    0.0   41.3 1449.0 S 0.62 -
 980   13   13    16 0/10/0/0/0               1450.0  1140.0    55.9   393.3   80.0   84.0     0 6/8/3/7/5/2           2     9  61.9   11.2    0.0   41.1 1449.0 S 0.62 -
 990   13   13    16 0/10/0/0/0               1450.0  1140.0    71.7   403.0   80.0   84.0     0 6/8/3/7/5/2           2    10  62.0   10.8    0.0   46.5 1449.0 S 0.69 -
1000   13   13    16 0/10/0/0/0               1450.0  1140.0    80.0   414.4   80.0   84.0     0 6/8/3/7/5/2           2     8  60.0   10.9    0.0   71.2 1449.0 S 0.69 -
1010   13   13    16 0/10/0/0/0               1450.0  1140.0    74.8   455.3   80.0   84.0     0 6/8/3/7/5/2           2    10  58.9   11.0    0.0   74.4 1449.0 S 0.62 -
1020   13   13    16 0/10/0/0/0               1450.0  1140.0    66.4   481.9   80.0   84.0     0 6/8/3/7/5/2           2     9  61.3   10.8    0.0   64.0 1449.0 S 0.62 -
1030   13   13    16 0/10/0/0/0               1450.0  1140.0    66.7   494.0   80.0   84.0     0 6/8/3/7/5/2           2     8  60.9   11.2    0.0   56.3 1449.0 S 0.62 -
1040   13   13    16 0/10/0/0/0               1450.0  1140.0    50.4   375.1   80.0   98.0     0 7/8/3/7/5/2           2     7  62.3   10.3  133.9   48.9 1449.0 S 0.62 -
1050   13   13    16 0/10/0/0/0               1450.0  1140.0    58.8   239.8   82.0   98.0     0 7/8/3/7/5/2           2     9  63.7   11.2   42.7   47.5 1449.0 S 0.62 -
1060   13   13    16 0/10/0/0/0               1450.0  1140.0    39.3   239.8   82.0   98.0     0 7/8/3/7/6/2           2     4  61.7   11.0  203.5   39.3 1448.9 S 0.62 -
1070   13   13    16 0/10/0/0/0               1450.0  1140.0    16.0   100.4   84.0   98.0     0 7/8/3/7/6/2           2     4  60.8   11.1  150.9   16.0 1449.0 S 0.62 -
1080   13   13    16 0/10/0/0/0               1450.0  1140.0    31.8   100.4   84.0   98.0     0 7/8/3/7/7/2           2     9  60.7   10.6  139.1   13.5 1449.0 S 0.92 -
1090   13   13    16 0/10/0/0/0               1450.0  1140.0    41.2   122.4   84.0   98.0     0 7/8/3/7/7/2           2    11  63.3   10.8   40.0   19.1 1449.0 S 0.92 -
1100   13   13    16 0/10/0/0/0               1450.0  1140.0    29.5   193.5   84.0   98.0     0 7/8/3/7/7/2           2    12  62.0   11.5   20.0   29.5 1449.0 S 0.92 -
1110   13   13    16 0/10/0/0/0               1450.0  1140.0    32.2    39.1   87.0   98.0     0 7/8/3/7/7/3           2    11  62.3   11.0  102.6   21.8 1449.0 S 0.69 -
1120   13   13    16 0/10/0/0/0               1450.0  1140.0    41.8    77.5   87.0   98.0     0 7/8/3/7/7/3           2    14  58.6   11.1   10.0   31.1 1449.0 S 0.69 -
1130   14   13    17 0/10/0/0/0               1450.0  1140.0    31.6   127.2   87.0   98.0     0 7/8/3/7/7/3           2    10  62.8   10.7    5.0   29.1 1449.0 S 0.71 -
1140   15   14    18 0/10/0/0/0               1450.0  1140.0    29.6   145.6   87.0   98.0     0 7/8/3/7/7/3           2    11  62.1   10.9   15.0   23.2 1449.0 S 0.67 -
1150   15   15    18 0/10/0/0/0               1450.0  1140.0    29.1   145.6   87.0   98.0     0 7/8/3/7/7/3           2    10  60.7   10.3   45.0   19.2 1449.0 S 1.00 -
1160   15   15    18 0/10/0/0/0               1450.0  1140.0    55.0   168.2   87.0   98.0     0 7/8/3/7/7/3           2    13  59.6   11.4   25.0   27.2 1449.0 S 1.00 -
1170   16   15    19 0/10/0/0/0               1450.0  1140.0    44.1    32.8   89.0   98.0     0 7/8/3/7/7/3           2    12  59.4   10.3   91.9   42.1 1449.0 S 0.88 -
1180   17   16    20 0/10/0/0/0               1450.0  1140.0    32.5    32.8   89.0   98.0     0 7/8/3/7/7/3           2     5  62.4   10.6  237.6   32.5 1449.0 S 0.88 -
1190   18   17    21 0/10/0/0/0               1450.0  1140.0    14.5    32.8   89.0   98.0     0 7/8/3/7/7/3           2     7  63.0   10.4  234.5   10.1 1449.0 S 0.83 -
1200   18   18    21 0/10/0/0/0               1450.0  1140.0    10.2    32.8   89.0   98.0     0 7/8/3/7/7/3           2     6  61.0   11.3  235.2    3.7 1449.0 S 0.83 -
1210   11   11    21 0/17/0/0/0               1450.0  1140.0     3.0    47.3   89.0   98.0     0 7/8/3/7/7/3           2     5  62.9   10.2  246.6    0.0 1449.0 S 0.55 -
1220    6    6    21 0/22/0/0/0               1450.0  1140.0     2.6    47.3   89.0   98.0     0 7/8/3/7/7/3           2     3  60.8   11.0  246.6    0.0 1449.0 L 0.33 -
1230    6    6    21 0/22/0/0/0               1450.0  1140.0    12.3    47.3   89.0   98.0     0 7/8/3/7/7/3           2     5  62.1   10.4  246.6    0.0 1449.0 L 0.33 -
1240    6    6    21 0/22/0/0/0               1450.0  1140.0    11.5    47.3   89.0   98.0     0 7/8/3/7/8/3           2     2  56.6   10.6  214.6    7.0 1449.0 L 0.33 -
1250    6    6    21 0/22/0/0/0               1450.0  1140.0    25.1    47.3   89.0   98.0     0 7/8/3/7/8/3           2     5  59.7   11.3   20.0    8.5 1449.0 L 0.33 -
1260    6    6    21 0/22/0/0/0               1450.0  1140.0    43.0    83.1   89.0   98.0     0 7/8/3/7/8/3           2    11  55.9   10.8   25.0   23.6 1449.0 L 0.33 -
1270    6    6    21 0/22/0/0/0               1450.0  1140.0    61.8   101.5   89.0   98.0     0 7/8/3/7/8/3           2     8  57.7   10.3   10.0   39.4 1449.0 L 0.67 -
1280    6    6    21 0/22/0/0/0               1450.0  1140.0    55.2   142.5   89.0   98.0     0 7/8/3/7/8/3           2     6  59.6   12.3    5.0   51.2 1449.0 L 0.67 -
1290    6    6    21 0/22/0/0/0               1450.0  1140.0    50.8     9.4   91.0   98.0     0 7/8/3/7/8/3           2     7  58.3   10.4   66.1   48.4 1449.0 L 0.67 -
1300    6    6    21 0/22/0/0/0               1450.0  1140.0    41.1    21.2   91.0   98.0     0 7/8/3/7/8/3           2     3  59.1   10.8  227.6   36.5 1449.0 L 0.67 -
1310    6    6    21 0/22/0/0/0               1450.0  1140.0    35.7    38.0   91.0   98.0     0 7/8/3/7/8/3           2     4  59.0   10.5  237.8   31.9 1449.0 L 0.50 -
1320    6    6    21 0/22/0/0/0               1450.0  1140.0    26.7    52.4   92.0   98.0     0 7/9/3/7/8/3           2     4  60.5   11.3   89.4   23.9 1449.0 L 0.50 -
1330    6    6    21 0/22/0/0/0               1450.0  1140.0    44.5    69.4   92.0   98.0     0 7/9/3/7/8/3           2     8  57.5   11.5   40.0   26.6 1449.0 L 0.50 -
1340    6    6    21 0/22/0/0/0               1450.0  1140.0    39.1    96.3   92.0   98.0     0 7/9/3/7/8/3           2     9  57.3   10.2   10.0   39.1 1449.0 L 0.67 -
1350    6    6    21 0/22/0/0/0               1450.0  1140.0    53.9   129.4   92.0   98.0     0 7/9/3/7/8/3           2     6  58.1   10.8   10.0   36.7 1449.0 L 0.67 -
1360    6    6    21 0/22/0/0/0               1450.0  1140.0    53.3   163.6   92.0   98.0     0 7/9/3/7/8/3           2     7  58.3   11.9    0.0   51.1 1449.0 L 0.67 -
1370    6    6    21 0/22/0/0/0               1450.0  1140.0    48.1   198.7   92.0   98.0     0 7/9/3/7/8/3           2     8  59.0   10.4    0.0   46.2 1449.0 L 0.67 -
1380    6    6    21 0/22/0/0/0               1450.0  1140.0    44.8    48.3   94.0   98.0     0 7/9/3/7/8/3           2     5  57.4   11.2  154.9   44.4 1449.0 L 0.67 -
1390    6    6    21 0/22/0/0/0               1450.0  1140.0    57.9    59.0   95.0   98.0     0 7/10/3/7/8/3          2     6  57.9   11.8  107.7   39.4 1448.0 L 0.67 -
1400    6    6    21 0/22/0/0/0               1450.0  1140.0    60.0   102.8   95.0   98.0     0 7/10/3/7/8/3          2     8  58.6   10.5   30.0   52.7 1449.0 L 0.67 -
1410    7    6    22 0/22/0/0/0               1450.0  1140.0    57.9   141.9   95.0   98.0     0 7/10/3/7/8/3          2     8  58.8   11.0   15.0   57.9 1449.0 L 0.71 -
1420    7    7    22 0/22/0/0/0               1450.0  1140.0    59.4     1.7   97.0   98.0     0 7/10/3/7/8/3          2     6  61.2   11.8   75.5   48.7 1449.0 L 0.71 -
1430    7    7    22 0/22/0/0/0               1450.0  1140.0    47.0    11.5   95.0  112.0     0 8/10/3/7/8/3          2     4  57.5   10.3  160.2   47.0 1449.0 L 0.57 -
1440    7    7    22 0/22/0/0/0               1450.0  1140.0    46.7    73.2   95.0  112.0     0 8/10/3/7/8/3          2     8  58.4   10.7   50.0   42.2 1449.0 L 0.57 -
1450    7    7    22 0/22/0/0/0               1450.0  1140.0    36.4   112.2   95.0  112.0     0 8/10/3/7/8/3          2     7  60.3   11.2   10.0   36.4 1449.0 L 0.57 -
1460    7    7    22 0/22/0/0/0               1450.0  1140.0    25.3   143.7   95.0  112.0     0 8/10/3/7/8/3          2     4  60.6   11.5   10.0   25.3 1449.0 L 0.57 -
1470    8    7    23 0/22/0/0/0               1450.0  1140.0    25.4   152.3   95.0  112.0     0 8/10/3/7/8/3          2     6  58.3    9.7   15.0   22.0 1449.0 L 0.62 -
1480    8    8    23 0/22/0/0/0               1450.0  1140.0    33.5   168.5   95.0  112.0     0 8/10/3/7/8/3          2     7  59.5   11.0   45.0   22.2 1449.0 L 0.62 -
1490    8    8    23 0/22/0/0/0               1450.0  1140.0    27.8   174.7   95.0  112.0     0 8/10/3/7/8/3          2     5  62.0   10.5    5.0   24.0 1449.0 L 0.62 -
1500    8    8    23 0/22/0/0/0               1450.0  1140.0    34.5   179.6   95.0  112.0     0 8/10/3/7/8/3          2     5  58.4   10.6    0.0   23.6 1449.0 L 0.62 -

targets for seed 2026 (1500 sols):
  T1 PASS run min pop 6 (needs >= 5), final pop 8
  T2 PASS deaths 22 (air 0 thirst 22 hunger 0 eva 0 other 0), unexplained 0
  T3 PASS births 23, first_birth_sol 303, at_capacity 0, cooldown_violations 0, pop@30=7, pop@100=7, pop@300=7
  T4 PASS min O2 263.5, food 203.1; ice ran dry (pressure): min ice 0.0, ice>30 0.0, thirst deaths 22; max ice/target 0.96, regolith/target 0.94
  T5 FAIL demand>supply 0.70% of steps (<=10), max shorts/sol 1 (<=2), max offline 259.8 h (<=24.7), first new reactor sol 15 (<=15)
  T6 PASS limited 11896.7 h = 32.16% (>=2% provisional; 4 of 5 seeds), site busy 32.3%; waiting_regolith 1170.0 h, site_no_crew 10726.7 h
  T7 PASS turn_backs_air 0, exhausted 245, reachable>=2 at 100.0% of 1500 sol samples (>=95), trips 1295
  T8 PASS row avg energy 52.0..63.9 (40..90), row asleep 9.7..12.3% (5..30), max sleep 8.8 h (<=18)
  T9 N/A  checked by repeating the run and by tests/test_determinism.gd (compare the table sha256)
  T10 FAIL first settlement sol 344 (40..150), age_changes 6 (<=4), min gap between consecutive history entries 20 (>=20), history 7 entries (changes+1 = 7); report: sols_in_age landing 715 settlement 785 council 0, age at end landing, changes [sol 344 settled; sol 487 fell_back (cause ice); sol 507 settled_again; sol 822 fell_back (cause ice); sol 887 settled_again; sol 1214 fell_back (cause ice)], fall back causes [sol 487 ice; sol 822 ice; sol 1214 ice], not-ok sols 174 (by group, a sol can fail several: ice 54, food 1, oxygen 1, power 10, death 14, unrest 111)
  T11 PASS (1) list lengths 1501/1501/1501/1501 ok; (2) lonely mean of last 50 readings 0.130 (max 0.35) ok; (3) friends_mean 1.50 (1.0..15.0) ok; (4) first_friendship_sol 259 ok; (5) lines_dropped (total) 0 ok; report: web 0.62 second 0.25 lonely 0.12 friends_mean 1.50 friends share of colony 0.214 (pop 8)
  T12 PASS (1) list lengths 1501/1501/1501 ok; (2) C2 ok; (3) council changes 0 (<=4) ok; (4) proposals 0 ok; (5) one Council line per boundary ok; report: first Council sol <null>, meetings 0, proposals [], pledge sol <null> reason -, lines {"circles_few":5}, dropped 0; council_min_seeds 3 pledge_min_seeds 1
RESULT FAIL (target 9 determinism: table sha256 bad957ef5f0ca6d1)
# player watcher (observes only, no powers)
PLAYER checks=0 uses guide=0 fortune=0 per100 guide=0.0 fortune=0.0 guide_in_trouble=0
PLAYER first_low_sol=327 samples=151 mean_ice_over_target=0.382 low_share=0.550
PLAYER guide_trips=0 ice_trips_total=758 ice_trips_in_guided_window=0 guide_share_of_window=0.000 guide_hauled=0.0
PLAYER air_deaths=0 turn_backs_air=0 first_thirst_sol=464
