Godot Engine v4.5.stable.official.876b29033 - https://godotengine.org

# station zero balance run: seed=99 sols=1500 overrides=[] fixed_step=0.05 data_hash=fcb5ff2f0fbf63a1 player=watcher (observes only, no powers)
# deaths and births are cumulative; shorts, trips, energy, asleep, wait, min_* are for the 30-sol window
 sol  pop  min birth dead a/t/h/o/x           oxygen    food     ice   regol   dmnd   supp short bldg R/H/W/G/A/C  reach trips  avgE asleep%  waitH minIce  minO2 age web cn
  10    7    7     0 0/0/0/0/0                 379.9   296.2    63.2    91.0   13.0   14.0     0 1/1/1/1/0/0           2    13  53.7   10.2  202.9   59.4  262.5 L 1.00 -
  20    7    7     0 0/0/0/0/0                 550.0   420.0    68.8    79.9   13.0   28.0     0 2/1/1/1/0/0           2     6  55.5   11.1  159.3   58.9  380.0 L 1.00 -
  30    7    7     0 0/0/0/0/0                 550.0   420.0    87.2   113.3   14.0   28.0     0 2/2/1/1/0/0           2    13  53.6   11.1  133.3   62.4  549.0 L 1.00 -
  40    7    7     0 0/0/0/0/0                 549.3   420.0    85.6   109.3   17.0   28.0     0 2/2/1/1/0/1           2    10  57.7   11.9   36.8   84.4  548.4 L 1.00 -
  50    7    7     0 0/0/0/0/0                 550.0   420.0    89.0   116.7   19.0   28.0     0 2/2/1/1/0/1           2    11  60.3   11.7   86.3   80.6  549.0 L 0.86 -
  60    7    7     0 0/0/0/0/0                 700.0   540.0    75.7   104.6   23.0   28.0     0 2/2/1/2/0/1           2     7  56.9   11.4   99.2   75.7  549.0 L 0.86 -
  70    7    7     0 0/0/0/0/0                 700.0   540.0    86.3    65.4   25.0   28.0     0 2/2/1/2/1/1           2     7  57.0   11.4  131.6   75.0  699.0 L 0.71 -
  80    7    7     0 0/0/0/0/0                 700.0   540.0    86.0    30.3   28.0   28.0     0 2/3/1/2/1/1           2     9  55.6   11.0  198.9   81.5  699.0 L 0.71 -
  90    7    7     0 0/0/0/0/0                 700.0   540.0    83.6   124.3   26.0   42.0     0 3/3/1/2/1/1           2    16  59.0   11.9   60.6   78.5  698.5 L 0.71 -
 100    7    7     0 0/0/0/0/0                 700.0   540.0   106.1    23.8   32.0   42.0     0 3/3/2/2/1/1           2    13  56.8   12.3  125.5   83.3  699.0 L 0.71 -
 110    7    7     0 0/0/0/0/0                 700.0   540.0   110.1    73.2   32.0   42.0     0 3/3/2/2/2/1           2    10  59.1   11.1  154.2  103.7  699.0 L 0.71 -
 120    7    7     0 0/0/0/0/0                 700.0   540.0   103.4    78.7   34.0   42.0     0 3/3/2/2/2/1           2    13  59.1   11.9  106.6  103.4  699.0 L 0.71 -
 130    7    7     0 0/0/0/0/0                 700.0   540.0    96.5    32.0   37.0   42.0     0 3/3/2/2/2/2           2     7  57.0   10.8  218.3   96.5  698.1 L 0.71 -
 140    7    7     0 0/0/0/0/0                 700.0   540.0   105.5    89.4   38.0   42.0     0 3/4/2/2/2/2           2    11  56.3   12.0  179.2   94.5  699.0 L 0.71 -
 150    7    7     0 0/0/0/0/0                 700.0   540.0   111.2    82.3   40.0   42.0     0 3/4/2/2/2/2           2    15  57.7   11.2  113.3   99.7  698.5 L 0.71 -
 160    7    7     0 0/0/0/0/0                 700.0   540.0   114.8    54.4   40.0   56.0     0 4/4/2/2/2/2           2    14  59.7   12.3   67.7  110.1  698.2 L 0.71 -
 170    7    7     0 0/0/0/0/0                 700.0   540.0   115.5    13.5   43.0   56.0     0 4/5/2/2/2/2           2    11  56.6   11.3  152.6  108.5  699.0 L 0.71 -
 180    7    7     0 0/0/0/0/0                 700.0   540.0   109.5    81.9   43.0   56.0     0 4/5/2/2/2/2           2    12  57.4   11.5  245.3  105.1  699.0 L 0.71 -
 190    7    7     0 0/0/0/0/0                 700.0   540.0   105.0   124.5   43.0   56.0     0 4/5/2/2/2/2           2    10  56.4   11.5  216.9  102.9  699.0 L 0.71 -
 200    7    7     0 0/0/0/0/0                 700.0   540.0   112.7    74.8   46.0   56.0     0 4/6/2/2/2/2           2    10  58.5   11.3  128.3  104.4  699.0 L 0.71 -
 210    7    7     0 0/0/0/0/0                 700.0   540.0    95.5    17.0   49.0   56.0     0 4/7/2/2/2/2           2     7  61.2   11.8  100.0   95.5  699.0 L 0.57 -
 220    7    7     0 0/0/0/0/0                 700.0   540.0    95.9    64.1   50.0   56.0     0 4/8/2/2/2/2           2    15  53.6   11.5  156.3   93.0  698.4 L 0.57 -
 230    7    7     0 0/0/0/0/0                 700.0   540.0    93.8    29.6   52.0   56.0     0 4/8/2/2/2/2           2    11  58.6   12.1  107.4   86.3  699.0 L 0.57 -
 240    7    7     0 0/0/0/0/0                 700.0   540.0   106.0   107.3   53.0   56.0     0 4/9/2/2/2/2           2    19  56.6   11.7   80.0   92.4  699.0 L 0.57 -
 250    7    7     0 0/0/0/0/0                 700.0   540.0   111.0   205.0   53.0   56.0     0 4/9/2/2/2/2           2    14  60.0   11.4    0.0   93.8  699.0 L 0.71 -
 260    7    7     0 0/0/0/0/0                 700.0   540.0   113.1   158.3   55.0   56.0     0 4/9/2/2/2/2           2    11  58.2   11.1   93.0  106.7  699.0 L 0.71 -
 270    7    7     0 0/0/0/0/0                 700.0   540.0   115.0    99.4   55.0   70.0     0 5/9/2/2/2/2           2    10  59.4   12.3  119.2  108.5  699.0 L 0.57 -
 280    7    7     0 0/0/0/0/0                 850.0   660.0   112.6    69.7   60.0   70.0     0 5/10/2/3/2/2          2    15  60.1   12.1   58.1  112.6  699.0 L 0.57 -
 290    7    7     0 0/0/0/0/0                 850.0   660.0   117.7   174.7   60.0   70.0     0 5/10/2/3/2/2          2    17  59.4   12.2    0.0  108.9  849.0 L 0.71 -
 300   11    7     4 0/0/0/0/0                 850.0   660.0   110.2   249.8   60.0   70.0     0 5/10/2/3/2/2          2    16  59.8   10.6    0.0  110.2  848.2 L 0.91 -
 310   12   11     5 0/0/0/0/0                 850.0   660.0   107.9   324.2   60.0   70.0     0 5/10/2/3/2/2          2    12  64.6   11.7    0.0  103.4  849.0 S 1.00 -
 320   12   12     5 0/0/0/0/0                 850.0   660.0    96.2   239.6   62.0   70.0     0 5/10/2/3/2/2          2    12  65.2   10.8   11.2   93.5  849.0 S 1.00 -
 330   12   12     5 0/0/0/0/0                 850.0   660.0    78.7   263.9   62.0   70.0     0 5/10/2/3/2/2          2     3  63.1   10.9  231.0   76.6  849.0 S 0.83 -
 340   12   12     5 0/0/0/0/0                 850.0   660.0    75.0   172.1   64.0   70.0     0 5/10/2/3/3/2          2    11  60.9   10.9   98.7   62.5  849.0 S 0.67 -
 350   12   12     5 0/0/0/0/0                 850.0   660.0    81.7    87.1   68.0   70.0     0 5/10/3/3/3/2          2    11  62.3   11.7  209.9   73.4  849.0 S 0.67 -
 360   12   12     5 0/0/0/0/0                 850.0   660.0    61.4   126.0   66.0   84.0     0 6/10/3/3/3/2          2     8  63.1   10.8   91.6   61.4  849.0 S 0.67 -
 370   12   12     5 0/0/0/0/0                 850.0   660.0    52.7    36.2   68.0   84.0     0 6/10/3/3/3/2          2    11  63.4   11.2  144.1   52.7  849.0 S 0.67 -
 380   13   12     6 0/0/0/0/0                 850.0   660.0    29.8    99.2   69.0   84.0     0 6/10/3/3/3/3          2    11  62.7   11.1   97.6   29.7  848.5 S 0.77 -
 390   13   13     6 0/0/0/0/0                 850.0   660.0    30.7    14.5   71.0   84.0     0 6/10/3/3/3/3          2    13  64.1   10.9   71.2   24.8  849.0 S 0.77 -
 400   13   13     6 0/0/0/0/0                1000.0   780.0    52.7    45.7   73.0   84.0     0 6/10/3/4/3/3          2    15  59.9   11.8   72.8   25.1  849.0 S 0.54 -
 410   13   13     6 0/0/0/0/0                1000.0   780.0    55.7   108.1   73.0   84.0     0 6/10/3/4/3/3          2    14  62.5   11.0   65.0   42.1  999.0 S 0.54 -
 420   13   13     6 0/0/0/0/0                1150.0   900.0    47.7    21.0   77.0   84.0     0 6/10/3/5/3/3          2    13  60.9   11.4  111.0   45.6  999.0 S 0.54 -
 430   13   13     6 0/0/0/0/0                1150.0   900.0    44.0    96.6   77.0   84.0     0 6/10/3/5/3/3          2    16  61.7   11.3   40.0   43.9 1149.0 S 0.54 -
 440   13   13     6 0/0/0/0/0                1150.0   900.0    34.5   162.3   77.0   84.0     0 6/10/3/5/3/3          2    18  61.9   10.5    0.0   32.6 1149.0 S 0.54 -
 450   13   13     6 0/0/0/0/0                1150.0   900.0    27.9    60.5   79.0   84.0     0 6/10/3/5/3/3          2     9  64.1   10.9  210.2   24.8 1149.0 S 0.54 -
 460   13   13     6 0/0/0/0/0                1150.0   900.0    39.5    94.5   80.0   84.0     0 6/11/3/5/3/3          2    13  62.4   11.3  128.5   26.9 1149.0 S 0.54 -
 470   13   13     6 0/0/0/0/0                1150.0   900.0    18.1    20.4   82.0   84.0     0 6/11/3/5/3/3          2    11  62.9   11.2  100.3   18.1 1149.0 S 0.54 -
 480   13   13     6 0/0/0/0/0                1150.0   900.0    40.1    51.2   80.0   98.0     0 7/11/3/5/3/3          2    13  64.0   11.6   50.7   13.3 1149.0 S 0.54 -
 490   13   13     6 0/0/0/0/0                1150.0   900.0    32.6   126.2   80.0   98.0     0 7/11/3/5/3/3          2    17  61.8   11.0   65.0   24.6 1149.0 S 0.54 -
 500   13   13     6 0/0/0/0/0                1150.0   900.0    28.2   183.0   80.0   98.0     0 7/11/3/5/3/3          2    13  61.9   10.8   20.0   23.8 1149.0 S 0.62 -
 510   13   13     6 0/0/0/0/0                1150.0   900.0    26.5    49.5   82.0   98.0     0 7/11/3/5/3/3          2     8  62.1   11.2  141.5   21.4 1149.0 S 0.62 -
 520   13   13     6 0/0/0/0/0                1150.0   900.0    25.0    71.1   82.0   98.0     0 7/11/3/5/3/3          2     9  60.1   10.8  235.7   23.6 1149.0 S 0.54 -
 530   13   13     6 0/0/0/0/0                1150.0   900.0    10.3    71.1   82.0   98.0     0 7/11/3/5/3/3          2     5  62.7   10.5  246.6   10.3 1149.0 S 0.54 -
 540   13   13     6 0/0/0/0/0                1150.0   900.0    18.4    71.1   82.0   98.0     0 7/11/3/5/3/3          2     8  60.7   11.0  240.8    8.0 1149.0 S 0.54 -
 550   13   13     6 0/0/0/0/0                1150.0   900.0    11.5    71.1   82.0   98.0     0 7/11/3/5/3/3          2     6  60.5   10.8  230.2   11.5 1149.0 S 0.77 -
 560   13   13     6 0/0/0/0/0                1300.0  1020.0    38.4    87.8   84.0   98.0     0 7/11/3/6/3/3          2    14  58.8   10.6   28.1    9.3 1149.0 S 0.77 -
 570   16   13     9 0/0/0/0/0                1300.0  1020.0    34.7   116.7   84.0   98.0     0 7/11/3/6/3/3          2    13  59.5   10.6   25.0   31.0 1299.0 S 0.69 -
 580   18   16    11 0/0/0/0/0                1300.0  1020.0    38.2   175.2   84.0   98.0     0 7/11/3/6/3/3          2    17  61.5   11.0   35.0   34.7 1299.0 S 1.00 -
 590   18   18    11 0/0/0/0/0                1300.0  1020.0    26.4    57.2   86.0   98.0     0 7/11/3/6/3/3          2     9  63.3   10.9  114.3   26.4 1299.0 S 0.94 -
 600   18   18    11 0/0/0/0/0                1300.0  1020.0    22.9    57.2   86.0   98.0     0 7/11/3/6/3/3          2     8  62.5   10.8  235.8   11.1 1299.0 S 0.94 -
 610   18   18    11 0/0/0/0/0                1300.0  1020.0     5.6    57.2   86.0   98.0     0 7/11/3/6/3/3          2     5  61.8   10.8  246.6    5.1 1299.0 S 0.89 -
 620   14   14    11 0/4/0/0/0                1300.0  1020.0    16.3    57.2   86.0   98.0     0 7/11/3/6/3/3          2     8  61.8   10.0  238.6    0.0 1299.0 S 0.79 -
 630   12   12    11 0/6/0/0/0                1300.0  1020.0    18.4    57.2   86.0   98.0     0 7/11/3/6/3/3          2     6  61.0   11.3  235.0    0.0 1299.0 L 0.67 -
 640   13   12    12 0/6/0/0/0                1300.0  1020.0    39.7   105.9   87.0   98.0     0 7/12/3/6/3/3          2    19  59.4   11.0   32.8   11.0 1299.0 L 0.69 -
 650   13   13    12 0/6/0/0/0                1300.0  1020.0    33.7    12.9   89.0   98.0     0 7/12/3/6/3/3          2    10  60.8   10.8   33.9   33.7 1299.0 L 0.69 -
 660   13   13    12 0/6/0/0/0                1450.0  1140.0    27.4    25.9   91.0   98.0     0 7/12/3/7/3/3          2    10  63.0   11.3  159.2   13.7 1299.0 L 0.69 -
 670   13   13    12 0/6/0/0/0                1450.0  1140.0    26.6    84.4   91.0   98.0     0 7/12/3/7/3/3          2    15  59.8   10.7   25.0   26.2 1449.0 S 0.77 -
 680   13   13    12 0/6/0/0/0                1450.0  1140.0    39.6   117.3   91.0   98.0     0 7/12/3/7/3/3          2    13  62.6   11.4   40.0   25.0 1449.0 S 0.77 -
 690   13   13    12 0/6/0/0/0                1450.0  1140.0    31.0    17.7   93.0   98.0     0 7/12/3/7/3/3          2    14  62.5   10.9   70.2   31.0 1449.0 S 0.85 -
 700   13   13    12 0/6/0/0/0                1450.0  1140.0    33.7    26.3   94.0   98.0     0 7/13/3/7/3/3          2     7  62.0   11.1  149.8   18.9 1449.0 S 0.85 -
 710   13   13    12 0/6/0/0/0                1450.0  1140.0    32.3    99.3   94.0   98.0     0 7/13/3/7/3/3          2    18  61.6   11.0    0.0   28.7 1449.0 S 0.85 -
 720   13   13    12 0/6/0/0/0                1450.0  1140.0    49.9   134.4   94.0   98.0     0 7/13/3/7/3/3          2    14  61.3   11.6   35.0   31.6 1449.0 S 0.85 -
 730   13   13    12 0/6/0/0/0                1450.0  1140.0    40.5    29.2   96.0   98.0     0 7/13/3/7/3/3          2    10  61.5   10.5  136.6   40.5 1449.0 S 0.85 -
 740   13   13    12 0/6/0/0/0                1450.0  1140.0    27.2    67.2   94.0  112.0     0 8/13/3/7/3/3          2    10  62.0   11.5  155.4   26.8 1449.0 S 0.85 -
 750   13   13    12 0/6/0/0/0                1450.0  1140.0    62.8    89.7   94.0  112.0     0 8/13/3/7/3/3          2    17  61.5   10.8    0.0   25.4 1449.0 S 0.77 -
 760   13   13    12 0/6/0/0/0                1450.0  1140.0    69.8   161.2   94.0  112.0     0 8/13/3/7/3/3          2    19  61.0   11.0   55.0   57.8 1449.0 S 0.85 -
 770   13   13    12 0/6/0/0/0                1450.0  1140.0    65.3    60.1   96.0  112.0     0 8/13/3/7/3/3          2    13  60.3   11.2  196.7   64.4 1449.0 S 0.77 -
 780   13   13    12 0/6/0/0/0                1450.0  1140.0    54.4   112.9   97.0  112.0     0 8/14/3/7/3/3          2     9  61.1   11.2   95.7   42.9 1449.0 S 0.77 -
 790   13   13    12 0/6/0/0/0                1450.0  1140.0    40.6   174.7   97.0  112.0     0 8/14/3/7/3/3          2    14  64.3   11.2   40.0   38.0 1449.0 S 0.77 -
 800   13   13    12 0/6/0/0/0                1450.0  1140.0    47.7    57.1   99.0  112.0     0 8/14/3/7/3/3          2    15  61.9   10.9   22.9   36.3 1448.5 S 0.77 -
 810   13   13    12 0/6/0/0/0                1450.0  1140.0    34.7    71.9  100.0  112.0     0 8/15/3/7/3/3          2     5  62.9   11.2  120.3   28.4 1449.0 S 0.77 -
 820   13   13    12 0/6/0/0/0                1450.0  1140.0    42.1   113.4  100.0  112.0     0 8/15/3/7/3/3          2    16  61.6   11.1   35.0   20.1 1449.0 S 0.77 -
 830   13   13    12 0/6/0/0/0                1450.0  1140.0    34.0   187.0  100.0  112.0     0 8/15/3/7/3/3          2    14  61.4   10.9   30.0   30.8 1449.0 S 0.77 -
 840   15   13    14 0/6/0/0/0                1450.0  1140.0    28.0    30.6  102.0  112.0     0 8/15/3/7/3/3          2     8  62.8   11.3  114.2   28.0 1449.0 S 0.87 -
 850   16   15    15 0/6/0/0/0                1450.0  1140.0    27.8    47.3  102.0  112.0     0 8/15/3/7/3/3          2     9  62.0   10.5  219.1   16.0 1449.0 S 0.75 -
 860   16   16    15 0/6/0/0/0                1600.0  1260.0    33.0    86.3  104.0  112.0     0 8/15/3/8/3/3          2    14  62.9   10.9  135.4   24.4 1449.0 S 0.88 -
 870   16   16    15 0/6/0/0/0                1600.0  1260.0    33.8   137.1  104.0  112.0     0 8/15/3/8/3/3          2    15  61.1   11.3   45.0   20.3 1599.0 S 0.81 -
 880   16   16    15 0/6/0/0/0                1600.0  1260.0    29.6    14.2  106.0  112.0     0 8/15/3/8/3/3          2    13  61.7   10.8   35.6   21.3 1599.0 S 0.81 -
 890   16   16    15 0/6/0/0/0                1750.0  1380.0    15.9    14.2  108.0  112.0     0 8/15/3/9/3/3          2     7  61.4   11.1  191.6   14.9 1599.0 S 0.81 -
 900   17   16    16 0/6/0/0/0                1750.0  1380.0    47.0    32.1  108.0  112.0     0 8/15/3/9/3/3          2    16  62.9   11.0   10.0    8.8 1749.0 S 0.71 -
 910   18   17    17 0/6/0/0/0                1750.0  1380.0    47.7   103.3  108.0  112.0     0 8/15/3/9/3/3          2    18  62.6   11.1   30.0   42.4 1749.0 S 0.78 -
 920   18   18    17 0/6/0/0/0                1750.0  1380.0    38.9   141.5  108.0  112.0     0 8/15/3/9/3/3          2    12  63.2   11.0   30.0   35.5 1749.0 S 0.72 -
 930   18   18    17 0/6/0/0/0                1750.0  1380.0    38.8    29.4  110.0  112.0     0 8/15/3/9/3/3          2    17  62.1   11.0    8.6   31.0 1749.0 S 0.72 -
 940   18   18    17 0/6/0/0/0                1750.0  1380.0    16.5    60.5  110.0  112.0     0 8/15/3/9/3/3          2     8  62.0   11.0  221.1   16.5 1749.0 S 0.67 -
 950   18   18    17 0/6/0/0/0                1750.0  1380.0    35.0   101.6  108.0  126.0     0 9/15/3/9/3/3          2    18  62.4   11.1    0.0   12.0 1749.0 S 0.67 -
 960   18   18    17 0/6/0/0/0                1750.0  1380.0    30.2   156.6  108.0  126.0     0 9/15/3/9/3/3          2    14  62.1   10.9    0.0   23.0 1749.0 S 0.67 -
 970   18   18    17 0/6/0/0/0                1750.0  1380.0    45.6   163.8  108.0  126.0     0 9/15/3/9/3/3          2    15  61.9   11.1   40.0   20.2 1749.0 S 0.78 -
 980   19   18    18 0/6/0/0/0                1750.0  1380.0    30.9    35.2  110.0  126.0     0 9/15/3/9/3/3          2    12  62.7   10.6  136.6   30.9 1749.0 S 0.79 -
 990   19   19    18 0/6/0/0/0                1750.0  1380.0    35.2    35.2  111.0  126.0     0 9/16/3/9/3/3          2    10  60.9   11.1  108.9   13.3 1749.0 S 0.74 -
1000   19   19    18 0/6/0/0/0                1750.0  1380.0    32.0   107.4  111.0  126.0     0 9/16/3/9/3/3          2    19  62.5   10.7   25.0   30.3 1749.0 S 0.74 -
1010   19   19    18 0/6/0/0/0                1750.0  1380.0    36.6   142.6  111.0  126.0     0 9/16/3/9/3/3          2    14  60.2   11.1   40.0   20.9 1749.0 S 0.63 -
1020   19   19    18 0/6/0/0/0                1750.0  1380.0    32.6   195.2  111.0  126.0     0 9/16/3/9/3/3          2    14  63.4   10.9   25.0   25.7 1749.0 S 0.68 -
1030   19   19    18 0/6/0/0/0                1750.0  1380.0     9.7    12.8  114.0  126.0     0 9/17/3/9/3/3          2     8  62.8   10.9  173.2    9.7 1749.0 S 0.68 -
1040   19   19    18 0/6/0/0/0                1750.0  1380.0    30.4    21.0  114.0  126.0     0 9/17/3/9/3/3          2    12  62.4   10.7   55.0    5.4 1749.0 S 0.79 -
1050   19   19    18 0/6/0/0/0                1750.0  1380.0    32.0    44.6  114.0  126.0     0 9/17/3/9/3/3          2    13  61.3   10.9   20.0   17.1 1749.0 S 0.63 -
1060   19   19    18 0/6/0/0/0                1750.0  1380.0    36.6    54.1  114.0  126.0     0 9/17/3/9/3/3          2    12  62.8   11.0   35.0   13.6 1749.0 S 0.63 -
1070   19   19    18 0/6/0/0/0                1750.0  1380.0    29.9    85.9  114.0  126.0     0 9/17/3/9/3/3          2    13  62.9   10.6   25.0   22.5 1749.0 S 0.63 -
1080   19   19    18 0/6/0/0/0                1750.0  1380.0    25.3   133.6  114.0  126.0     0 9/17/3/9/3/3          2    13  62.2   11.1   35.0   24.0 1748.6 S 0.63 -
1090   19   19    18 0/6/0/0/0                1750.0  1380.0    20.5   175.5  114.0  126.0     0 9/17/3/9/3/3          2    15  63.7   10.8   60.0   20.5 1749.0 S 0.63 -
1100   19   19    18 0/6/0/0/0                1750.0  1380.0    28.1   191.0  114.0  126.0     0 9/17/3/9/3/3          2    13  61.5   10.5   30.0   18.5 1749.0 S 0.74 -
1110   19   19    18 0/6/0/0/0                1750.0  1380.0    30.8   197.8  114.0  126.0     0 9/17/3/9/3/3          2     9  61.9   11.0    0.0   15.7 1749.0 S 0.68 -
1120   20   19    19 0/6/0/0/0                1750.0  1380.0     2.0    10.4  116.0  126.0     0 9/17/3/9/3/3          2     7  59.6   10.4  108.9    2.0 1749.0 S 0.65 -
1130   14   14    21 0/14/0/0/0               1750.0  1380.0     0.0    10.4  116.0  126.0     0 9/17/3/9/3/3          2     5  63.6   10.6  222.2    0.0 1749.0 S 0.79 -
1140    0    0    21 0/28/0/0/0               1900.0  1500.0     0.0    10.4  118.0  126.0     0 9/17/3/10/3/3         2     0  61.4   11.3  176.5    0.0 1749.0 L 0.00 -
1150    0    0    21 0/28/0/0/0               1900.0  1500.0     0.0    10.4  118.0  126.0     0 9/17/3/10/3/3         2     0   0.0    0.0    0.0    0.0 1900.0 L 0.00 -
1160    0    0    21 0/28/0/0/0               1900.0  1500.0     0.0    10.4  118.0  126.0     0 9/17/3/10/3/3         2     0   0.0    0.0    0.0    0.0 1900.0 L 0.00 -
1170    0    0    21 0/28/0/0/0               1900.0  1500.0     0.0    10.4  118.0  126.0     0 9/17/3/10/3/3         2     0   0.0    0.0    0.0    0.0 1900.0 L 0.00 -
1180    0    0    21 0/28/0/0/0               1900.0  1500.0     0.0    10.4  118.0  126.0     0 9/17/3/10/3/3         2     0   0.0    0.0    0.0    0.0 1900.0 L 0.00 -
1190    0    0    21 0/28/0/0/0               1900.0  1500.0     0.0    10.4  118.0  126.0     0 9/17/3/10/3/3         2     0   0.0    0.0    0.0    0.0 1900.0 L 0.00 -
1200    0    0    21 0/28/0/0/0               1900.0  1500.0     0.0    10.4  118.0  126.0     0 9/17/3/10/3/3         2     0   0.0    0.0    0.0    0.0 1900.0 L 0.00 -
1210    0    0    21 0/28/0/0/0               1900.0  1500.0     0.0    10.4  118.0  126.0     0 9/17/3/10/3/3         2     0   0.0    0.0    0.0    0.0 1900.0 L 0.00 -
1220    0    0    21 0/28/0/0/0               1900.0  1500.0     0.0    10.4  118.0  126.0     0 9/17/3/10/3/3         2     0   0.0    0.0    0.0    0.0 1900.0 L 0.00 -
1230    0    0    21 0/28/0/0/0               1900.0  1500.0     0.0    10.4  118.0  126.0     0 9/17/3/10/3/3         2     0   0.0    0.0    0.0    0.0 1900.0 L 0.00 -
1240    0    0    21 0/28/0/0/0               1900.0  1500.0     0.0    10.4  118.0  126.0     0 9/17/3/10/3/3         2     0   0.0    0.0    0.0    0.0 1900.0 L 0.00 -
1250    0    0    21 0/28/0/0/0               1900.0  1500.0     0.0    10.4  118.0  126.0     0 9/17/3/10/3/3         2     0   0.0    0.0    0.0    0.0 1900.0 L 0.00 -
1260    0    0    21 0/28/0/0/0               1900.0  1500.0     0.0    10.4  118.0  126.0     0 9/17/3/10/3/3         2     0   0.0    0.0    0.0    0.0 1900.0 L 0.00 -
1270    0    0    21 0/28/0/0/0               1900.0  1500.0     0.0    10.4  118.0  126.0     0 9/17/3/10/3/3         2     0   0.0    0.0    0.0    0.0 1900.0 L 0.00 -
1280    0    0    21 0/28/0/0/0               1900.0  1500.0     0.0    10.4  118.0  126.0     0 9/17/3/10/3/3         2     0   0.0    0.0    0.0    0.0 1900.0 L 0.00 -
1290    0    0    21 0/28/0/0/0               1900.0  1500.0     0.0    10.4  118.0  126.0     0 9/17/3/10/3/3         2     0   0.0    0.0    0.0    0.0 1900.0 L 0.00 -
1300    0    0    21 0/28/0/0/0               1900.0  1500.0     0.0    10.4  118.0  126.0     0 9/17/3/10/3/3         2     0   0.0    0.0    0.0    0.0 1900.0 L 0.00 -
1310    0    0    21 0/28/0/0/0               1900.0  1500.0     0.0    10.4  118.0  126.0     0 9/17/3/10/3/3         2     0   0.0    0.0    0.0    0.0 1900.0 L 0.00 -
1320    0    0    21 0/28/0/0/0               1900.0  1500.0     0.0    10.4  118.0  126.0     0 9/17/3/10/3/3         2     0   0.0    0.0    0.0    0.0 1900.0 L 0.00 -
1330    0    0    21 0/28/0/0/0               1900.0  1500.0     0.0    10.4  118.0  126.0     0 9/17/3/10/3/3         2     0   0.0    0.0    0.0    0.0 1900.0 L 0.00 -
1340    0    0    21 0/28/0/0/0               1900.0  1500.0     0.0    10.4  118.0  126.0     0 9/17/3/10/3/3         2     0   0.0    0.0    0.0    0.0 1900.0 L 0.00 -
1350    0    0    21 0/28/0/0/0               1900.0  1500.0     0.0    10.4  118.0  126.0     0 9/17/3/10/3/3         2     0   0.0    0.0    0.0    0.0 1900.0 L 0.00 -
1360    0    0    21 0/28/0/0/0               1900.0  1500.0     0.0    10.4  118.0  126.0     0 9/17/3/10/3/3         2     0   0.0    0.0    0.0    0.0 1900.0 L 0.00 -
1370    0    0    21 0/28/0/0/0               1900.0  1500.0     0.0    10.4  118.0  126.0     0 9/17/3/10/3/3         2     0   0.0    0.0    0.0    0.0 1900.0 L 0.00 -
1380    0    0    21 0/28/0/0/0               1900.0  1500.0     0.0    10.4  118.0  126.0     0 9/17/3/10/3/3         2     0   0.0    0.0    0.0    0.0 1900.0 L 0.00 -
1390    0    0    21 0/28/0/0/0               1900.0  1500.0     0.0    10.4  118.0  126.0     0 9/17/3/10/3/3         2     0   0.0    0.0    0.0    0.0 1900.0 L 0.00 -
1400    0    0    21 0/28/0/0/0               1900.0  1500.0     0.0    10.4  118.0  126.0     0 9/17/3/10/3/3         2     0   0.0    0.0    0.0    0.0 1900.0 L 0.00 -
1410    0    0    21 0/28/0/0/0               1900.0  1500.0     0.0    10.4  118.0  126.0     0 9/17/3/10/3/3         2     0   0.0    0.0    0.0    0.0 1900.0 L 0.00 -
1420    0    0    21 0/28/0/0/0               1900.0  1500.0     0.0    10.4  118.0  126.0     0 9/17/3/10/3/3         2     0   0.0    0.0    0.0    0.0 1900.0 L 0.00 -
1430    0    0    21 0/28/0/0/0               1900.0  1500.0     0.0    10.4  118.0  126.0     0 9/17/3/10/3/3         2     0   0.0    0.0    0.0    0.0 1900.0 L 0.00 -
1440    0    0    21 0/28/0/0/0               1900.0  1500.0     0.0    10.4  118.0  126.0     0 9/17/3/10/3/3         2     0   0.0    0.0    0.0    0.0 1900.0 L 0.00 -
1450    0    0    21 0/28/0/0/0               1900.0  1500.0     0.0    10.4  118.0  126.0     0 9/17/3/10/3/3         2     0   0.0    0.0    0.0    0.0 1900.0 L 0.00 -
1460    0    0    21 0/28/0/0/0               1900.0  1500.0     0.0    10.4  118.0  126.0     0 9/17/3/10/3/3         2     0   0.0    0.0    0.0    0.0 1900.0 L 0.00 -
1470    0    0    21 0/28/0/0/0               1900.0  1500.0     0.0    10.4  118.0  126.0     0 9/17/3/10/3/3         2     0   0.0    0.0    0.0    0.0 1900.0 L 0.00 -
1480    0    0    21 0/28/0/0/0               1900.0  1500.0     0.0    10.4  118.0  126.0     0 9/17/3/10/3/3         2     0   0.0    0.0    0.0    0.0 1900.0 L 0.00 -
1490    0    0    21 0/28/0/0/0               1900.0  1500.0     0.0    10.4  118.0  126.0     0 9/17/3/10/3/3         2     0   0.0    0.0    0.0    0.0 1900.0 L 0.00 -
1500    0    0    21 0/28/0/0/0               1900.0  1500.0     0.0    10.4  118.0  126.0     0 9/17/3/10/3/3         2     0   0.0    0.0    0.0    0.0 1900.0 L 0.00 -

targets for seed 99 (1500 sols):
  T1 FAIL run min pop 0 (needs >= 5), final pop 0
  T2 PASS deaths 28 (air 0 thirst 28 hunger 0 eva 0 other 0), unexplained 0
  T3 PASS births 21, first_birth_sol 293, at_capacity 0, cooldown_violations 0, pop@30=7, pop@100=7, pop@300=11
  T4 PASS min O2 262.5, food 203.1; ice ran dry (pressure): min ice 0.0, ice>30 0.0, thirst deaths 28; max ice/target 1.03, regolith/target 0.81
  T5 PASS demand>supply 0.00% of steps (<=10), max shorts/sol 0 (<=2), max offline 0.0 h (<=24.7), first new reactor sol 12 (<=15)
  T6 PASS limited 11393.4 h = 30.80% (>=2% provisional; 4 of 5 seeds), site busy 30.6%; waiting_regolith 1510.0 h, site_no_crew 9883.4 h
  T7 PASS turn_backs_air 0, exhausted 246, reachable>=2 at 100.0% of 1500 sol samples (>=95), trips 1348
  T8 FAIL row avg energy 0.0..65.2 (40..90), row asleep 0.0..12.3% (5..30), max sleep 8.8 h (<=18)
  T9 N/A  checked by repeating the run and by tests/test_determinism.gd (compare the table sha256)
  T10 FAIL first settlement sol 306 (40..150), age_changes 4 (<=4), min gap between consecutive history entries 38 (>=20), history 5 entries (changes+1 = 5); report: sols_in_age landing 710 settlement 790 council 0, age at end landing, changes [sol 306 settled; sol 628 fell_back (cause ice); sol 666 settled_again; sol 1134 fell_back (cause ice)], fall back causes [sol 628 ice; sol 1134 ice], not-ok sols 79 (by group, a sol can fail several: ice 35, food 1, oxygen 1, power 0, death 13, unrest 44)
  T11 FAIL (1) list lengths 1501/1501/1501/1501 ok; (2) lonely mean of last 50 readings 0.000 (max 0.35) ok; (3) friends_mean 0.00 (1.0..15.0) BAD; (4) first_friendship_sol 163 ok; (5) lines_dropped (total) 0 ok; report: web 0.00 second 0.00 lonely 0.00 friends_mean 0.00 friends share of colony 0.000 (pop 0)
  T12 PASS (1) list lengths 1501/1501/1501 ok; (2) C2 ok; (3) council changes 0 (<=4) ok; (4) proposals 0 ok; (5) one Council line per boundary ok; report: first Council sol <null>, meetings 0, proposals [], pledge sol <null> reason -, lines {"circles_few":4}, dropped 0; council_min_seeds 3 pledge_min_seeds 1
RESULT FAIL (target 9 determinism: table sha256 ed0fc8f9425e24bd)
# player watcher (observes only, no powers)
PLAYER checks=0 uses guide=0 fortune=0 per100 guide=0.0 fortune=0.0 guide_in_trouble=0
PLAYER first_low_sol=371 samples=114 mean_ice_over_target=0.433 low_share=0.640
PLAYER guide_trips=0 ice_trips_total=687 ice_trips_in_guided_window=0 guide_share_of_window=0.000 guide_hauled=0.0
PLAYER air_deaths=0 turn_backs_air=0 first_thirst_sol=617
