Godot Engine v4.5.stable.official.876b29033 - https://godotengine.org

# station zero balance run: seed=2026 sols=1500 overrides=[] fixed_step=0.05 data_hash=28884c39b4aef5f5
# deaths and births are cumulative; shorts, trips, energy, asleep, wait, min_* are for the 30-sol window
 sol  pop  min birth dead a/t/h/o/x           oxygen    food     ice   regol   dmnd   supp short bldg R/H/W/G/A/C  reach trips  avgE asleep%  waitH minIce  minO2 age web cn
  10    7    7     0 0/0/0/0/0                 385.9   296.2    70.5    80.4   13.0   14.0     0 1/1/1/1/0/0           2    10  56.6   10.7  177.8   66.5  261.5 L 1.00 -
  20    7    7     0 0/0/0/0/0                 550.0   420.0    67.9    56.9   14.0   28.0     0 2/2/1/1/0/0           2     8  53.8   11.6  150.7   64.8  386.0 L 1.00 -
  30    7    7     0 0/0/0/0/0                 550.0   420.0    68.1    53.5   16.0   28.0     0 2/2/1/1/0/0           2     8  53.9   10.7  129.2   65.0  548.1 L 1.00 -
  40    7    7     0 0/0/0/0/0                 550.0   420.0    55.2    83.1   16.0   28.0     0 2/2/1/1/0/0           2     7  54.2   11.1  235.8   55.2  549.0 L 1.00 -
  50    7    7     0 0/0/0/0/0                 550.0   420.0    59.1   103.0   16.0   28.0     0 2/2/1/1/0/0           2     8  51.6   10.3  241.3   54.4  548.4 L 1.00 -
  60    7    7     0 0/0/0/0/0                 550.0   420.0    66.4   120.7   16.0   28.0     0 2/2/1/1/0/0           2     8  57.6   10.8  246.6   55.9  549.0 L 1.00 -
  70    7    7     0 0/0/0/0/0                 550.0   420.0    66.6   134.0   16.0   28.0     0 2/2/1/1/0/0           2     6  57.5   10.8  243.8   59.1  549.0 L 1.00 -
  80    7    7     0 0/0/0/0/0                 550.0   420.0    73.9   165.6   16.0   28.0     0 2/2/1/1/0/0           2    10  53.5   11.4  238.9   61.2  549.0 L 1.00 -
  90    7    7     0 0/0/0/0/0                 576.1   438.7    76.0   179.0   18.0   28.0     0 2/2/1/2/0/0           2     6  55.7   10.9  227.8   66.2  548.0 L 0.86 -
 100    7    7     0 0/0/0/0/0                 700.0   540.0    76.0   139.9   21.0   28.0     0 2/2/1/2/0/1           2     6  56.2   11.3  129.4   71.3  576.2 L 0.86 -
 110    7    7     0 0/0/0/0/0                 700.0   540.0    76.2   175.9   21.0   28.0     0 2/2/1/2/0/1           2    10  56.9   10.6    0.0   74.6  699.0 L 0.86 -
 120    7    7     0 0/0/0/0/0                 700.0   540.0    86.6   165.7   23.0   28.0     0 2/2/1/2/0/1           2    11  56.6   11.3   19.3   68.9  699.0 L 0.86 -
 130    7    7     0 0/0/0/0/0                 850.0   660.0    90.6   192.9   25.0   28.0     0 2/2/1/3/0/1           2     8  54.2   11.1   71.2   85.1  699.0 L 0.86 -
 140    7    7     0 0/0/0/0/0                 850.0   660.0    93.0   179.8   27.0   28.0     0 2/2/1/3/0/1           2    12  55.7   10.7   17.5   84.5  848.2 L 0.86 -
 150    7    7     0 0/0/0/0/0                 850.0   660.0    89.8   201.3   27.0   28.0     0 2/2/1/3/0/1           2     7  54.1   10.9  213.7   87.2  849.0 L 1.00 -
 160    7    7     0 0/0/0/0/0                 850.0   660.0    98.6   226.6   25.0   42.0     0 3/2/1/3/0/1           2     9  58.4   12.0   60.1   86.6  849.0 L 0.86 -
 170    7    7     0 0/0/0/0/0                 850.0   660.0    91.3   192.0   27.0   42.0     0 3/2/1/3/0/1           2     6  54.7    9.9  169.1   91.3  849.0 L 0.86 -
 180    7    7     0 0/0/0/0/0                 850.0   660.0    87.3    44.0   33.0   42.0     0 3/2/1/3/0/3           2     3  58.4   11.3  158.7   85.8  849.0 L 0.86 -
 190    7    7     0 0/0/0/0/0                 850.0   660.0    74.1    53.2   33.0   42.0     0 3/2/1/3/0/3           2     5  57.1   10.3  246.6   74.1  849.0 L 0.86 -
 200    7    7     0 0/0/0/0/0                 850.0   660.0    68.6    73.9   33.0   42.0     0 3/2/1/3/0/3           2     5  52.7   11.1  238.4   66.1  849.0 L 0.86 -
 210    7    7     0 0/0/0/0/0                 850.0   660.0    61.7    95.0   33.0   42.0     0 3/2/1/3/0/3           2     7  55.0    9.7  236.3   55.2  849.0 L 0.71 -
 220    7    7     0 0/0/0/0/0                 850.0   660.0    53.1   101.0   33.0   42.0     0 3/2/1/3/0/3           2     4  56.1   11.2  238.4   51.9  849.0 L 0.71 -
 230    7    7     0 0/0/0/0/0                 850.0   660.0    48.9   118.0   33.0   42.0     0 3/2/1/3/0/3           2     7  55.8   10.9  239.4   45.4  849.0 L 0.57 -
 240    7    7     0 0/0/0/0/0                 850.0   660.0    41.0    54.4   35.0   42.0     0 3/2/1/3/1/3           2     5  55.3   10.5  201.2   41.0  849.0 L 0.57 -
 250    7    7     0 0/0/0/0/0                1000.0   780.0    35.7    81.4   37.0   42.0     0 3/2/1/4/1/3           2     7  53.6   11.0  125.7   33.1  849.0 L 0.71 -
 260    7    7     0 0/0/0/0/0                1092.4   846.1    27.6    25.2   41.0   42.0     0 3/2/1/5/1/3           2     6  51.5    9.9  175.4   27.1  999.0 L 0.71 -
 270    7    7     0 0/0/0/0/0                1150.0   900.0    57.8    50.3   41.0   42.0     0 3/2/1/5/1/3           2    13  55.9   12.3   20.0   23.8 1092.8 L 0.71 -
 280    7    7     0 0/0/0/0/0                1000.0   780.0    61.7    14.9   43.0   42.0     1 3/2/1/4/1/3           2    11  56.7   10.4   99.8   54.6  999.0 L 0.71 -
 290   11    7     4 0/0/0/0/0                1150.0   900.0    48.8    18.7   41.0   56.0     0 4/2/1/5/1/3           2     3  56.0   10.3  203.2   48.8  999.0 L 0.82 -
 300   12   11     5 0/0/0/0/0                1150.0   900.0    35.4    54.1   41.0   56.0     0 4/2/1/5/1/3           2    11  57.9   10.1   55.0   35.4 1149.0 L 0.83 -
 310   12   12     5 0/0/0/0/0                1150.0   900.0    35.2    70.2   41.0   56.0     0 4/2/1/5/1/3           2     9  61.6   11.2   25.0   23.3 1149.0 L 0.83 -
 320   12   12     5 0/0/0/0/0                1150.0   900.0    28.3    75.8   41.0   56.0     0 4/2/1/5/1/3           2     7  57.4   10.4   25.0   24.8 1149.0 L 0.75 -
 330   12   12     5 0/0/0/0/0                1150.0   900.0    22.9    92.2   41.0   56.0     0 4/2/1/5/1/3           2     8  59.2   10.2   50.0   22.9 1149.0 S 0.92 -
 340   12   12     5 0/0/0/0/0                1150.0   900.0    31.7     8.3   44.0   56.0     0 4/3/1/5/1/3           2     8  59.6   11.3  138.0   19.8 1149.0 S 0.92 -
 350   12   12     5 0/0/0/0/0                1150.0   900.0    25.1    21.3   44.0   56.0     0 4/3/1/5/1/3           2     8  59.7   10.1    5.0   21.0 1149.0 S 0.92 -
 360   12   12     5 0/0/0/0/0                1150.0   900.0    16.4    21.3   44.0   56.0     0 4/3/1/5/1/3           2     6  58.0   10.4    0.0   16.4 1149.0 S 0.83 -
 370   12   12     5 0/0/0/0/0                1150.0   900.0    16.5    21.3   44.0   56.0     0 4/3/1/5/1/3           2     9  57.4    9.8   25.0    8.7 1149.0 S 0.83 -
 380   12   12     5 0/0/0/0/0                1150.0   900.0     3.4    21.3   44.0   56.0     0 4/3/1/5/1/3           2     7  57.8   10.4    0.0    3.4 1149.0 S 0.83 -
 390   12   12     5 0/0/0/0/0                1150.0   900.0     0.2    21.3   44.0   56.0     0 4/3/1/5/1/3           2     5  57.5   10.9   15.0    0.0 1149.0 S 0.83 -
 400    7    7     5 0/5/0/0/0                1150.0   900.0     3.9    21.3   44.0   56.0     0 4/3/1/5/1/3           2     6  57.1    9.4   40.0    0.0 1149.0 L 0.43 -
 410    5    5     5 0/7/0/0/0                1150.0   900.0    12.1    21.3   44.0   56.0     0 4/3/1/5/1/3           2     7  50.1   10.3   25.0    0.0 1149.0 L 0.20 -
 420    5    5     5 0/7/0/0/0                1150.0   900.0    27.6    21.3   44.0   56.0     0 4/3/1/5/1/3           2     6  48.5   10.3   10.0   11.6 1149.0 L 0.40 -
 430    5    5     5 0/7/0/0/0                1150.0   900.0    24.8    21.3   44.0   56.0     0 4/3/1/5/1/3           2     3  51.8   10.2   40.0   19.6 1149.0 L 0.40 -
 440    5    5     5 0/7/0/0/0                1150.0   900.0    35.1    21.3   44.0   56.0     0 4/3/1/5/1/3           2     8  48.8    9.6   50.0   22.5 1149.0 L 0.40 -
 450    5    5     5 0/7/0/0/0                1150.0   900.0    27.5    50.8   44.0   56.0     0 4/3/1/5/1/3           2     4  51.0   10.3   75.0   27.5 1149.0 L 0.40 -
 460    5    5     5 0/7/0/0/0                1150.0   900.0    28.6    50.8   44.0   56.0     0 4/3/1/5/1/3           2     5  53.3   10.5   50.0   24.1 1149.0 L 0.20 -
 470    5    5     5 0/7/0/0/0                1150.0   900.0    28.1    77.9   44.0   56.0     0 4/3/1/5/1/3           2     6  49.1   10.6   55.0   24.0 1149.0 L 0.20 -
 480    5    5     5 0/7/0/0/0                1150.0   900.0    29.9    77.9   44.0   56.0     0 4/3/1/5/1/3           2     4  53.2   10.4   50.0   22.5 1149.0 L 0.20 -
 490    5    5     5 0/7/0/0/0                1150.0   900.0    32.4    82.3   44.0   56.0     0 4/3/1/5/1/3           2     5  49.6   10.5   55.0   24.9 1149.0 L 0.20 -
 500    5    5     5 0/7/0/0/0                1150.0   900.0    24.5    12.7   46.0   56.0     0 4/3/1/5/1/3           2     4  54.2   10.6   87.2   24.5 1149.0 L 0.20 -
 510    5    5     5 0/7/0/0/0                1300.0  1020.0    22.6    18.9   48.0   56.0     0 4/3/1/6/1/3           2     3  56.9   10.9   64.8   18.8 1149.0 L 0.20 -
 520    5    5     5 0/7/0/0/0                1300.0  1020.0    36.6    21.2   48.0   56.0     0 4/3/1/6/1/3           2     9  47.7    8.4   45.0   20.3 1299.0 L 0.20 -
 530    5    5     5 0/7/0/0/0                1300.0  1020.0    39.4    48.9   48.0   56.0     0 4/3/1/6/1/3           2     7  49.1   10.8   25.0   36.3 1299.0 L 0.20 -
 540    5    5     5 0/7/0/0/0                1300.0  1020.0    43.2    69.6   48.0   56.0     0 4/3/1/6/1/3           2     7  47.8   10.4   35.0   36.4 1299.0 L 0.20 -
 550    5    5     5 0/7/0/0/0                1300.0  1020.0    40.7    97.5   48.0   56.0     0 4/3/1/6/1/3           2     7  52.4   10.7   35.0   40.7 1299.0 L 0.20 -
 560    5    5     5 0/7/0/0/0                1300.0  1020.0    40.9     9.9   50.0   56.0     0 4/3/1/6/1/3           2     6  51.3    8.9   34.5   39.1 1299.0 L 0.20 -
 570    5    5     5 0/7/0/0/0                1300.0  1020.0    28.6    17.5   50.0   56.0     0 4/3/1/6/1/3           2     2  53.6   10.8  221.2   28.6 1299.0 L 0.20 -
 580    5    5     5 0/7/0/0/0                1300.0  1020.0    33.0    34.5   51.0   56.0     0 4/4/1/6/1/3           2     6  50.1   11.4  128.8   22.9 1299.0 L 0.20 -
 590    5    5     5 0/7/0/0/0                1300.0  1020.0    39.8    37.7   51.0   56.0     0 4/4/1/6/1/3           2     6  54.5    9.1   70.0   28.2 1299.0 L 0.20 -
 600    5    5     5 0/7/0/0/0                1300.0  1020.0    34.3    65.1   51.0   56.0     0 4/4/1/6/1/3           2     7  50.1   10.5   80.0   31.4 1299.0 L 0.20 -
 610    6    5     6 0/7/0/0/0                1300.0  1020.0    32.5    85.2   51.0   56.0     0 4/4/1/6/1/3           2     6  52.0   10.7   50.0   25.3 1299.0 L 0.33 -
 620    8    6     8 0/7/0/0/0                1300.0  1020.0    30.4   102.4   51.0   56.0     0 4/4/1/6/1/3           2     5  58.5   10.1   25.0   28.3 1299.0 L 0.75 -
 630    8    8     8 0/7/0/0/0                1300.0  1020.0    23.7    20.0   53.0   56.0     0 4/4/1/6/1/3           2     5  54.1   10.1  242.1   23.7 1299.0 L 0.62 -
 640    8    8     8 0/7/0/0/0                1300.0  1020.0    11.8    20.0   53.0   56.0     0 4/4/1/6/1/3           2     3  54.9   10.7  242.8   11.8 1299.0 L 0.38 -
 650    6    6     8 0/9/0/0/0                1300.0  1020.0     2.3    20.0   53.0   56.0     0 4/4/1/6/1/3           2     2  59.4   10.1  246.6    0.0 1299.0 L 0.33 -
 660    0    0     8 0/15/0/0/0               1300.0  1020.0     0.0    20.0   53.0   56.0     0 4/4/1/6/1/3           2     2  59.6   11.0  246.6    0.0 1299.0 L 0.00 -
 670    0    0     8 0/15/0/0/0               1300.0  1020.0     0.0    20.0   53.0   56.0     0 4/4/1/6/1/3           2     0   0.0    0.0  246.6    0.0 1300.0 L 0.00 -
 680    0    0     8 0/15/0/0/0               1300.0  1020.0     0.0    20.0   53.0   56.0     0 4/4/1/6/1/3           2     0   0.0    0.0  246.6    0.0 1300.0 L 0.00 -
 690    0    0     8 0/15/0/0/0               1300.0  1020.0     0.0    20.0   53.0   56.0     0 4/4/1/6/1/3           2     0   0.0    0.0  246.6    0.0 1300.0 L 0.00 -
 700    0    0     8 0/15/0/0/0               1300.0  1020.0     0.0    20.0   53.0   56.0     0 4/4/1/6/1/3           2     0   0.0    0.0  246.6    0.0 1300.0 L 0.00 -
 710    0    0     8 0/15/0/0/0               1300.0  1020.0     0.0    20.0   53.0   56.0     0 4/4/1/6/1/3           2     0   0.0    0.0  246.6    0.0 1300.0 L 0.00 -
 720    0    0     8 0/15/0/0/0               1300.0  1020.0     0.0    20.0   53.0   56.0     0 4/4/1/6/1/3           2     0   0.0    0.0  246.6    0.0 1300.0 L 0.00 -
 730    0    0     8 0/15/0/0/0               1300.0  1020.0     0.0    20.0   53.0   56.0     0 4/4/1/6/1/3           2     0   0.0    0.0  246.6    0.0 1300.0 L 0.00 -
 740    0    0     8 0/15/0/0/0               1300.0  1020.0     0.0    20.0   53.0   56.0     0 4/4/1/6/1/3           2     0   0.0    0.0  246.6    0.0 1300.0 L 0.00 -
 750    0    0     8 0/15/0/0/0               1300.0  1020.0     0.0    20.0   53.0   56.0     0 4/4/1/6/1/3           2     0   0.0    0.0  246.6    0.0 1300.0 L 0.00 -
 760    0    0     8 0/15/0/0/0               1300.0  1020.0     0.0    20.0   53.0   56.0     0 4/4/1/6/1/3           2     0   0.0    0.0  246.6    0.0 1300.0 L 0.00 -
 770    0    0     8 0/15/0/0/0               1300.0  1020.0     0.0    20.0   53.0   56.0     0 4/4/1/6/1/3           2     0   0.0    0.0  246.6    0.0 1300.0 L 0.00 -
 780    0    0     8 0/15/0/0/0               1300.0  1020.0     0.0    20.0   53.0   56.0     0 4/4/1/6/1/3           2     0   0.0    0.0  246.6    0.0 1300.0 L 0.00 -
 790    0    0     8 0/15/0/0/0               1300.0  1020.0     0.0    20.0   53.0   56.0     0 4/4/1/6/1/3           2     0   0.0    0.0  246.6    0.0 1300.0 L 0.00 -
 800    0    0     8 0/15/0/0/0               1300.0  1020.0     0.0    20.0   53.0   56.0     0 4/4/1/6/1/3           2     0   0.0    0.0  246.6    0.0 1300.0 L 0.00 -
 810    0    0     8 0/15/0/0/0               1300.0  1020.0     0.0    20.0   53.0   56.0     0 4/4/1/6/1/3           2     0   0.0    0.0  246.6    0.0 1300.0 L 0.00 -
 820    0    0     8 0/15/0/0/0               1300.0  1020.0     0.0    20.0   53.0   56.0     0 4/4/1/6/1/3           2     0   0.0    0.0  246.6    0.0 1300.0 L 0.00 -
 830    0    0     8 0/15/0/0/0               1300.0  1020.0     0.0    20.0   53.0   56.0     0 4/4/1/6/1/3           2     0   0.0    0.0  246.6    0.0 1300.0 L 0.00 -
 840    0    0     8 0/15/0/0/0               1300.0  1020.0     0.0    20.0   53.0   56.0     0 4/4/1/6/1/3           2     0   0.0    0.0  246.6    0.0 1300.0 L 0.00 -
 850    0    0     8 0/15/0/0/0               1300.0  1020.0     0.0    20.0   53.0   56.0     0 4/4/1/6/1/3           2     0   0.0    0.0  246.6    0.0 1300.0 L 0.00 -
 860    0    0     8 0/15/0/0/0               1300.0  1020.0     0.0    20.0   53.0   56.0     0 4/4/1/6/1/3           2     0   0.0    0.0  246.6    0.0 1300.0 L 0.00 -
 870    0    0     8 0/15/0/0/0               1300.0  1020.0     0.0    20.0   53.0   56.0     0 4/4/1/6/1/3           2     0   0.0    0.0  246.6    0.0 1300.0 L 0.00 -
 880    0    0     8 0/15/0/0/0               1300.0  1020.0     0.0    20.0   53.0   56.0     0 4/4/1/6/1/3           2     0   0.0    0.0  246.6    0.0 1300.0 L 0.00 -
 890    0    0     8 0/15/0/0/0               1300.0  1020.0     0.0    20.0   53.0   56.0     0 4/4/1/6/1/3           2     0   0.0    0.0  246.6    0.0 1300.0 L 0.00 -
 900    0    0     8 0/15/0/0/0               1300.0  1020.0     0.0    20.0   53.0   56.0     0 4/4/1/6/1/3           2     0   0.0    0.0  246.6    0.0 1300.0 L 0.00 -
 910    0    0     8 0/15/0/0/0               1300.0  1020.0     0.0    20.0   53.0   56.0     0 4/4/1/6/1/3           2     0   0.0    0.0  246.6    0.0 1300.0 L 0.00 -
 920    0    0     8 0/15/0/0/0               1300.0  1020.0     0.0    20.0   53.0   56.0     0 4/4/1/6/1/3           2     0   0.0    0.0  246.6    0.0 1300.0 L 0.00 -
 930    0    0     8 0/15/0/0/0               1300.0  1020.0     0.0    20.0   53.0   56.0     0 4/4/1/6/1/3           2     0   0.0    0.0  246.6    0.0 1300.0 L 0.00 -
 940    0    0     8 0/15/0/0/0               1300.0  1020.0     0.0    20.0   53.0   56.0     0 4/4/1/6/1/3           2     0   0.0    0.0  246.6    0.0 1300.0 L 0.00 -
 950    0    0     8 0/15/0/0/0               1300.0  1020.0     0.0    20.0   53.0   56.0     0 4/4/1/6/1/3           2     0   0.0    0.0  246.6    0.0 1300.0 L 0.00 -
 960    0    0     8 0/15/0/0/0               1300.0  1020.0     0.0    20.0   53.0   56.0     0 4/4/1/6/1/3           2     0   0.0    0.0  246.6    0.0 1300.0 L 0.00 -
 970    0    0     8 0/15/0/0/0               1300.0  1020.0     0.0    20.0   53.0   56.0     0 4/4/1/6/1/3           2     0   0.0    0.0  246.6    0.0 1300.0 L 0.00 -
 980    0    0     8 0/15/0/0/0               1300.0  1020.0     0.0    20.0   53.0   56.0     0 4/4/1/6/1/3           2     0   0.0    0.0  246.6    0.0 1300.0 L 0.00 -
 990    0    0     8 0/15/0/0/0               1300.0  1020.0     0.0    20.0   53.0   56.0     0 4/4/1/6/1/3           2     0   0.0    0.0  246.6    0.0 1300.0 L 0.00 -
1000    0    0     8 0/15/0/0/0               1300.0  1020.0     0.0    20.0   53.0   56.0     0 4/4/1/6/1/3           2     0   0.0    0.0  246.6    0.0 1300.0 L 0.00 -
1010    0    0     8 0/15/0/0/0               1300.0  1020.0     0.0    20.0   53.0   56.0     0 4/4/1/6/1/3           2     0   0.0    0.0  246.6    0.0 1300.0 L 0.00 -
1020    0    0     8 0/15/0/0/0               1300.0  1020.0     0.0    20.0   53.0   56.0     0 4/4/1/6/1/3           2     0   0.0    0.0  246.6    0.0 1300.0 L 0.00 -
1030    0    0     8 0/15/0/0/0               1300.0  1020.0     0.0    20.0   53.0   56.0     0 4/4/1/6/1/3           2     0   0.0    0.0  246.6    0.0 1300.0 L 0.00 -
1040    0    0     8 0/15/0/0/0               1300.0  1020.0     0.0    20.0   53.0   56.0     0 4/4/1/6/1/3           2     0   0.0    0.0  246.6    0.0 1300.0 L 0.00 -
1050    0    0     8 0/15/0/0/0               1300.0  1020.0     0.0    20.0   53.0   56.0     0 4/4/1/6/1/3           2     0   0.0    0.0  246.6    0.0 1300.0 L 0.00 -
1060    0    0     8 0/15/0/0/0               1300.0  1020.0     0.0    20.0   53.0   56.0     0 4/4/1/6/1/3           2     0   0.0    0.0  246.6    0.0 1300.0 L 0.00 -
1070    0    0     8 0/15/0/0/0               1300.0  1020.0     0.0    20.0   53.0   56.0     0 4/4/1/6/1/3           2     0   0.0    0.0  246.6    0.0 1300.0 L 0.00 -
1080    0    0     8 0/15/0/0/0               1300.0  1020.0     0.0    20.0   53.0   56.0     0 4/4/1/6/1/3           2     0   0.0    0.0  246.6    0.0 1300.0 L 0.00 -
1090    0    0     8 0/15/0/0/0               1300.0  1020.0     0.0    20.0   53.0   56.0     0 4/4/1/6/1/3           2     0   0.0    0.0  246.6    0.0 1300.0 L 0.00 -
1100    0    0     8 0/15/0/0/0               1300.0  1020.0     0.0    20.0   53.0   56.0     0 4/4/1/6/1/3           2     0   0.0    0.0  246.6    0.0 1300.0 L 0.00 -
1110    0    0     8 0/15/0/0/0               1300.0  1020.0     0.0    20.0   53.0   56.0     0 4/4/1/6/1/3           2     0   0.0    0.0  246.6    0.0 1300.0 L 0.00 -
1120    0    0     8 0/15/0/0/0               1300.0  1020.0     0.0    20.0   53.0   56.0     0 4/4/1/6/1/3           2     0   0.0    0.0  246.6    0.0 1300.0 L 0.00 -
1130    0    0     8 0/15/0/0/0               1300.0  1020.0     0.0    20.0   53.0   56.0     0 4/4/1/6/1/3           2     0   0.0    0.0  246.6    0.0 1300.0 L 0.00 -
1140    0    0     8 0/15/0/0/0               1300.0  1020.0     0.0    20.0   53.0   56.0     0 4/4/1/6/1/3           2     0   0.0    0.0  246.6    0.0 1300.0 L 0.00 -
1150    0    0     8 0/15/0/0/0               1300.0  1020.0     0.0    20.0   53.0   56.0     0 4/4/1/6/1/3           2     0   0.0    0.0  246.6    0.0 1300.0 L 0.00 -
1160    0    0     8 0/15/0/0/0               1300.0  1020.0     0.0    20.0   53.0   56.0     0 4/4/1/6/1/3           2     0   0.0    0.0  246.6    0.0 1300.0 L 0.00 -
1170    0    0     8 0/15/0/0/0               1300.0  1020.0     0.0    20.0   53.0   56.0     0 4/4/1/6/1/3           2     0   0.0    0.0  246.6    0.0 1300.0 L 0.00 -
1180    0    0     8 0/15/0/0/0               1300.0  1020.0     0.0    20.0   53.0   56.0     0 4/4/1/6/1/3           2     0   0.0    0.0  246.6    0.0 1300.0 L 0.00 -
1190    0    0     8 0/15/0/0/0               1300.0  1020.0     0.0    20.0   53.0   56.0     0 4/4/1/6/1/3           2     0   0.0    0.0  246.6    0.0 1300.0 L 0.00 -
1200    0    0     8 0/15/0/0/0               1300.0  1020.0     0.0    20.0   53.0   56.0     0 4/4/1/6/1/3           2     0   0.0    0.0  246.6    0.0 1300.0 L 0.00 -
1210    0    0     8 0/15/0/0/0               1300.0  1020.0     0.0    20.0   53.0   56.0     0 4/4/1/6/1/3           2     0   0.0    0.0  246.6    0.0 1300.0 L 0.00 -
1220    0    0     8 0/15/0/0/0               1300.0  1020.0     0.0    20.0   53.0   56.0     0 4/4/1/6/1/3           2     0   0.0    0.0  246.6    0.0 1300.0 L 0.00 -
1230    0    0     8 0/15/0/0/0               1300.0  1020.0     0.0    20.0   53.0   56.0     0 4/4/1/6/1/3           2     0   0.0    0.0  246.6    0.0 1300.0 L 0.00 -
1240    0    0     8 0/15/0/0/0               1300.0  1020.0     0.0    20.0   53.0   56.0     0 4/4/1/6/1/3           2     0   0.0    0.0  246.6    0.0 1300.0 L 0.00 -
1250    0    0     8 0/15/0/0/0               1300.0  1020.0     0.0    20.0   53.0   56.0     0 4/4/1/6/1/3           2     0   0.0    0.0  246.6    0.0 1300.0 L 0.00 -
1260    0    0     8 0/15/0/0/0               1300.0  1020.0     0.0    20.0   53.0   56.0     0 4/4/1/6/1/3           2     0   0.0    0.0  246.6    0.0 1300.0 L 0.00 -
1270    0    0     8 0/15/0/0/0               1300.0  1020.0     0.0    20.0   53.0   56.0     0 4/4/1/6/1/3           2     0   0.0    0.0  246.6    0.0 1300.0 L 0.00 -
1280    0    0     8 0/15/0/0/0               1300.0  1020.0     0.0    20.0   53.0   56.0     0 4/4/1/6/1/3           2     0   0.0    0.0  246.6    0.0 1300.0 L 0.00 -
1290    0    0     8 0/15/0/0/0               1300.0  1020.0     0.0    20.0   53.0   56.0     0 4/4/1/6/1/3           2     0   0.0    0.0  246.6    0.0 1300.0 L 0.00 -
1300    0    0     8 0/15/0/0/0               1300.0  1020.0     0.0    20.0   53.0   56.0     0 4/4/1/6/1/3           2     0   0.0    0.0  246.6    0.0 1300.0 L 0.00 -
1310    0    0     8 0/15/0/0/0               1300.0  1020.0     0.0    20.0   53.0   56.0     0 4/4/1/6/1/3           2     0   0.0    0.0  246.6    0.0 1300.0 L 0.00 -
1320    0    0     8 0/15/0/0/0               1300.0  1020.0     0.0    20.0   53.0   56.0     0 4/4/1/6/1/3           2     0   0.0    0.0  246.6    0.0 1300.0 L 0.00 -
1330    0    0     8 0/15/0/0/0               1300.0  1020.0     0.0    20.0   53.0   56.0     0 4/4/1/6/1/3           2     0   0.0    0.0  246.6    0.0 1300.0 L 0.00 -
1340    0    0     8 0/15/0/0/0               1300.0  1020.0     0.0    20.0   53.0   56.0     0 4/4/1/6/1/3           2     0   0.0    0.0  246.6    0.0 1300.0 L 0.00 -
1350    0    0     8 0/15/0/0/0               1300.0  1020.0     0.0    20.0   53.0   56.0     0 4/4/1/6/1/3           2     0   0.0    0.0  246.6    0.0 1300.0 L 0.00 -
1360    0    0     8 0/15/0/0/0               1300.0  1020.0     0.0    20.0   53.0   56.0     0 4/4/1/6/1/3           2     0   0.0    0.0  246.6    0.0 1300.0 L 0.00 -
1370    0    0     8 0/15/0/0/0               1300.0  1020.0     0.0    20.0   53.0   56.0     0 4/4/1/6/1/3           2     0   0.0    0.0  246.6    0.0 1300.0 L 0.00 -
1380    0    0     8 0/15/0/0/0               1300.0  1020.0     0.0    20.0   53.0   56.0     0 4/4/1/6/1/3           2     0   0.0    0.0  246.6    0.0 1300.0 L 0.00 -
1390    0    0     8 0/15/0/0/0               1300.0  1020.0     0.0    20.0   53.0   56.0     0 4/4/1/6/1/3           2     0   0.0    0.0  246.6    0.0 1300.0 L 0.00 -
1400    0    0     8 0/15/0/0/0               1300.0  1020.0     0.0    20.0   53.0   56.0     0 4/4/1/6/1/3           2     0   0.0    0.0  246.6    0.0 1300.0 L 0.00 -
1410    0    0     8 0/15/0/0/0               1300.0  1020.0     0.0    20.0   53.0   56.0     0 4/4/1/6/1/3           2     0   0.0    0.0  246.6    0.0 1300.0 L 0.00 -
1420    0    0     8 0/15/0/0/0               1300.0  1020.0     0.0    20.0   53.0   56.0     0 4/4/1/6/1/3           2     0   0.0    0.0  246.6    0.0 1300.0 L 0.00 -
1430    0    0     8 0/15/0/0/0               1300.0  1020.0     0.0    20.0   53.0   56.0     0 4/4/1/6/1/3           2     0   0.0    0.0  246.6    0.0 1300.0 L 0.00 -
1440    0    0     8 0/15/0/0/0               1300.0  1020.0     0.0    20.0   53.0   56.0     0 4/4/1/6/1/3           2     0   0.0    0.0  246.6    0.0 1300.0 L 0.00 -
1450    0    0     8 0/15/0/0/0               1300.0  1020.0     0.0    20.0   53.0   56.0     0 4/4/1/6/1/3           2     0   0.0    0.0  246.6    0.0 1300.0 L 0.00 -
1460    0    0     8 0/15/0/0/0               1300.0  1020.0     0.0    20.0   53.0   56.0     0 4/4/1/6/1/3           2     0   0.0    0.0  246.6    0.0 1300.0 L 0.00 -
1470    0    0     8 0/15/0/0/0               1300.0  1020.0     0.0    20.0   53.0   56.0     0 4/4/1/6/1/3           2     0   0.0    0.0  246.6    0.0 1300.0 L 0.00 -
1480    0    0     8 0/15/0/0/0               1300.0  1020.0     0.0    20.0   53.0   56.0     0 4/4/1/6/1/3           2     0   0.0    0.0  246.6    0.0 1300.0 L 0.00 -
1490    0    0     8 0/15/0/0/0               1300.0  1020.0     0.0    20.0   53.0   56.0     0 4/4/1/6/1/3           2     0   0.0    0.0  246.6    0.0 1300.0 L 0.00 -
1500    0    0     8 0/15/0/0/0               1300.0  1020.0     0.0    20.0   53.0   56.0     0 4/4/1/6/1/3           2     0   0.0    0.0  246.6    0.0 1300.0 L 0.00 -

targets for seed 2026 (1500 sols):
  T1 FAIL run min pop 0 (needs >= 5), final pop 0
  T2 PASS deaths 15 (air 0 thirst 15 hunger 0 eva 0 other 0), unexplained 0
  T3 PASS births 8, first_birth_sol 285, at_capacity 0, cooldown_violations 0, pop@30=7, pop@100=7, pop@300=12
  T4 PASS min O2 261.5, food 203.1; ice ran dry (pressure): min ice 0.0, ice>30 0.0, thirst deaths 15; max ice/target 0.88, regolith/target 0.87
  T5 FAIL demand>supply 0.69% of steps (<=10), max shorts/sol 1 (<=2), max offline 254.4 h (<=24.7), first new reactor sol 13 (<=15)
  T6 PASS limited 28136.8 h = 76.07% (>=2% provisional; 4 of 5 seeds), site busy 74.1%; waiting_regolith 1255.0 h, site_no_crew 26881.8 h
  T7 PASS turn_backs_air 0, exhausted 224, reachable>=2 at 100.0% of 1500 sol samples (>=95), trips 435
  T8 FAIL row avg energy 0.0..61.6 (40..90), row asleep 0.0..12.3% (5..30), max sleep 8.8 h (<=18)
  T9 N/A  checked by repeating the run and by tests/test_determinism.gd (compare the table sha256)
  T10 FAIL first settlement sol 328 (40..150), age_changes 2 (<=4), min gap between consecutive history entries 71 (>=20), history 3 entries (changes+1 = 3); report: sols_in_age landing 1429 settlement 71 council 0, age at end landing, changes [sol 328 settled; sol 399 fell_back (cause ice)], fall back causes [sol 399 ice], not-ok sols 172 (by group, a sol can fail several: ice 27, food 1, oxygen 1, power 10, death 10, unrest 139)
  T11 FAIL (1) list lengths 1501/1501/1501/1501 ok; (2) lonely mean of last 50 readings 0.000 (max 0.35) ok; (3) friends_mean 0.00 (1.0..15.0) BAD; (4) first_friendship_sol 160 ok; (5) lines_dropped (total) 0 ok; report: web 0.00 second 0.00 lonely 0.00 friends_mean 0.00 friends share of colony 0.000 (pop 0)
  T12 PASS (1) list lengths 1501/1501/1501 ok; (2) C2 ok; (3) council changes 0 (<=4) ok; (4) proposals 0 ok; (5) one Council line per boundary ok; report: first Council sol <null>, meetings 0, proposals [], pledge sol <null> reason -, lines {"circles_few":1}, dropped 0; council_min_seeds 3 pledge_min_seeds 1
RESULT FAIL (target 9 determinism: table sha256 527a61750459b4c9)
