Godot Engine v4.5.stable.official.876b29033 - https://godotengine.org

# station zero balance run: seed=1234 sols=1500 overrides=[] fixed_step=0.05 data_hash=28884c39b4aef5f5
# deaths and births are cumulative; shorts, trips, energy, asleep, wait, min_* are for the 30-sol window
 sol  pop  min birth dead a/t/h/o/x           oxygen    food     ice   regol   dmnd   supp short bldg R/H/W/G/A/C  reach trips  avgE asleep%  waitH minIce  minO2 age web cn
  10    7    7     0 0/0/0/0/0                 387.9   296.2    55.0    65.0   13.0   14.0     0 1/1/1/1/0/0           2     6  53.2    9.3  213.3   54.6  262.5 L 1.00 -
  20    7    7     0 0/0/0/0/0                 550.0   420.0    58.5    46.0   14.0   28.0     0 2/2/1/1/0/0           2     9  51.8   11.1  181.6   50.4  388.0 L 1.00 -
  30    7    7     0 0/0/0/0/0                 700.0   540.0    58.0    48.1   18.0   28.0     0 2/2/1/2/0/0           2    10  57.2   12.0  126.2   52.9  549.0 L 1.00 -
  40    7    7     0 0/0/0/0/0                 700.0   540.0    66.4    23.8   21.0   28.0     0 2/2/1/2/0/1           2    10  58.5   11.2  109.9   50.6  699.0 L 1.00 -
  50    7    7     0 0/0/0/0/0                 700.0   540.0    71.4    23.1   23.0   28.0     0 2/2/1/2/0/1           2    12  53.4   11.4  142.5   64.6  698.1 L 0.86 -
  60    7    7     0 0/0/0/0/0                 700.0   540.0    58.5    68.3   23.0   28.0     0 2/2/1/2/0/1           2     7  52.3   10.8  230.2   57.5  699.0 L 0.86 -
  70    7    7     0 0/0/0/0/0                 700.0   540.0    54.5    86.7   23.0   28.0     0 2/2/1/2/0/1           2     5  56.5   10.5  229.3   43.8  699.0 L 0.86 -
  80    7    7     0 0/0/0/0/0                 700.0   540.0    37.3   105.3   23.0   28.0     0 2/2/1/2/1/1           2     3  57.0   10.8  243.2   37.3  699.0 L 0.71 -
  90    7    7     0 0/0/0/0/0                 700.0   540.0    49.3    47.9   25.0   28.0     0 2/2/1/2/1/1           2     8  53.5   10.5  164.1   35.0  699.0 L 0.71 -
 100    7    7     0 0/0/0/0/0                 700.0   540.0    41.0    77.9   25.0   28.0     0 2/2/1/2/1/1           2     6  52.3   10.8  227.9   41.0  699.0 L 0.71 -
 110    7    7     0 0/0/0/0/0                 700.0   540.0    48.6    25.0   28.0   28.0     0 2/3/1/2/1/1           2     6  57.6   10.7  206.5   38.7  699.0 L 0.71 -
 120    7    7     0 0/0/0/0/0                 700.0   540.0    60.7    41.6   26.0   42.0     0 3/3/1/2/1/1           2    10  56.2   11.5  154.8   47.5  699.0 L 0.57 -
 130    7    7     0 0/0/0/0/0                 700.0   540.0    80.2    20.9   28.0   42.0     0 3/3/1/2/1/1           2    11  56.8   10.4  155.2   59.8  699.0 L 0.43 -
 140    7    7     0 0/0/0/0/0                 700.0   540.0    84.9    63.0   28.0   42.0     0 3/3/1/2/1/1           2    10  53.2   11.3  223.7   79.1  698.0 L 0.57 -
 150    7    7     0 0/0/0/0/0                 850.0   660.0    79.3    25.4   32.0   42.0     0 3/3/1/3/1/1           2     8  54.1   11.5  156.0   79.3  699.0 L 0.43 -
 160    7    7     0 0/0/0/0/0                 850.0   660.0    74.0     7.7   35.0   42.0     0 3/4/1/3/1/1           2     9  56.3   10.8   90.8   69.0  849.0 L 0.43 -
 170    7    7     0 0/0/0/0/0                 850.0   660.0    61.8    25.5   35.0   42.0     0 3/4/1/3/1/1           2     4  53.3   10.6  241.0   61.8  849.0 L 0.29 -
 180    7    7     0 0/0/0/0/0                 850.0   660.0    49.2    47.5   35.0   42.0     0 3/4/1/3/1/1           2     5  56.5   11.0  243.6   48.3  849.0 L 0.29 -
 190    7    7     0 0/0/0/0/0                 850.0   660.0    58.3    61.6   35.0   42.0     0 3/4/1/3/1/1           2     7  54.2   10.2  222.7   45.4  849.0 L 0.29 -
 200    7    7     0 0/0/0/0/0                 850.0   660.0    44.7    85.5   35.0   42.0     0 3/4/1/3/1/1           2     4  56.7   10.0  246.6   44.7  849.0 L 0.29 -
 210    7    7     0 0/0/0/0/0                 850.0   660.0    36.1    90.1   35.0   42.0     0 3/4/1/3/1/1           2     4  56.7   10.8  242.7   36.1  849.0 L 0.29 -
 220    7    7     0 0/0/0/0/0                 850.0   660.0    30.3   106.6   35.0   42.0     0 3/4/1/3/1/1           2     4  59.5   10.9  246.6   30.3  849.0 L 0.29 -
 230    7    7     0 0/0/0/0/0                 850.0   660.0    38.5   106.6   35.0   42.0     0 3/4/1/3/1/1           2     5  58.0   10.9  246.6   26.5  849.0 L 0.29 -
 240    7    7     0 0/0/0/0/0                1000.0   780.0    37.8    32.4   39.0   42.0     0 3/4/1/4/1/1           2     6  54.8   10.5  225.3   33.9  849.0 L 0.29 -
 250    7    7     0 0/0/0/0/0                1000.0   780.0    54.3    46.9   40.0   42.0     0 3/4/1/4/1/2           2     7  56.3   11.7  105.3   37.6  999.0 L 0.29 -
 260    7    7     0 0/0/0/0/0                1000.0   780.0    62.2    24.5   42.0   42.0     0 3/4/1/4/1/2           2    13  55.0   10.5   40.5   52.4  999.0 L 0.43 -
 270    7    7     0 0/0/0/0/0                1000.0   780.0    72.1    63.5   40.0   56.0     0 4/4/1/4/1/2           2    12  56.1   12.6  143.3   59.0  999.0 L 0.43 -
 280    7    7     0 0/0/0/0/0                1000.0   780.0    64.9    27.0   42.0   56.0     0 4/4/1/4/1/2           2     9  54.2   10.2  134.8   64.9  999.0 L 0.43 -
 290    9    7     2 0/0/0/0/0                1150.0   900.0    51.3    51.2   44.0   56.0     0 4/4/1/5/1/2           2     6  53.8   10.9  178.0   51.3  999.0 L 0.33 -
 300   10    9     3 0/0/0/0/0                1150.0   900.0    52.2     7.0   46.0   56.0     0 4/4/1/5/1/2           2     9  59.5   11.2   53.0   48.9 1149.0 L 0.40 -
 310   11   10     4 0/0/0/0/0                1150.0   900.0    26.3    50.9   46.0   56.0     0 4/4/1/5/1/2           2     6  59.9   11.0  212.1   26.3 1149.0 L 0.55 -
 320   12   11     5 0/0/0/0/0                1300.0  1020.0    47.7    67.1   48.0   56.0     0 4/4/1/6/1/2           2    12  61.5   10.8   76.3   16.6 1149.0 S 0.92 -
 330   12   12     5 0/0/0/0/0                1300.0  1020.0    31.1    13.4   50.0   56.0     0 4/4/1/6/1/2           2    11  58.4   10.3  112.1   27.6 1299.0 S 1.00 -
 340   12   12     5 0/0/0/0/0                1300.0  1020.0    30.1    35.2   50.0   56.0     0 4/4/1/6/2/2           2    10  59.3   11.0  203.3   21.7 1299.0 S 0.83 -
 350   12   12     5 0/0/0/0/0                1300.0  1020.0    27.0    50.6   50.0   56.0     0 4/4/1/6/2/2           2     8  60.6   10.8   60.0   23.5 1299.0 S 0.83 -
 360   12   12     5 0/0/0/0/0                1300.0  1020.0    29.4    60.9   50.0   56.0     0 4/4/1/6/2/2           2    10  56.2   10.5   60.0   10.0 1299.0 S 0.58 -
 370   12   12     5 0/0/0/0/0                1300.0  1020.0    39.0    60.9   50.0   56.0     0 4/4/1/6/2/2           2    10  59.2   10.6   95.0   23.6 1299.0 S 0.58 -
 380   13   12     6 0/0/0/0/0                1300.0  1020.0    32.3    80.8   50.0   56.0     0 4/4/1/6/2/2           2     9  57.2   10.8   10.0   29.2 1299.0 S 0.62 -
 390   13   13     6 0/0/0/0/0                1450.0  1140.0    16.5    16.8   54.0   56.0     0 4/4/1/7/2/2           2     8  59.3   10.7   85.2   16.5 1299.0 S 0.77 -
 400   13   13     6 0/0/0/0/0                1450.0  1140.0    19.8    16.8   54.0   56.0     0 4/4/1/7/2/2           2     8  58.7   10.4   10.0   14.9 1449.0 S 0.77 -
 410   13   13     6 0/0/0/0/0                1450.0  1140.0    32.0    16.8   54.0   56.0     0 4/4/1/7/2/2           2    12  57.6   10.7   60.0   12.6 1449.0 S 0.69 -
 420   13   13     6 0/0/0/0/0                1450.0  1140.0    31.6    23.2   54.0   56.0     0 4/4/1/7/2/2           2     9  60.1   10.2   10.0   29.0 1449.0 S 0.62 -
 430   13   13     6 0/0/0/0/0                1450.0  1140.0    34.3    49.5   54.0   56.0     0 4/4/1/7/2/2           2    13  58.7   10.4   25.0   31.4 1449.0 S 0.69 -
 440   13   13     6 0/0/0/0/0                1450.0  1140.0    34.3    82.5   54.0   56.0     0 4/4/1/7/2/2           2    11  58.5   10.8   20.0   30.1 1449.0 S 0.62 -
 450   13   13     6 0/0/0/0/0                1450.0  1140.0    18.0    17.8   54.0   70.0     0 5/4/1/7/2/2           2     7  59.8   10.7  122.7   11.7 1449.0 S 0.62 -
 460   13   13     6 0/0/0/0/0                1450.0  1140.0    29.2    17.8   54.0   70.0     0 5/4/1/7/2/2           2    12  57.5   10.9   10.0   16.4 1449.0 S 0.62 -
 470   13   13     6 0/0/0/0/0                1450.0  1140.0    22.6    49.0   54.0   70.0     0 5/4/1/7/2/2           2     9  59.1   10.6    0.0   17.5 1449.0 S 0.62 -
 480   13   13     6 0/0/0/0/0                1450.0  1140.0    15.1    49.0   54.0   70.0     0 5/4/1/7/2/2           2     5  60.1   10.4   10.0   10.1 1449.0 S 0.62 -
 490   13   13     6 0/0/0/0/0                1450.0  1140.0    34.5    64.4   54.0   70.0     0 5/4/1/7/2/2           2    12  60.2   10.6   20.0   14.7 1449.0 S 0.69 -
 500   13   13     6 0/0/0/0/0                1450.0  1140.0    33.6    90.0   54.0   70.0     0 5/4/1/7/2/2           2     9  61.2   11.0   15.0   21.8 1449.0 S 0.77 -
 510   13   13     6 0/0/0/0/0                1450.0  1140.0    16.2     3.1   56.0   70.0     0 5/4/1/7/2/2           2     7  58.1   10.8  131.4   13.0 1449.0 S 0.77 -
 520   13   13     6 0/0/0/0/0                1555.0  1215.1     2.9     3.1   58.0   70.0     0 5/4/1/8/2/2           2     5  58.4   10.4  204.2    2.9 1449.0 S 0.69 -
 530    6    6     6 0/7/0/0/0                1600.0  1260.0     8.7     3.1   58.0   70.0     0 5/4/1/8/2/2           2     5  61.1   10.3   20.0    0.0 1555.5 S 0.33 -
 540    6    6     6 0/7/0/0/0                1600.0  1260.0    20.3     3.1   58.0   70.0     0 5/4/1/8/2/2           2     8  61.6   10.1    5.0    6.0 1599.0 S 0.67 -
 550    6    6     6 0/7/0/0/0                1600.0  1260.0    34.7     7.6   58.0   70.0     0 5/4/1/8/2/2           2     6  56.7   10.7    0.0   19.5 1599.0 S 0.67 -
 560    6    6     6 0/7/0/0/0                1600.0  1260.0    32.3    30.2   58.0   70.0     0 5/4/1/8/2/2           2     6  58.8   11.6    0.0   30.2 1599.0 S 0.50 -
 570    8    6     8 0/7/0/0/0                1600.0  1260.0    35.3    35.6   58.0   70.0     0 5/4/1/8/2/2           2     7  58.5   10.1    0.0   22.9 1599.0 S 0.25 -
 580    9    8     9 0/7/0/0/0                1600.0  1260.0    38.3    51.5   58.0   70.0     0 5/4/1/8/2/2           2     6  62.0   10.7    0.0   28.4 1599.0 S 0.44 -
 590   10    9    10 0/7/0/0/0                1600.0  1260.0    25.9    67.7   58.0   70.0     0 5/4/1/8/2/2           2     6  64.3   10.7    0.0   23.3 1599.0 S 0.60 -
 600   10   10    10 0/7/0/0/0                1600.0  1260.0     9.0    67.7   58.0   70.0     0 5/4/1/8/2/2           2     4  61.5   10.6    0.0    9.0 1599.0 S 0.60 -
 610   10   10    10 0/7/0/0/0                1600.0  1260.0    11.6    67.7   58.0   70.0     0 5/4/1/8/2/2           2     3  62.9   11.2    0.0    5.1 1599.0 S 0.60 -
 620   10   10    10 0/7/0/0/0                1600.0  1260.0    18.8    67.7   58.0   70.0     0 5/4/1/8/2/2           2     6  59.6   10.1    0.0    7.9 1599.0 S 0.50 -
 630   10   10    10 0/7/0/0/0                1600.0  1260.0    30.1    67.7   58.0   70.0     0 5/4/1/8/2/2           2     6  63.0   11.6    5.0   14.8 1599.0 S 0.50 -
 640   10   10    10 0/7/0/0/0                1600.0  1260.0    41.8    70.1   58.0   70.0     0 5/4/1/8/2/2           2     8  63.0   10.7    5.0   21.7 1599.0 S 0.50 -
 650   10   10    10 0/7/0/0/0                1600.0  1260.0    38.3    77.7   58.0   70.0     0 5/4/1/8/2/2           2     7  64.2   10.5    0.0   34.8 1599.0 S 0.40 -
 660   10   10    10 0/7/0/0/0                1600.0  1260.0    36.5    96.3   58.0   70.0     0 5/4/1/8/2/2           2     6  62.7   11.0   20.0   29.2 1599.0 S 0.40 -
 670   10   10    10 0/7/0/0/0                1600.0  1260.0    26.5     6.1   60.0   70.0     0 5/4/1/8/2/2           2     5  59.9   10.8   87.0   26.5 1599.0 S 0.40 -
 680   10   10    10 0/7/0/0/0                1600.0  1260.0     6.8     9.1   60.0   70.0     0 5/4/1/8/2/2           2     3  61.3   10.7  244.2    6.8 1599.0 S 0.40 -
 690    3    3    10 0/14/0/0/0               1600.0  1260.0     0.0     9.1   60.0   70.0     0 5/4/1/8/2/2           2     2  60.9   10.4  235.3    0.0 1599.0 S 0.33 -
 700    1    1    10 0/16/0/0/0               1600.0  1260.0     0.9     9.1   60.0   70.0     0 5/4/1/8/2/2           2     1  58.6    9.0  246.6    0.0 1599.0 S 1.00 -
 710    0    0    10 0/17/0/0/0               1600.0  1260.0     0.0     9.1   60.0   70.0     0 5/4/1/8/2/2           2     0  59.3   12.7  246.6    0.0 1600.0 S 0.00 -
 720    0    0    10 0/17/0/0/0               1600.0  1260.0     0.0     9.1   60.0   70.0     0 5/4/1/8/2/2           2     0   0.0    0.0  246.6    0.0 1600.0 S 0.00 -
 730    0    0    10 0/17/0/0/0               1600.0  1260.0     0.0     9.1   60.0   70.0     0 5/4/1/8/2/2           2     0   0.0    0.0  246.6    0.0 1600.0 S 0.00 -
 740    0    0    10 0/17/0/0/0               1600.0  1260.0     0.0     9.1   60.0   70.0     0 5/4/1/8/2/2           2     0   0.0    0.0  246.6    0.0 1600.0 S 0.00 -
 750    0    0    10 0/17/0/0/0               1600.0  1260.0     0.0     9.1   60.0   70.0     0 5/4/1/8/2/2           2     0   0.0    0.0  246.6    0.0 1600.0 S 0.00 -
 760    0    0    10 0/17/0/0/0               1600.0  1260.0     0.0     9.1   60.0   70.0     0 5/4/1/8/2/2           2     0   0.0    0.0  246.6    0.0 1600.0 S 0.00 -
 770    0    0    10 0/17/0/0/0               1600.0  1260.0     0.0     9.1   60.0   70.0     0 5/4/1/8/2/2           2     0   0.0    0.0  246.6    0.0 1600.0 S 0.00 -
 780    0    0    10 0/17/0/0/0               1600.0  1260.0     0.0     9.1   60.0   70.0     0 5/4/1/8/2/2           2     0   0.0    0.0  246.6    0.0 1600.0 S 0.00 -
 790    0    0    10 0/17/0/0/0               1600.0  1260.0     0.0     9.1   60.0   70.0     0 5/4/1/8/2/2           2     0   0.0    0.0  246.6    0.0 1600.0 S 0.00 -
 800    0    0    10 0/17/0/0/0               1600.0  1260.0     0.0     9.1   60.0   70.0     0 5/4/1/8/2/2           2     0   0.0    0.0  246.6    0.0 1600.0 S 0.00 -
 810    0    0    10 0/17/0/0/0               1600.0  1260.0     0.0     9.1   60.0   70.0     0 5/4/1/8/2/2           2     0   0.0    0.0  246.6    0.0 1600.0 S 0.00 -
 820    0    0    10 0/17/0/0/0               1600.0  1260.0     0.0     9.1   60.0   70.0     0 5/4/1/8/2/2           2     0   0.0    0.0  246.6    0.0 1600.0 S 0.00 -
 830    0    0    10 0/17/0/0/0               1600.0  1260.0     0.0     9.1   60.0   70.0     0 5/4/1/8/2/2           2     0   0.0    0.0  246.6    0.0 1600.0 S 0.00 -
 840    0    0    10 0/17/0/0/0               1600.0  1260.0     0.0     9.1   60.0   70.0     0 5/4/1/8/2/2           2     0   0.0    0.0  246.6    0.0 1600.0 S 0.00 -
 850    0    0    10 0/17/0/0/0               1600.0  1260.0     0.0     9.1   60.0   70.0     0 5/4/1/8/2/2           2     0   0.0    0.0  246.6    0.0 1600.0 S 0.00 -
 860    0    0    10 0/17/0/0/0               1600.0  1260.0     0.0     9.1   60.0   70.0     0 5/4/1/8/2/2           2     0   0.0    0.0  246.6    0.0 1600.0 S 0.00 -
 870    0    0    10 0/17/0/0/0               1600.0  1260.0     0.0     9.1   60.0   70.0     0 5/4/1/8/2/2           2     0   0.0    0.0  246.6    0.0 1600.0 S 0.00 -
 880    0    0    10 0/17/0/0/0               1600.0  1260.0     0.0     9.1   60.0   70.0     0 5/4/1/8/2/2           2     0   0.0    0.0  246.6    0.0 1600.0 S 0.00 -
 890    0    0    10 0/17/0/0/0               1600.0  1260.0     0.0     9.1   60.0   70.0     0 5/4/1/8/2/2           2     0   0.0    0.0  246.6    0.0 1600.0 S 0.00 -
 900    0    0    10 0/17/0/0/0               1600.0  1260.0     0.0     9.1   60.0   70.0     0 5/4/1/8/2/2           2     0   0.0    0.0  246.6    0.0 1600.0 S 0.00 -
 910    0    0    10 0/17/0/0/0               1600.0  1260.0     0.0     9.1   60.0   70.0     0 5/4/1/8/2/2           2     0   0.0    0.0  246.6    0.0 1600.0 S 0.00 -
 920    0    0    10 0/17/0/0/0               1600.0  1260.0     0.0     9.1   60.0   70.0     0 5/4/1/8/2/2           2     0   0.0    0.0  246.6    0.0 1600.0 S 0.00 -
 930    0    0    10 0/17/0/0/0               1600.0  1260.0     0.0     9.1   60.0   70.0     0 5/4/1/8/2/2           2     0   0.0    0.0  246.6    0.0 1600.0 S 0.00 -
 940    0    0    10 0/17/0/0/0               1600.0  1260.0     0.0     9.1   60.0   70.0     0 5/4/1/8/2/2           2     0   0.0    0.0  246.6    0.0 1600.0 S 0.00 -
 950    0    0    10 0/17/0/0/0               1600.0  1260.0     0.0     9.1   60.0   70.0     0 5/4/1/8/2/2           2     0   0.0    0.0  246.6    0.0 1600.0 S 0.00 -
 960    0    0    10 0/17/0/0/0               1600.0  1260.0     0.0     9.1   60.0   70.0     0 5/4/1/8/2/2           2     0   0.0    0.0  246.6    0.0 1600.0 S 0.00 -
 970    0    0    10 0/17/0/0/0               1600.0  1260.0     0.0     9.1   60.0   70.0     0 5/4/1/8/2/2           2     0   0.0    0.0  246.6    0.0 1600.0 S 0.00 -
 980    0    0    10 0/17/0/0/0               1600.0  1260.0     0.0     9.1   60.0   70.0     0 5/4/1/8/2/2           2     0   0.0    0.0  246.6    0.0 1600.0 S 0.00 -
 990    0    0    10 0/17/0/0/0               1600.0  1260.0     0.0     9.1   60.0   70.0     0 5/4/1/8/2/2           2     0   0.0    0.0  246.6    0.0 1600.0 S 0.00 -
1000    0    0    10 0/17/0/0/0               1600.0  1260.0     0.0     9.1   60.0   70.0     0 5/4/1/8/2/2           2     0   0.0    0.0  246.6    0.0 1600.0 S 0.00 -
1010    0    0    10 0/17/0/0/0               1600.0  1260.0     0.0     9.1   60.0   70.0     0 5/4/1/8/2/2           2     0   0.0    0.0  246.6    0.0 1600.0 S 0.00 -
1020    0    0    10 0/17/0/0/0               1600.0  1260.0     0.0     9.1   60.0   70.0     0 5/4/1/8/2/2           2     0   0.0    0.0  246.6    0.0 1600.0 S 0.00 -
1030    0    0    10 0/17/0/0/0               1600.0  1260.0     0.0     9.1   60.0   70.0     0 5/4/1/8/2/2           2     0   0.0    0.0  246.6    0.0 1600.0 S 0.00 -
1040    0    0    10 0/17/0/0/0               1600.0  1260.0     0.0     9.1   60.0   70.0     0 5/4/1/8/2/2           2     0   0.0    0.0  246.6    0.0 1600.0 S 0.00 -
1050    0    0    10 0/17/0/0/0               1600.0  1260.0     0.0     9.1   60.0   70.0     0 5/4/1/8/2/2           2     0   0.0    0.0  246.6    0.0 1600.0 S 0.00 -
1060    0    0    10 0/17/0/0/0               1600.0  1260.0     0.0     9.1   60.0   70.0     0 5/4/1/8/2/2           2     0   0.0    0.0  246.6    0.0 1600.0 S 0.00 -
1070    0    0    10 0/17/0/0/0               1600.0  1260.0     0.0     9.1   60.0   70.0     0 5/4/1/8/2/2           2     0   0.0    0.0  246.6    0.0 1600.0 S 0.00 -
1080    0    0    10 0/17/0/0/0               1600.0  1260.0     0.0     9.1   60.0   70.0     0 5/4/1/8/2/2           2     0   0.0    0.0  246.6    0.0 1600.0 S 0.00 -
1090    0    0    10 0/17/0/0/0               1600.0  1260.0     0.0     9.1   60.0   70.0     0 5/4/1/8/2/2           2     0   0.0    0.0  246.6    0.0 1600.0 S 0.00 -
1100    0    0    10 0/17/0/0/0               1600.0  1260.0     0.0     9.1   60.0   70.0     0 5/4/1/8/2/2           2     0   0.0    0.0  246.6    0.0 1600.0 S 0.00 -
1110    0    0    10 0/17/0/0/0               1600.0  1260.0     0.0     9.1   60.0   70.0     0 5/4/1/8/2/2           2     0   0.0    0.0  246.6    0.0 1600.0 S 0.00 -
1120    0    0    10 0/17/0/0/0               1600.0  1260.0     0.0     9.1   60.0   70.0     0 5/4/1/8/2/2           2     0   0.0    0.0  246.6    0.0 1600.0 S 0.00 -
1130    0    0    10 0/17/0/0/0               1600.0  1260.0     0.0     9.1   60.0   70.0     0 5/4/1/8/2/2           2     0   0.0    0.0  246.6    0.0 1600.0 S 0.00 -
1140    0    0    10 0/17/0/0/0               1600.0  1260.0     0.0     9.1   60.0   70.0     0 5/4/1/8/2/2           2     0   0.0    0.0  246.6    0.0 1600.0 S 0.00 -
1150    0    0    10 0/17/0/0/0               1600.0  1260.0     0.0     9.1   60.0   70.0     0 5/4/1/8/2/2           2     0   0.0    0.0  246.6    0.0 1600.0 S 0.00 -
1160    0    0    10 0/17/0/0/0               1600.0  1260.0     0.0     9.1   60.0   70.0     0 5/4/1/8/2/2           2     0   0.0    0.0  246.6    0.0 1600.0 S 0.00 -
1170    0    0    10 0/17/0/0/0               1600.0  1260.0     0.0     9.1   60.0   70.0     0 5/4/1/8/2/2           2     0   0.0    0.0  246.6    0.0 1600.0 S 0.00 -
1180    0    0    10 0/17/0/0/0               1600.0  1260.0     0.0     9.1   60.0   70.0     0 5/4/1/8/2/2           2     0   0.0    0.0  246.6    0.0 1600.0 S 0.00 -
1190    0    0    10 0/17/0/0/0               1600.0  1260.0     0.0     9.1   60.0   70.0     0 5/4/1/8/2/2           2     0   0.0    0.0  246.6    0.0 1600.0 S 0.00 -
1200    0    0    10 0/17/0/0/0               1600.0  1260.0     0.0     9.1   60.0   70.0     0 5/4/1/8/2/2           2     0   0.0    0.0  246.6    0.0 1600.0 S 0.00 -
1210    0    0    10 0/17/0/0/0               1600.0  1260.0     0.0     9.1   60.0   70.0     0 5/4/1/8/2/2           2     0   0.0    0.0  246.6    0.0 1600.0 S 0.00 -
1220    0    0    10 0/17/0/0/0               1600.0  1260.0     0.0     9.1   60.0   70.0     0 5/4/1/8/2/2           2     0   0.0    0.0  246.6    0.0 1600.0 S 0.00 -
1230    0    0    10 0/17/0/0/0               1600.0  1260.0     0.0     9.1   60.0   70.0     0 5/4/1/8/2/2           2     0   0.0    0.0  246.6    0.0 1600.0 S 0.00 -
1240    0    0    10 0/17/0/0/0               1600.0  1260.0     0.0     9.1   60.0   70.0     0 5/4/1/8/2/2           2     0   0.0    0.0  246.6    0.0 1600.0 S 0.00 -
1250    0    0    10 0/17/0/0/0               1600.0  1260.0     0.0     9.1   60.0   70.0     0 5/4/1/8/2/2           2     0   0.0    0.0  246.6    0.0 1600.0 S 0.00 -
1260    0    0    10 0/17/0/0/0               1600.0  1260.0     0.0     9.1   60.0   70.0     0 5/4/1/8/2/2           2     0   0.0    0.0  246.6    0.0 1600.0 S 0.00 -
1270    0    0    10 0/17/0/0/0               1600.0  1260.0     0.0     9.1   60.0   70.0     0 5/4/1/8/2/2           2     0   0.0    0.0  246.6    0.0 1600.0 S 0.00 -
1280    0    0    10 0/17/0/0/0               1600.0  1260.0     0.0     9.1   60.0   70.0     0 5/4/1/8/2/2           2     0   0.0    0.0  246.6    0.0 1600.0 S 0.00 -
1290    0    0    10 0/17/0/0/0               1600.0  1260.0     0.0     9.1   60.0   70.0     0 5/4/1/8/2/2           2     0   0.0    0.0  246.6    0.0 1600.0 S 0.00 -
1300    0    0    10 0/17/0/0/0               1600.0  1260.0     0.0     9.1   60.0   70.0     0 5/4/1/8/2/2           2     0   0.0    0.0  246.6    0.0 1600.0 S 0.00 -
1310    0    0    10 0/17/0/0/0               1600.0  1260.0     0.0     9.1   60.0   70.0     0 5/4/1/8/2/2           2     0   0.0    0.0  246.6    0.0 1600.0 S 0.00 -
1320    0    0    10 0/17/0/0/0               1600.0  1260.0     0.0     9.1   60.0   70.0     0 5/4/1/8/2/2           2     0   0.0    0.0  246.6    0.0 1600.0 S 0.00 -
1330    0    0    10 0/17/0/0/0               1600.0  1260.0     0.0     9.1   60.0   70.0     0 5/4/1/8/2/2           2     0   0.0    0.0  246.6    0.0 1600.0 S 0.00 -
1340    0    0    10 0/17/0/0/0               1600.0  1260.0     0.0     9.1   60.0   70.0     0 5/4/1/8/2/2           2     0   0.0    0.0  246.6    0.0 1600.0 S 0.00 -
1350    0    0    10 0/17/0/0/0               1600.0  1260.0     0.0     9.1   60.0   70.0     0 5/4/1/8/2/2           2     0   0.0    0.0  246.6    0.0 1600.0 S 0.00 -
1360    0    0    10 0/17/0/0/0               1600.0  1260.0     0.0     9.1   60.0   70.0     0 5/4/1/8/2/2           2     0   0.0    0.0  246.6    0.0 1600.0 S 0.00 -
1370    0    0    10 0/17/0/0/0               1600.0  1260.0     0.0     9.1   60.0   70.0     0 5/4/1/8/2/2           2     0   0.0    0.0  246.6    0.0 1600.0 S 0.00 -
1380    0    0    10 0/17/0/0/0               1600.0  1260.0     0.0     9.1   60.0   70.0     0 5/4/1/8/2/2           2     0   0.0    0.0  246.6    0.0 1600.0 S 0.00 -
1390    0    0    10 0/17/0/0/0               1600.0  1260.0     0.0     9.1   60.0   70.0     0 5/4/1/8/2/2           2     0   0.0    0.0  246.6    0.0 1600.0 S 0.00 -
1400    0    0    10 0/17/0/0/0               1600.0  1260.0     0.0     9.1   60.0   70.0     0 5/4/1/8/2/2           2     0   0.0    0.0  246.6    0.0 1600.0 S 0.00 -
1410    0    0    10 0/17/0/0/0               1600.0  1260.0     0.0     9.1   60.0   70.0     0 5/4/1/8/2/2           2     0   0.0    0.0  246.6    0.0 1600.0 S 0.00 -
1420    0    0    10 0/17/0/0/0               1600.0  1260.0     0.0     9.1   60.0   70.0     0 5/4/1/8/2/2           2     0   0.0    0.0  246.6    0.0 1600.0 S 0.00 -
1430    0    0    10 0/17/0/0/0               1600.0  1260.0     0.0     9.1   60.0   70.0     0 5/4/1/8/2/2           2     0   0.0    0.0  246.6    0.0 1600.0 S 0.00 -
1440    0    0    10 0/17/0/0/0               1600.0  1260.0     0.0     9.1   60.0   70.0     0 5/4/1/8/2/2           2     0   0.0    0.0  246.6    0.0 1600.0 S 0.00 -
1450    0    0    10 0/17/0/0/0               1600.0  1260.0     0.0     9.1   60.0   70.0     0 5/4/1/8/2/2           2     0   0.0    0.0  246.6    0.0 1600.0 S 0.00 -
1460    0    0    10 0/17/0/0/0               1600.0  1260.0     0.0     9.1   60.0   70.0     0 5/4/1/8/2/2           2     0   0.0    0.0  246.6    0.0 1600.0 S 0.00 -
1470    0    0    10 0/17/0/0/0               1600.0  1260.0     0.0     9.1   60.0   70.0     0 5/4/1/8/2/2           2     0   0.0    0.0  246.6    0.0 1600.0 S 0.00 -
1480    0    0    10 0/17/0/0/0               1600.0  1260.0     0.0     9.1   60.0   70.0     0 5/4/1/8/2/2           2     0   0.0    0.0  246.6    0.0 1600.0 S 0.00 -
1490    0    0    10 0/17/0/0/0               1600.0  1260.0     0.0     9.1   60.0   70.0     0 5/4/1/8/2/2           2     0   0.0    0.0  246.6    0.0 1600.0 S 0.00 -
1500    0    0    10 0/17/0/0/0               1600.0  1260.0     0.0     9.1   60.0   70.0     0 5/4/1/8/2/2           2     0   0.0    0.0  246.6    0.0 1600.0 S 0.00 -

targets for seed 1234 (1500 sols):
  T1 FAIL run min pop 0 (needs >= 5), final pop 0
  T2 PASS deaths 17 (air 0 thirst 17 hunger 0 eva 0 other 0), unexplained 0
  T3 PASS births 10, first_birth_sol 288, at_capacity 0, cooldown_violations 0, pop@30=7, pop@100=7, pop@300=10
  T4 PASS min O2 262.5, food 203.1; ice ran dry (pressure): min ice 0.0, ice>30 0.0, thirst deaths 17; max ice/target 0.75, regolith/target 0.41
  T5 PASS demand>supply 0.00% of steps (<=10), max shorts/sol 0 (<=2), max offline 0.0 h (<=24.7), first new reactor sol 11 (<=15)
  T6 PASS limited 27573.4 h = 74.54% (>=2% provisional; 4 of 5 seeds), site busy 73.7%; waiting_regolith 1010.0 h, site_no_crew 26563.4 h
  T7 PASS turn_backs_air 0, exhausted 206, reachable>=2 at 100.0% of 1500 sol samples (>=95), trips 523
  T8 FAIL row avg energy 0.0..64.3 (40..90), row asleep 0.0..12.7% (5..30), max sleep 8.8 h (<=18)
  T9 N/A  checked by repeating the run and by tests/test_determinism.gd (compare the table sha256)
  T10 FAIL first settlement sol 312 (40..150), age_changes 1 (<=4), min gap between consecutive history entries 312 (>=20), history 2 entries (changes+1 = 2); report: sols_in_age landing 312 settlement 1188 council 0, age at end settlement, changes [sol 312 settled], fall back causes [none], not-ok sols 82 (by group, a sol can fail several: ice 22, food 1, oxygen 1, power 0, death 8, unrest 60)
  T11 FAIL (1) list lengths 1501/1501/1501/1501 ok; (2) lonely mean of last 50 readings 0.000 (max 0.35) ok; (3) friends_mean 0.00 (1.0..15.0) BAD; (4) first_friendship_sol 250 ok; (5) lines_dropped (total) 0 ok; report: web 0.00 second 0.00 lonely 0.00 friends_mean 0.00 friends share of colony 0.000 (pop 0)
  T12 PASS (1) list lengths 1501/1501/1501 ok; (2) C2 ok; (3) council changes 0 (<=4) ok; (4) proposals 0 ok; (5) one Council line per boundary ok; report: first Council sol <null>, meetings 0, proposals [], pledge sol <null> reason -, lines {"circles_few":2}, dropped 0; council_min_seeds 3 pledge_min_seeds 1
RESULT FAIL (target 9 determinism: table sha256 868a6a9170234fd5)
