Godot Engine v4.5.stable.official.876b29033 - https://godotengine.org

# station zero balance run: seed=1234 sols=1500 overrides=[resources.throughput.urgent_redirect=true] fixed_step=0.05 data_hash=583803de95467b3f
# deaths and births are cumulative; shorts, trips, energy, asleep, wait, min_* are for the 30-sol window
 sol  pop  min birth dead a/t/h/o/x           oxygen    food     ice   regol   dmnd   supp short bldg R/H/W/G/A/C  reach trips  avgE asleep%  waitH minIce  minO2 age web cn
  10    7    7     0 0/0/0/0/0                 387.9   296.2    55.0    65.0   13.0   14.0     0 1/1/1/1/0/0           2     6  53.2    9.3  213.3   54.6  262.5 L 1.00 -
  20    7    7     0 0/0/0/0/0                 550.0   420.0    58.5    46.0   14.0   28.0     0 2/2/1/1/0/0           2     9  51.8   11.1  181.6   50.4  388.0 L 1.00 -
  30    7    7     0 0/0/0/0/0                 700.0   540.0    58.0    48.1   18.0   28.0     0 2/2/1/2/0/0           2    10  57.2   12.0  126.2   52.9  549.0 L 1.00 -
  40    7    7     0 0/0/0/0/0                 700.0   540.0    66.4    23.8   21.0   28.0     0 2/2/1/2/0/1           2    10  58.5   11.2  109.9   50.6  699.0 L 1.00 -
  50    7    7     0 0/0/0/0/0                 700.0   540.0    71.4    23.1   23.0   28.0     0 2/2/1/2/0/1           2    12  53.4   11.4  142.5   64.6  698.1 L 0.86 -
  60    7    7     0 0/0/0/0/0                 700.0   540.0    58.5    68.3   23.0   28.0     0 2/2/1/2/0/1           2     7  52.3   10.8  230.2   57.5  699.0 L 0.86 -
  70    7    7     0 0/0/0/0/0                 700.0   540.0    54.5    86.7   23.0   28.0     0 2/2/1/2/0/1           2     5  56.5   10.5  229.3   43.8  699.0 L 0.86 -
  80    7    7     0 0/0/0/0/0                 700.0   540.0    37.3   105.3   23.0   28.0     0 2/2/1/2/1/1           2     3  57.0   10.8  243.2   37.3  699.0 L 0.71 -
  90    7    7     0 0/0/0/0/0                 700.0   540.0    49.3    47.9   25.0   28.0     0 2/2/1/2/1/1           2     8  53.5   10.5  164.1   35.0  699.0 L 0.71 -
 100    7    7     0 0/0/0/0/0                 700.0   540.0    41.0    77.9   25.0   28.0     0 2/2/1/2/1/1           2     6  52.3   10.8  227.9   41.0  699.0 L 0.71 -
 110    7    7     0 0/0/0/0/0                 700.0   540.0    48.6    25.0   28.0   28.0     0 2/3/1/2/1/1           2     6  57.6   10.7  206.5   38.7  699.0 L 0.71 -
 120    7    7     0 0/0/0/0/0                 700.0   540.0    60.7    41.6   26.0   42.0     0 3/3/1/2/1/1           2    10  56.2   11.5  154.8   47.5  699.0 L 0.57 -
 130    7    7     0 0/0/0/0/0                 700.0   540.0    80.2    20.9   28.0   42.0     0 3/3/1/2/1/1           2    11  56.8   10.4  155.2   59.8  699.0 L 0.43 -
 140    7    7     0 0/0/0/0/0                 700.0   540.0    84.9    63.0   28.0   42.0     0 3/3/1/2/1/1           2    10  53.2   11.3  223.7   79.1  698.0 L 0.57 -
 150    7    7     0 0/0/0/0/0                 850.0   660.0    79.3    25.4   32.0   42.0     0 3/3/1/3/1/1           2     8  54.1   11.5  156.0   79.3  699.0 L 0.43 -
 160    7    7     0 0/0/0/0/0                 850.0   660.0    74.0     7.7   35.0   42.0     0 3/4/1/3/1/1           2     9  56.3   10.8   90.8   69.0  849.0 L 0.43 -
 170    7    7     0 0/0/0/0/0                 850.0   660.0    61.8    25.5   35.0   42.0     0 3/4/1/3/1/1           2     4  53.3   10.6  241.0   61.8  849.0 L 0.29 -
 180    7    7     0 0/0/0/0/0                 850.0   660.0    49.2    47.5   35.0   42.0     0 3/4/1/3/1/1           2     5  56.5   11.0  243.6   48.3  849.0 L 0.29 -
 190    7    7     0 0/0/0/0/0                 850.0   660.0    58.3    61.6   35.0   42.0     0 3/4/1/3/1/1           2     7  54.2   10.2  222.7   45.4  849.0 L 0.29 -
 200    7    7     0 0/0/0/0/0                 850.0   660.0    44.7    85.5   35.0   42.0     0 3/4/1/3/1/1           2     4  56.7   10.0  246.6   44.7  849.0 L 0.29 -
 210    7    7     0 0/0/0/0/0                 850.0   660.0    36.1    90.1   35.0   42.0     0 3/4/1/3/1/1           2     4  56.7   10.8  242.7   36.1  849.0 L 0.29 -
 220    7    7     0 0/0/0/0/0                 850.0   660.0    30.3   106.6   35.0   42.0     0 3/4/1/3/1/1           2     4  59.5   10.9  246.6   30.3  849.0 L 0.29 -
 230    7    7     0 0/0/0/0/0                 850.0   660.0    38.5   106.6   35.0   42.0     0 3/4/1/3/1/1           2     5  58.0   10.9  246.6   26.5  849.0 L 0.29 -
 240    7    7     0 0/0/0/0/0                1000.0   780.0    37.8    32.4   39.0   42.0     0 3/4/1/4/1/1           2     6  54.8   10.5  225.3   33.9  849.0 L 0.29 -
 250    7    7     0 0/0/0/0/0                1000.0   780.0    54.3    46.9   40.0   42.0     0 3/4/1/4/1/2           2     7  56.3   11.7  105.3   37.6  999.0 L 0.29 -
 260    7    7     0 0/0/0/0/0                1000.0   780.0    62.2    24.5   42.0   42.0     0 3/4/1/4/1/2           2    13  55.0   10.5   40.5   52.4  999.0 L 0.43 -
 270    7    7     0 0/0/0/0/0                1000.0   780.0    72.1    63.5   40.0   56.0     0 4/4/1/4/1/2           2    12  56.1   12.6  143.3   59.0  999.0 L 0.43 -
 280    7    7     0 0/0/0/0/0                1000.0   780.0    64.9    27.0   42.0   56.0     0 4/4/1/4/1/2           2     9  54.2   10.2  134.8   64.9  999.0 L 0.43 -
 290    9    7     2 0/0/0/0/0                1150.0   900.0    51.3    51.2   44.0   56.0     0 4/4/1/5/1/2           2     6  53.8   10.9  178.0   51.3  999.0 L 0.33 -
 300   10    9     3 0/0/0/0/0                1150.0   900.0    52.2     7.0   46.0   56.0     0 4/4/1/5/1/2           2     9  59.5   11.2   53.0   48.9 1149.0 L 0.40 -
 310   11   10     4 0/0/0/0/0                1150.0   900.0    26.3    50.9   46.0   56.0     0 4/4/1/5/1/2           2     6  59.8   10.7  212.1   26.3 1149.0 L 0.55 -
 320   12   11     5 0/0/0/0/0                1300.0  1020.0    58.2    50.9   48.0   56.0     0 4/4/1/6/1/2           2    12  61.7   10.8   81.8   19.2 1149.0 S 0.83 -
 330   12   12     5 0/0/0/0/0                1300.0  1020.0    48.6    15.0   50.0   56.0     0 4/4/1/6/1/2           2    13  58.8   11.0   57.8   41.1 1299.0 S 0.83 -
 340   12   12     5 0/0/0/0/0                1299.8  1020.0    19.0    29.8   50.0   56.0     0 4/4/1/6/1/2           2     2  61.5   10.9  226.1   19.0 1299.0 S 0.75 -
 350   12   12     5 0/0/0/0/0                1450.0  1132.2     6.1    29.8   52.0   56.0     0 4/4/1/7/1/2           2     6  59.8   10.7  208.3    3.4 1299.0 S 0.75 -
 360   11   11     5 0/1/0/0/0                1450.0  1140.0    30.5    38.7   52.0   56.0     0 4/4/1/7/1/2           2    14  58.8   10.2   65.0    0.0 1449.0 S 0.73 -
 370   11   11     5 0/1/0/0/0                1450.0  1140.0    49.1    59.9   52.0   56.0     0 4/4/1/7/1/2           2    10  59.9   11.3   40.0   28.6 1449.0 S 0.73 -
 380   12   11     6 0/1/0/0/0                1450.0  1140.0    43.5   107.7   52.0   56.0     0 4/4/1/7/1/2           2    11  61.2   10.7   15.0   41.4 1449.0 S 0.67 -
 390   12   12     6 0/1/0/0/0                1450.0  1140.0    31.5    55.2   54.0   56.0     0 4/4/1/7/1/2           2     8  61.2   11.0   45.6   31.5 1449.0 S 0.58 -
 400   12   12     6 0/1/0/0/0                1450.0  1140.0    29.4    55.2   52.0   70.0     0 5/4/1/7/1/2           2     6  60.3   10.6  116.6   20.0 1449.0 S 0.50 -
 410   12   12     6 0/1/0/0/0                1450.0  1140.0    27.6    55.2   52.0   70.0     0 5/4/1/7/1/2           2     7  61.6   11.0   40.0   25.9 1449.0 S 0.50 -
 420   12   12     6 0/1/0/0/0                1450.0  1140.0    30.7    61.8   52.0   70.0     0 5/4/1/7/1/2           2     8  61.7   10.8   90.0   24.3 1449.0 S 0.42 -
 430   12   12     6 0/1/0/0/0                1450.0  1140.0    39.3    67.3   52.0   70.0     0 5/4/1/7/1/2           2     9  61.6   10.9   80.0   22.7 1449.0 S 0.83 -
 440   12   12     6 0/1/0/0/0                1450.0  1140.0    27.9    90.6   52.0   70.0     0 5/4/1/7/1/2           2     6  60.8   10.9   50.0   20.5 1449.0 S 0.75 -
 450   12   12     6 0/1/0/0/0                1450.0  1140.0    33.8   114.4   52.0   70.0     0 5/4/1/7/1/2           2    11  60.2   10.6   15.0   26.8 1449.0 S 0.42 -
 460   12   12     6 0/1/0/0/0                1450.0  1140.0    44.1    30.9   54.0   70.0     0 5/4/1/7/1/2           2     7  59.1   11.3  166.8   32.5 1449.0 S 0.67 -
 470   12   12     6 0/1/0/0/0                1450.0  1140.0    30.1    41.7   55.0   70.0     0 5/5/1/7/1/2           2     7  61.3   11.0  127.7   19.4 1449.0 S 0.67 -
 480   12   12     6 0/1/0/0/0                1450.0  1140.0    27.2    78.6   55.0   70.0     0 5/5/1/7/1/2           2    10  60.9   10.5   50.0   22.2 1449.0 S 0.42 -
 490   12   12     6 0/1/0/0/0                1450.0  1140.0    31.5    78.6   55.0   70.0     0 5/5/1/7/1/2           2     6  62.5   11.2  115.0   23.5 1449.0 S 0.50 -
 500   12   12     6 0/1/0/0/0                1450.0  1140.0    37.3    97.1   55.0   70.0     0 5/5/1/7/1/2           2    10  61.7   10.6   65.0   28.9 1449.0 S 0.50 -
 510   12   12     6 0/1/0/0/0                1450.0  1140.0    18.8    10.7   57.0   70.0     0 5/5/1/7/1/2           2     2  60.5   11.2  209.0   18.8 1449.0 S 1.00 -
 520   12   12     6 0/1/0/0/0                1600.0  1260.0    33.6    10.7   59.0   70.0     0 5/5/1/8/1/2           2    12  60.5   10.9   82.5   14.0 1449.0 S 0.92 -
 530   12   12     6 0/1/0/0/0                1600.0  1260.0    55.9    21.6   59.0   70.0     0 5/5/1/8/1/2           2     8  60.9   10.9   30.0   33.1 1599.0 S 0.92 -
 540   12   12     6 0/1/0/0/0                1600.0  1260.0    37.5    60.6   59.0   70.0     0 5/5/1/8/1/2           2     8  61.9   10.4   60.0   37.5 1599.0 S 0.83 -
 550   12   12     6 0/1/0/0/0                1600.0  1260.0    36.8    82.7   59.0   70.0     0 5/5/1/8/1/2           2    11  59.3   10.9   50.0   24.8 1599.0 S 0.75 -
 560   12   12     6 0/1/0/0/0                1600.0  1260.0    36.5   105.0   59.0   70.0     0 5/5/1/8/1/2           2    10  61.5   10.7   50.0   19.1 1599.0 S 0.75 -
 570   14   12     8 0/1/0/0/0                1600.0  1260.0    39.7     8.7   61.0   70.0     0 5/5/1/8/1/2           2     9  61.4   11.1  113.6   25.6 1599.0 S 0.86 -
 580   15   14     9 0/1/0/0/0                1750.0  1380.0    31.7    34.4   63.0   70.0     0 5/5/1/9/1/2           2     9  62.0   10.9   72.4   23.2 1599.0 S 0.87 -
 590   16   15    10 0/1/0/0/0                1750.0  1380.0    25.4    49.6   63.0   70.0     0 5/5/1/9/1/2           2     9  61.3   10.6   20.0   21.2 1749.0 S 0.88 -
 600   16   16    10 0/1/0/0/0                1750.0  1380.0    51.7    58.8   63.0   70.0     0 5/5/1/9/1/2           2    13  59.4   10.8   40.0   24.1 1749.0 S 0.94 -
 610   16   16    10 0/1/0/0/0                1750.0  1380.0    31.7    95.5   63.0   70.0     0 5/5/1/9/1/2           2    11  61.6   10.9   50.0   27.8 1749.0 S 0.88 -
 620   16   16    10 0/1/0/0/0                1750.0  1380.0    29.6   120.8   63.0   70.0     0 5/5/1/9/1/2           2    10  61.7   10.9   15.0   25.5 1749.0 S 0.75 -
 630   16   16    10 0/1/0/0/0                1750.0  1380.0     5.9     0.8   65.0   70.0     0 5/5/1/9/1/2           2     3  63.5   10.6  210.3    3.0 1749.0 S 0.75 -
 640    4    4    10 0/13/0/0/0               1750.0  1380.0     0.0     0.8   65.0   70.0     0 5/5/1/9/1/2           2     1  62.6   10.3  230.0    0.0 1749.0 S 0.50 -
 650    0    0    10 0/17/0/0/0               1750.0  1380.0     0.0     0.8   65.0   70.0     0 5/5/1/9/1/2           2     0  59.6   11.6  246.6    0.0 1750.0 S 0.00 -
 660    0    0    10 0/17/0/0/0               1750.0  1380.0     0.0     0.8   65.0   70.0     0 5/5/1/9/1/2           2     0   0.0    0.0  246.6    0.0 1750.0 S 0.00 -
 670    0    0    10 0/17/0/0/0               1750.0  1380.0     0.0     0.8   65.0   70.0     0 5/5/1/9/1/2           2     0   0.0    0.0  246.6    0.0 1750.0 S 0.00 -
 680    0    0    10 0/17/0/0/0               1750.0  1380.0     0.0     0.8   65.0   70.0     0 5/5/1/9/1/2           2     0   0.0    0.0  246.6    0.0 1750.0 S 0.00 -
 690    0    0    10 0/17/0/0/0               1750.0  1380.0     0.0     0.8   65.0   70.0     0 5/5/1/9/1/2           2     0   0.0    0.0  246.6    0.0 1750.0 S 0.00 -
 700    0    0    10 0/17/0/0/0               1750.0  1380.0     0.0     0.8   65.0   70.0     0 5/5/1/9/1/2           2     0   0.0    0.0  246.6    0.0 1750.0 S 0.00 -
 710    0    0    10 0/17/0/0/0               1750.0  1380.0     0.0     0.8   65.0   70.0     0 5/5/1/9/1/2           2     0   0.0    0.0  246.6    0.0 1750.0 S 0.00 -
 720    0    0    10 0/17/0/0/0               1750.0  1380.0     0.0     0.8   65.0   70.0     0 5/5/1/9/1/2           2     0   0.0    0.0  246.6    0.0 1750.0 S 0.00 -
 730    0    0    10 0/17/0/0/0               1750.0  1380.0     0.0     0.8   65.0   70.0     0 5/5/1/9/1/2           2     0   0.0    0.0  246.6    0.0 1750.0 S 0.00 -
 740    0    0    10 0/17/0/0/0               1750.0  1380.0     0.0     0.8   65.0   70.0     0 5/5/1/9/1/2           2     0   0.0    0.0  246.6    0.0 1750.0 S 0.00 -
 750    0    0    10 0/17/0/0/0               1750.0  1380.0     0.0     0.8   65.0   70.0     0 5/5/1/9/1/2           2     0   0.0    0.0  246.6    0.0 1750.0 S 0.00 -
 760    0    0    10 0/17/0/0/0               1750.0  1380.0     0.0     0.8   65.0   70.0     0 5/5/1/9/1/2           2     0   0.0    0.0  246.6    0.0 1750.0 S 0.00 -
 770    0    0    10 0/17/0/0/0               1750.0  1380.0     0.0     0.8   65.0   70.0     0 5/5/1/9/1/2           2     0   0.0    0.0  246.6    0.0 1750.0 S 0.00 -
 780    0    0    10 0/17/0/0/0               1750.0  1380.0     0.0     0.8   65.0   70.0     0 5/5/1/9/1/2           2     0   0.0    0.0  246.6    0.0 1750.0 S 0.00 -
 790    0    0    10 0/17/0/0/0               1750.0  1380.0     0.0     0.8   65.0   70.0     0 5/5/1/9/1/2           2     0   0.0    0.0  246.6    0.0 1750.0 S 0.00 -
 800    0    0    10 0/17/0/0/0               1750.0  1380.0     0.0     0.8   65.0   70.0     0 5/5/1/9/1/2           2     0   0.0    0.0  246.6    0.0 1750.0 S 0.00 -
 810    0    0    10 0/17/0/0/0               1750.0  1380.0     0.0     0.8   65.0   70.0     0 5/5/1/9/1/2           2     0   0.0    0.0  246.6    0.0 1750.0 S 0.00 -
 820    0    0    10 0/17/0/0/0               1750.0  1380.0     0.0     0.8   65.0   70.0     0 5/5/1/9/1/2           2     0   0.0    0.0  246.6    0.0 1750.0 S 0.00 -
 830    0    0    10 0/17/0/0/0               1750.0  1380.0     0.0     0.8   65.0   70.0     0 5/5/1/9/1/2           2     0   0.0    0.0  246.6    0.0 1750.0 S 0.00 -
 840    0    0    10 0/17/0/0/0               1750.0  1380.0     0.0     0.8   65.0   70.0     0 5/5/1/9/1/2           2     0   0.0    0.0  246.6    0.0 1750.0 S 0.00 -
 850    0    0    10 0/17/0/0/0               1750.0  1380.0     0.0     0.8   65.0   70.0     0 5/5/1/9/1/2           2     0   0.0    0.0  246.6    0.0 1750.0 S 0.00 -
 860    0    0    10 0/17/0/0/0               1750.0  1380.0     0.0     0.8   65.0   70.0     0 5/5/1/9/1/2           2     0   0.0    0.0  246.6    0.0 1750.0 S 0.00 -
 870    0    0    10 0/17/0/0/0               1750.0  1380.0     0.0     0.8   65.0   70.0     0 5/5/1/9/1/2           2     0   0.0    0.0  246.6    0.0 1750.0 S 0.00 -
 880    0    0    10 0/17/0/0/0               1750.0  1380.0     0.0     0.8   65.0   70.0     0 5/5/1/9/1/2           2     0   0.0    0.0  246.6    0.0 1750.0 S 0.00 -
 890    0    0    10 0/17/0/0/0               1750.0  1380.0     0.0     0.8   65.0   70.0     0 5/5/1/9/1/2           2     0   0.0    0.0  246.6    0.0 1750.0 S 0.00 -
 900    0    0    10 0/17/0/0/0               1750.0  1380.0     0.0     0.8   65.0   70.0     0 5/5/1/9/1/2           2     0   0.0    0.0  246.6    0.0 1750.0 S 0.00 -
 910    0    0    10 0/17/0/0/0               1750.0  1380.0     0.0     0.8   65.0   70.0     0 5/5/1/9/1/2           2     0   0.0    0.0  246.6    0.0 1750.0 S 0.00 -
 920    0    0    10 0/17/0/0/0               1750.0  1380.0     0.0     0.8   65.0   70.0     0 5/5/1/9/1/2           2     0   0.0    0.0  246.6    0.0 1750.0 S 0.00 -
 930    0    0    10 0/17/0/0/0               1750.0  1380.0     0.0     0.8   65.0   70.0     0 5/5/1/9/1/2           2     0   0.0    0.0  246.6    0.0 1750.0 S 0.00 -
 940    0    0    10 0/17/0/0/0               1750.0  1380.0     0.0     0.8   65.0   70.0     0 5/5/1/9/1/2           2     0   0.0    0.0  246.6    0.0 1750.0 S 0.00 -
 950    0    0    10 0/17/0/0/0               1750.0  1380.0     0.0     0.8   65.0   70.0     0 5/5/1/9/1/2           2     0   0.0    0.0  246.6    0.0 1750.0 S 0.00 -
 960    0    0    10 0/17/0/0/0               1750.0  1380.0     0.0     0.8   65.0   70.0     0 5/5/1/9/1/2           2     0   0.0    0.0  246.6    0.0 1750.0 S 0.00 -
 970    0    0    10 0/17/0/0/0               1750.0  1380.0     0.0     0.8   65.0   70.0     0 5/5/1/9/1/2           2     0   0.0    0.0  246.6    0.0 1750.0 S 0.00 -
 980    0    0    10 0/17/0/0/0               1750.0  1380.0     0.0     0.8   65.0   70.0     0 5/5/1/9/1/2           2     0   0.0    0.0  246.6    0.0 1750.0 S 0.00 -
 990    0    0    10 0/17/0/0/0               1750.0  1380.0     0.0     0.8   65.0   70.0     0 5/5/1/9/1/2           2     0   0.0    0.0  246.6    0.0 1750.0 S 0.00 -
1000    0    0    10 0/17/0/0/0               1750.0  1380.0     0.0     0.8   65.0   70.0     0 5/5/1/9/1/2           2     0   0.0    0.0  246.6    0.0 1750.0 S 0.00 -
1010    0    0    10 0/17/0/0/0               1750.0  1380.0     0.0     0.8   65.0   70.0     0 5/5/1/9/1/2           2     0   0.0    0.0  246.6    0.0 1750.0 S 0.00 -
1020    0    0    10 0/17/0/0/0               1750.0  1380.0     0.0     0.8   65.0   70.0     0 5/5/1/9/1/2           2     0   0.0    0.0  246.6    0.0 1750.0 S 0.00 -
1030    0    0    10 0/17/0/0/0               1750.0  1380.0     0.0     0.8   65.0   70.0     0 5/5/1/9/1/2           2     0   0.0    0.0  246.6    0.0 1750.0 S 0.00 -
1040    0    0    10 0/17/0/0/0               1750.0  1380.0     0.0     0.8   65.0   70.0     0 5/5/1/9/1/2           2     0   0.0    0.0  246.6    0.0 1750.0 S 0.00 -
1050    0    0    10 0/17/0/0/0               1750.0  1380.0     0.0     0.8   65.0   70.0     0 5/5/1/9/1/2           2     0   0.0    0.0  246.6    0.0 1750.0 S 0.00 -
1060    0    0    10 0/17/0/0/0               1750.0  1380.0     0.0     0.8   65.0   70.0     0 5/5/1/9/1/2           2     0   0.0    0.0  246.6    0.0 1750.0 S 0.00 -
1070    0    0    10 0/17/0/0/0               1750.0  1380.0     0.0     0.8   65.0   70.0     0 5/5/1/9/1/2           2     0   0.0    0.0  246.6    0.0 1750.0 S 0.00 -
1080    0    0    10 0/17/0/0/0               1750.0  1380.0     0.0     0.8   65.0   70.0     0 5/5/1/9/1/2           2     0   0.0    0.0  246.6    0.0 1750.0 S 0.00 -
1090    0    0    10 0/17/0/0/0               1750.0  1380.0     0.0     0.8   65.0   70.0     0 5/5/1/9/1/2           2     0   0.0    0.0  246.6    0.0 1750.0 S 0.00 -
1100    0    0    10 0/17/0/0/0               1750.0  1380.0     0.0     0.8   65.0   70.0     0 5/5/1/9/1/2           2     0   0.0    0.0  246.6    0.0 1750.0 S 0.00 -
1110    0    0    10 0/17/0/0/0               1750.0  1380.0     0.0     0.8   65.0   70.0     0 5/5/1/9/1/2           2     0   0.0    0.0  246.6    0.0 1750.0 S 0.00 -
1120    0    0    10 0/17/0/0/0               1750.0  1380.0     0.0     0.8   65.0   70.0     0 5/5/1/9/1/2           2     0   0.0    0.0  246.6    0.0 1750.0 S 0.00 -
1130    0    0    10 0/17/0/0/0               1750.0  1380.0     0.0     0.8   65.0   70.0     0 5/5/1/9/1/2           2     0   0.0    0.0  246.6    0.0 1750.0 S 0.00 -
1140    0    0    10 0/17/0/0/0               1750.0  1380.0     0.0     0.8   65.0   70.0     0 5/5/1/9/1/2           2     0   0.0    0.0  246.6    0.0 1750.0 S 0.00 -
1150    0    0    10 0/17/0/0/0               1750.0  1380.0     0.0     0.8   65.0   70.0     0 5/5/1/9/1/2           2     0   0.0    0.0  246.6    0.0 1750.0 S 0.00 -
1160    0    0    10 0/17/0/0/0               1750.0  1380.0     0.0     0.8   65.0   70.0     0 5/5/1/9/1/2           2     0   0.0    0.0  246.6    0.0 1750.0 S 0.00 -
1170    0    0    10 0/17/0/0/0               1750.0  1380.0     0.0     0.8   65.0   70.0     0 5/5/1/9/1/2           2     0   0.0    0.0  246.6    0.0 1750.0 S 0.00 -
1180    0    0    10 0/17/0/0/0               1750.0  1380.0     0.0     0.8   65.0   70.0     0 5/5/1/9/1/2           2     0   0.0    0.0  246.6    0.0 1750.0 S 0.00 -
1190    0    0    10 0/17/0/0/0               1750.0  1380.0     0.0     0.8   65.0   70.0     0 5/5/1/9/1/2           2     0   0.0    0.0  246.6    0.0 1750.0 S 0.00 -
1200    0    0    10 0/17/0/0/0               1750.0  1380.0     0.0     0.8   65.0   70.0     0 5/5/1/9/1/2           2     0   0.0    0.0  246.6    0.0 1750.0 S 0.00 -
1210    0    0    10 0/17/0/0/0               1750.0  1380.0     0.0     0.8   65.0   70.0     0 5/5/1/9/1/2           2     0   0.0    0.0  246.6    0.0 1750.0 S 0.00 -
1220    0    0    10 0/17/0/0/0               1750.0  1380.0     0.0     0.8   65.0   70.0     0 5/5/1/9/1/2           2     0   0.0    0.0  246.6    0.0 1750.0 S 0.00 -
1230    0    0    10 0/17/0/0/0               1750.0  1380.0     0.0     0.8   65.0   70.0     0 5/5/1/9/1/2           2     0   0.0    0.0  246.6    0.0 1750.0 S 0.00 -
1240    0    0    10 0/17/0/0/0               1750.0  1380.0     0.0     0.8   65.0   70.0     0 5/5/1/9/1/2           2     0   0.0    0.0  246.6    0.0 1750.0 S 0.00 -
1250    0    0    10 0/17/0/0/0               1750.0  1380.0     0.0     0.8   65.0   70.0     0 5/5/1/9/1/2           2     0   0.0    0.0  246.6    0.0 1750.0 S 0.00 -
1260    0    0    10 0/17/0/0/0               1750.0  1380.0     0.0     0.8   65.0   70.0     0 5/5/1/9/1/2           2     0   0.0    0.0  246.6    0.0 1750.0 S 0.00 -
1270    0    0    10 0/17/0/0/0               1750.0  1380.0     0.0     0.8   65.0   70.0     0 5/5/1/9/1/2           2     0   0.0    0.0  246.6    0.0 1750.0 S 0.00 -
1280    0    0    10 0/17/0/0/0               1750.0  1380.0     0.0     0.8   65.0   70.0     0 5/5/1/9/1/2           2     0   0.0    0.0  246.6    0.0 1750.0 S 0.00 -
1290    0    0    10 0/17/0/0/0               1750.0  1380.0     0.0     0.8   65.0   70.0     0 5/5/1/9/1/2           2     0   0.0    0.0  246.6    0.0 1750.0 S 0.00 -
1300    0    0    10 0/17/0/0/0               1750.0  1380.0     0.0     0.8   65.0   70.0     0 5/5/1/9/1/2           2     0   0.0    0.0  246.6    0.0 1750.0 S 0.00 -
1310    0    0    10 0/17/0/0/0               1750.0  1380.0     0.0     0.8   65.0   70.0     0 5/5/1/9/1/2           2     0   0.0    0.0  246.6    0.0 1750.0 S 0.00 -
1320    0    0    10 0/17/0/0/0               1750.0  1380.0     0.0     0.8   65.0   70.0     0 5/5/1/9/1/2           2     0   0.0    0.0  246.6    0.0 1750.0 S 0.00 -
1330    0    0    10 0/17/0/0/0               1750.0  1380.0     0.0     0.8   65.0   70.0     0 5/5/1/9/1/2           2     0   0.0    0.0  246.6    0.0 1750.0 S 0.00 -
1340    0    0    10 0/17/0/0/0               1750.0  1380.0     0.0     0.8   65.0   70.0     0 5/5/1/9/1/2           2     0   0.0    0.0  246.6    0.0 1750.0 S 0.00 -
1350    0    0    10 0/17/0/0/0               1750.0  1380.0     0.0     0.8   65.0   70.0     0 5/5/1/9/1/2           2     0   0.0    0.0  246.6    0.0 1750.0 S 0.00 -
1360    0    0    10 0/17/0/0/0               1750.0  1380.0     0.0     0.8   65.0   70.0     0 5/5/1/9/1/2           2     0   0.0    0.0  246.6    0.0 1750.0 S 0.00 -
1370    0    0    10 0/17/0/0/0               1750.0  1380.0     0.0     0.8   65.0   70.0     0 5/5/1/9/1/2           2     0   0.0    0.0  246.6    0.0 1750.0 S 0.00 -
1380    0    0    10 0/17/0/0/0               1750.0  1380.0     0.0     0.8   65.0   70.0     0 5/5/1/9/1/2           2     0   0.0    0.0  246.6    0.0 1750.0 S 0.00 -
1390    0    0    10 0/17/0/0/0               1750.0  1380.0     0.0     0.8   65.0   70.0     0 5/5/1/9/1/2           2     0   0.0    0.0  246.6    0.0 1750.0 S 0.00 -
1400    0    0    10 0/17/0/0/0               1750.0  1380.0     0.0     0.8   65.0   70.0     0 5/5/1/9/1/2           2     0   0.0    0.0  246.6    0.0 1750.0 S 0.00 -
1410    0    0    10 0/17/0/0/0               1750.0  1380.0     0.0     0.8   65.0   70.0     0 5/5/1/9/1/2           2     0   0.0    0.0  246.6    0.0 1750.0 S 0.00 -
1420    0    0    10 0/17/0/0/0               1750.0  1380.0     0.0     0.8   65.0   70.0     0 5/5/1/9/1/2           2     0   0.0    0.0  246.6    0.0 1750.0 S 0.00 -
1430    0    0    10 0/17/0/0/0               1750.0  1380.0     0.0     0.8   65.0   70.0     0 5/5/1/9/1/2           2     0   0.0    0.0  246.6    0.0 1750.0 S 0.00 -
1440    0    0    10 0/17/0/0/0               1750.0  1380.0     0.0     0.8   65.0   70.0     0 5/5/1/9/1/2           2     0   0.0    0.0  246.6    0.0 1750.0 S 0.00 -
1450    0    0    10 0/17/0/0/0               1750.0  1380.0     0.0     0.8   65.0   70.0     0 5/5/1/9/1/2           2     0   0.0    0.0  246.6    0.0 1750.0 S 0.00 -
1460    0    0    10 0/17/0/0/0               1750.0  1380.0     0.0     0.8   65.0   70.0     0 5/5/1/9/1/2           2     0   0.0    0.0  246.6    0.0 1750.0 S 0.00 -
1470    0    0    10 0/17/0/0/0               1750.0  1380.0     0.0     0.8   65.0   70.0     0 5/5/1/9/1/2           2     0   0.0    0.0  246.6    0.0 1750.0 S 0.00 -
1480    0    0    10 0/17/0/0/0               1750.0  1380.0     0.0     0.8   65.0   70.0     0 5/5/1/9/1/2           2     0   0.0    0.0  246.6    0.0 1750.0 S 0.00 -
1490    0    0    10 0/17/0/0/0               1750.0  1380.0     0.0     0.8   65.0   70.0     0 5/5/1/9/1/2           2     0   0.0    0.0  246.6    0.0 1750.0 S 0.00 -
1500    0    0    10 0/17/0/0/0               1750.0  1380.0     0.0     0.8   65.0   70.0     0 5/5/1/9/1/2           2     0   0.0    0.0  246.6    0.0 1750.0 S 0.00 -

targets for seed 1234 (1500 sols):
  T1 FAIL run min pop 0 (needs >= 5), final pop 0
  T2 PASS deaths 17 (air 0 thirst 17 hunger 0 eva 0 other 0), unexplained 0
  T3 PASS births 10, first_birth_sol 288, at_capacity 0, cooldown_violations 0, pop@30=7, pop@100=7, pop@300=10
  T4 PASS min O2 262.5, food 203.1; ice ran dry (pressure): min ice 0.0, ice>30 0.0, thirst deaths 17; max ice/target 0.75, regolith/target 0.41
  T5 PASS demand>supply 0.00% of steps (<=10), max shorts/sol 0 (<=2), max offline 0.0 h (<=24.7), first new reactor sol 11 (<=15)
  T6 PASS limited 29733.1 h = 80.38% (>=2% provisional; 4 of 5 seeds), site busy 77.9%; waiting_regolith 1650.0 h, site_no_crew 28083.1 h
  T7 PASS turn_backs_air 0, exhausted 158, reachable>=2 at 100.0% of 1500 sol samples (>=95), trips 510
  T8 FAIL row avg energy 0.0..63.5 (40..90), row asleep 0.0..12.6% (5..30), max sleep 8.8 h (<=18)
  T9 N/A  checked by repeating the run and by tests/test_determinism.gd (compare the table sha256)
  T10 FAIL first settlement sol 312 (40..150), age_changes 1 (<=4), min gap between consecutive history entries 312 (>=20), history 2 entries (changes+1 = 2); report: sols_in_age landing 312 settlement 1188 council 0, age at end settlement, changes [sol 312 settled], fall back causes [none], not-ok sols 64 (by group, a sol can fail several: ice 18, food 1, oxygen 1, power 0, death 9, unrest 48)
  T11 FAIL (1) list lengths 1501/1501/1501/1501 ok; (2) lonely mean of last 50 readings 0.000 (max 0.35) ok; (3) friends_mean 0.00 (1.0..15.0) BAD; (4) first_friendship_sol 250 ok; (5) lines_dropped (total) 0 ok; report: web 0.00 second 0.00 lonely 0.00 friends_mean 0.00 friends share of colony 0.000 (pop 0)
  T12 PASS (1) list lengths 1501/1501/1501 ok; (2) C2 ok; (3) council changes 0 (<=4) ok; (4) proposals 0 ok; (5) one Council line per boundary ok; report: first Council sol <null>, meetings 0, proposals [], pledge sol <null> reason -, lines {"circles_few":2}, dropped 0; council_min_seeds 3 pledge_min_seeds 1
RESULT FAIL (target 9 determinism: table sha256 5dfd166207421a28)
