Godot Engine v4.5.stable.official.876b29033 - https://godotengine.org

# station zero balance run: seed=2026 sols=1500 overrides=[resources.throughput.urgent_redirect=true] fixed_step=0.05 data_hash=583803de95467b3f
# deaths and births are cumulative; shorts, trips, energy, asleep, wait, min_* are for the 30-sol window
 sol  pop  min birth dead a/t/h/o/x           oxygen    food     ice   regol   dmnd   supp short bldg R/H/W/G/A/C  reach trips  avgE asleep%  waitH minIce  minO2 age web cn
  10    7    7     0 0/0/0/0/0                 385.9   296.2    70.5    80.4   13.0   14.0     0 1/1/1/1/0/0           2    10  56.6   10.7  177.8   66.5  261.5 L 1.00 -
  20    7    7     0 0/0/0/0/0                 550.0   420.0    67.9    56.9   14.0   28.0     0 2/2/1/1/0/0           2     8  53.8   11.6  150.7   64.8  386.0 L 1.00 -
  30    7    7     0 0/0/0/0/0                 550.0   420.0    68.1    53.5   16.0   28.0     0 2/2/1/1/0/0           2     8  53.9   10.7  129.2   65.0  548.1 L 1.00 -
  40    7    7     0 0/0/0/0/0                 550.0   420.0    55.2    83.1   16.0   28.0     0 2/2/1/1/0/0           2     7  54.2   11.1  235.8   55.2  549.0 L 1.00 -
  50    7    7     0 0/0/0/0/0                 550.0   420.0    59.1   103.0   16.0   28.0     0 2/2/1/1/0/0           2     8  51.6   10.3  241.3   54.4  548.4 L 1.00 -
  60    7    7     0 0/0/0/0/0                 550.0   420.0    66.4   120.7   16.0   28.0     0 2/2/1/1/0/0           2     8  57.6   10.8  246.6   55.9  549.0 L 1.00 -
  70    7    7     0 0/0/0/0/0                 550.0   420.0    66.6   134.0   16.0   28.0     0 2/2/1/1/0/0           2     6  57.5   10.8  243.8   59.1  549.0 L 1.00 -
  80    7    7     0 0/0/0/0/0                 550.0   420.0    73.9   165.6   16.0   28.0     0 2/2/1/1/0/0           2    10  53.5   11.4  238.9   61.2  549.0 L 1.00 -
  90    7    7     0 0/0/0/0/0                 576.1   438.7    76.0   179.0   18.0   28.0     0 2/2/1/2/0/0           2     6  55.7   10.9  227.8   66.2  548.0 L 0.86 -
 100    7    7     0 0/0/0/0/0                 700.0   540.0    76.0   139.9   21.0   28.0     0 2/2/1/2/0/1           2     6  56.2   11.3  129.4   71.3  576.2 L 0.86 -
 110    7    7     0 0/0/0/0/0                 700.0   540.0    76.2   175.9   21.0   28.0     0 2/2/1/2/0/1           2    10  56.9   10.6    0.0   74.6  699.0 L 0.86 -
 120    7    7     0 0/0/0/0/0                 700.0   540.0    86.6   165.7   23.0   28.0     0 2/2/1/2/0/1           2    11  56.6   11.3   19.3   68.9  699.0 L 0.86 -
 130    7    7     0 0/0/0/0/0                 850.0   660.0    90.6   192.9   25.0   28.0     0 2/2/1/3/0/1           2     8  54.2   11.1   71.2   85.1  699.0 L 0.86 -
 140    7    7     0 0/0/0/0/0                 850.0   660.0    93.0   179.8   27.0   28.0     0 2/2/1/3/0/1           2    12  55.7   10.7   17.5   84.5  848.2 L 0.86 -
 150    7    7     0 0/0/0/0/0                 850.0   660.0    89.8   201.3   27.0   28.0     0 2/2/1/3/0/1           2     7  54.1   10.9  213.7   87.2  849.0 L 1.00 -
 160    7    7     0 0/0/0/0/0                 850.0   660.0    98.6   226.6   25.0   42.0     0 3/2/1/3/0/1           2     9  58.4   12.0   60.1   86.6  849.0 L 0.86 -
 170    7    7     0 0/0/0/0/0                 850.0   660.0    91.3   192.0   27.0   42.0     0 3/2/1/3/0/1           2     6  54.7    9.9  169.1   91.3  849.0 L 0.86 -
 180    7    7     0 0/0/0/0/0                 850.0   660.0    87.3    44.0   33.0   42.0     0 3/2/1/3/0/3           2     3  58.4   11.3  158.7   85.8  849.0 L 0.86 -
 190    7    7     0 0/0/0/0/0                 850.0   660.0    74.1    53.2   33.0   42.0     0 3/2/1/3/0/3           2     5  57.1   10.3  246.6   74.1  849.0 L 0.86 -
 200    7    7     0 0/0/0/0/0                 850.0   660.0    68.6    73.9   33.0   42.0     0 3/2/1/3/0/3           2     5  52.7   11.1  238.4   66.1  849.0 L 0.86 -
 210    7    7     0 0/0/0/0/0                 850.0   660.0    61.7    95.0   33.0   42.0     0 3/2/1/3/0/3           2     7  55.0    9.7  236.3   55.2  849.0 L 0.71 -
 220    7    7     0 0/0/0/0/0                 850.0   660.0    53.1   101.0   33.0   42.0     0 3/2/1/3/0/3           2     4  56.1   11.2  238.4   51.9  849.0 L 0.71 -
 230    7    7     0 0/0/0/0/0                 850.0   660.0    48.9   118.0   33.0   42.0     0 3/2/1/3/0/3           2     7  55.8   10.9  239.4   45.4  849.0 L 0.57 -
 240    7    7     0 0/0/0/0/0                 850.0   660.0    41.0    54.4   35.0   42.0     0 3/2/1/3/1/3           2     5  55.3   10.5  201.2   41.0  849.0 L 0.57 -
 250    7    7     0 0/0/0/0/0                1000.0   780.0    35.7    81.4   37.0   42.0     0 3/2/1/4/1/3           2     7  53.6   11.0  125.7   33.1  849.0 L 0.71 -
 260    7    7     0 0/0/0/0/0                1150.0   900.0    30.6    17.5   41.0   42.0     0 3/2/1/5/1/3           2     7  53.9   10.5  160.9   27.9  999.0 L 0.71 -
 270    7    7     0 0/0/0/0/0                1150.0   900.0    46.8    37.6   41.0   42.0     0 3/2/1/5/1/3           2    12  52.7   10.6   25.0   28.7 1149.0 L 0.86 -
 280    7    7     0 0/0/0/0/0                1000.0   780.0    48.7     6.8   43.0   42.0     1 3/2/1/4/1/3           2     9  53.1   10.4   74.8   45.6 1000.0 L 0.86 -
 290   11    7     4 0/0/0/0/0                1000.0   780.0    49.9    16.8   43.0   42.0     0 3/2/1/4/1/3           2     7  56.2   10.4  246.6   47.2  999.0 L 0.91 -
 300   12   11     5 0/0/0/0/0                1000.0   780.0    32.8    44.9   43.0   42.0     0 3/2/1/4/1/3           2     8  59.6   10.6  246.6   27.9  999.0 L 0.92 -
 310   12   12     5 0/0/0/0/0                1000.0   780.0    36.6    56.2   43.0   42.0     0 3/2/1/4/1/3           2     8  58.4   10.3  245.1   29.7  999.0 L 0.83 -
 320   12   12     5 0/0/0/0/0                1000.0   780.0    37.9    56.2   43.0   42.0     0 3/2/1/4/1/3           2     7  59.3   11.4  246.6   25.1  999.0 L 0.75 -
 330   12   12     5 0/0/0/0/0                1000.0   780.0    38.2    63.0   43.0   42.0     0 3/2/1/4/1/3           2     7  59.8   10.5  246.6   36.0  999.0 L 0.83 -
 340   12   12     5 0/0/0/0/0                1000.0   780.0    25.3    69.1   43.0   42.0     0 3/2/1/4/1/3           2     5  60.9   10.5  246.6   14.3  999.0 L 0.92 -
 350   12   12     5 0/0/0/0/0                1000.0   780.0    28.6    69.1   43.0   42.0     0 3/2/1/4/1/3           2     8  60.1   11.3  246.6   20.9  999.0 L 1.00 -
 360   12   12     5 0/0/0/0/0                1000.0   780.0    28.2    69.1   43.0   42.0     0 3/2/1/4/1/3           2     9  58.8   10.4  246.1   22.3  999.0 L 1.00 -
 370   12   12     5 0/0/0/0/0                1000.0   780.0    28.3    69.1   43.0   42.0     0 3/2/1/4/1/3           2     6  60.0   10.9  246.5   20.8  999.0 L 1.00 -
 380   12   12     5 0/0/0/0/0                1000.0   780.0    31.7    69.1   43.0   42.0     0 3/2/1/4/1/3           2     6  57.2   10.2  246.3   24.8  999.0 L 1.00 -
 390   12   12     5 0/0/0/0/0                1000.0   780.0    21.4    69.1   43.0   42.0     0 3/2/1/4/1/3           2     5  56.8   10.2  241.3   18.0  998.2 L 1.00 -
 400   12   12     5 0/0/0/0/0                1000.0   780.0    20.6    69.1   43.0   42.0     0 3/2/1/4/1/3           2     7  58.0   10.9  244.0   14.4  999.0 L 1.00 -
 410   12   12     5 0/0/0/0/0                1000.0   780.0    16.3    69.1   43.0   42.0     0 3/2/1/4/1/3           2     6  59.1   10.4  242.8   16.3  999.0 L 1.00 -
 420   12   12     5 0/0/0/0/0                1000.0   780.0    33.5    69.1   43.0   42.0     0 3/2/1/4/1/3           2    12  55.9   10.6  246.6   14.4  999.0 L 1.00 -
 430   12   12     5 0/0/0/0/0                1000.0   780.0    16.2    69.1   43.0   42.0     0 3/2/1/4/1/3           2     3  57.8   10.2  246.6   14.4  999.0 L 1.00 -
 440   12   12     5 0/0/0/0/0                1000.0   780.0    21.2    69.1   43.0   42.0     0 3/2/1/4/1/3           2     7  60.1   11.0  242.5    8.5  999.0 L 1.00 -
 450   12   12     5 0/0/0/0/0                1000.0   780.0    25.9    69.1   43.0   42.0     0 3/2/1/4/1/3           2     7  60.1   10.2  245.9   16.7  999.0 L 1.00 -
 460   12   12     5 0/0/0/0/0                1000.0   780.0    36.5    76.3   43.0   42.0     0 3/2/1/4/1/3           2     9  58.4   11.2  244.1   21.9  999.0 L 1.00 -
 470   12   12     5 0/0/0/0/0                1000.0   780.0    27.2    81.3   43.0   42.0     0 3/2/1/4/1/3           2     6  60.1   10.2  246.6   22.1  999.0 L 1.00 -
 480   12   12     5 0/0/0/0/0                1000.0   780.0    20.1    81.3   43.0   42.0     0 3/2/1/4/1/3           2     5  60.3   10.4  241.2   19.6  999.0 L 1.00 -
 490   12   12     5 0/0/0/0/0                1000.0   780.0    11.1    81.3   43.0   42.0     0 3/2/1/4/1/3           2     7  58.1   10.6  246.6    7.8  999.0 L 1.00 -
 500   12   12     5 0/0/0/0/0                1000.0   780.0    12.3    81.3   43.0   42.0     0 3/2/1/4/1/3           2     6  57.3   10.8  246.6    8.5  999.0 L 1.00 -
 510   12   12     5 0/0/0/0/0                1000.0   780.0     2.9    81.3   43.0   42.0     0 3/2/1/4/1/3           2     6  59.3   10.2  246.6    2.9  999.0 L 1.00 -
 520   10   10     5 0/2/0/0/0                1000.0   780.0     9.4    81.3   43.0   42.0     0 3/2/1/4/1/3           2     7  57.3   10.8  237.8    0.0  999.0 L 0.90 -
 530   10   10     5 0/2/0/0/0                1000.0   780.0    18.5    81.3   43.0   42.0     0 3/2/1/4/1/3           2     8  57.3   10.5  245.6    0.0  999.0 L 0.90 -
 540   10   10     5 0/2/0/0/0                1000.0   780.0    25.2    81.3   43.0   42.0     0 3/2/1/4/1/3           2     5  57.7   10.4  241.5   16.7  999.0 L 0.90 -
 550   10   10     5 0/2/0/0/0                1000.0   780.0    26.8    81.3   43.0   42.0     0 3/2/1/4/1/3           2     6  58.7   10.4  246.6   21.4  999.0 L 0.90 -
 560   10   10     5 0/2/0/0/0                1041.9   810.0    16.7    81.3   41.0   56.0     0 4/2/1/5/1/3           2     4  59.0   11.1  239.0   16.7  999.0 L 0.90 -
 570   10   10     5 0/2/0/0/0                1150.0   900.0    25.8    81.3   41.0   56.0     0 4/2/1/5/1/3           2     7  57.9   10.3   50.0   13.1 1042.3 L 0.90 -
 580   10   10     5 0/2/0/0/0                1150.0   900.0    22.5    81.3   41.0   56.0     0 4/2/1/5/1/3           2     5  59.5   11.1   30.0   20.4 1149.0 L 0.90 -
 590   10   10     5 0/2/0/0/0                1150.0   900.0    32.1    81.3   41.0   56.0     0 4/2/1/5/1/3           2     8  58.8   10.0   40.0   16.9 1149.0 L 1.00 -
 600   10   10     5 0/2/0/0/0                1150.0   900.0    38.5     6.9   43.0   56.0     0 4/2/1/5/1/3           2     8  58.8   10.4   20.9   27.1 1149.0 L 1.00 -
 610   10   10     5 0/2/0/0/0                1150.0   900.0    28.5     9.0   44.0   56.0     0 4/3/1/5/1/3           2     4  61.0   11.3  159.9   25.2 1149.0 L 1.00 -
 620   10   10     5 0/2/0/0/0                1150.0   900.0    32.1    15.7   44.0   56.0     0 4/3/1/5/1/3           2     8  58.4   10.4   30.0   25.0 1149.0 L 1.00 -
 630   10   10     5 0/2/0/0/0                1150.0   900.0    38.1    24.7   44.0   56.0     0 4/3/1/5/1/3           2     8  57.6   10.6   50.0   26.1 1149.0 L 1.00 -
 640   10   10     5 0/2/0/0/0                1150.0   900.0    34.8    24.7   44.0   56.0     0 4/3/1/5/1/3           2     4  61.1   10.4   25.0   23.0 1149.0 L 1.00 -
 650   10   10     5 0/2/0/0/0                1150.0   900.0    36.1    37.2   44.0   56.0     0 4/3/1/5/1/3           2     7  58.4   10.5   65.0   24.9 1149.0 L 1.00 -
 660   10   10     5 0/2/0/0/0                1150.0   900.0    27.9    54.6   44.0   56.0     0 4/3/1/5/1/3           2     8  53.4   10.8   55.0   27.9 1149.0 L 1.00 -
 670   10   10     5 0/2/0/0/0                1150.0   900.0    43.1    59.1   44.0   56.0     0 4/3/1/5/1/3           2     9  56.6   10.5   30.0   22.5 1148.0 L 1.00 -
 680   10   10     5 0/2/0/0/0                1150.0   900.0    31.7     1.4   46.0   56.0     0 4/3/1/5/1/3           2     9  56.2   10.5   63.7   30.5 1149.0 L 1.00 -
 690   10   10     5 0/2/0/0/0                1211.6   944.1    25.5     1.4   48.0   56.0     0 4/3/1/6/1/3           2     5  58.0   10.3  201.3   23.8 1149.0 L 1.00 -
 700   10   10     5 0/2/0/0/0                1300.0  1020.0    38.0     1.4   48.0   56.0     0 4/3/1/6/1/3           2     9  56.2   10.4   25.0   18.2 1212.0 L 0.80 -
 710   10   10     5 0/2/0/0/0                1300.0  1020.0    18.8    17.5   48.0   56.0     0 4/3/1/6/1/3           2     4  57.2   10.7   80.0   18.8 1299.0 L 0.80 -
 720    7    7     5 0/5/0/0/0                1300.0  1020.0     0.0    17.5   48.0   56.0     0 4/3/1/6/1/3           2     0  55.6   10.7   90.0    0.0 1300.0 L 0.71 -
 730    0    0     5 0/12/0/0/0               1300.0  1020.0     0.0    17.5   48.0   56.0     0 4/3/1/6/1/3           2     0  56.2    8.3   10.0    0.0 1300.0 L 0.00 -
 740    0    0     5 0/12/0/0/0               1300.0  1020.0     0.0    17.5   48.0   56.0     0 4/3/1/6/1/3           2     0   0.0    0.0    0.0    0.0 1300.0 L 0.00 -
 750    0    0     5 0/12/0/0/0               1300.0  1020.0     0.0    17.5   48.0   56.0     0 4/3/1/6/1/3           2     0   0.0    0.0    0.0    0.0 1300.0 L 0.00 -
 760    0    0     5 0/12/0/0/0               1300.0  1020.0     0.0    17.5   48.0   56.0     0 4/3/1/6/1/3           2     0   0.0    0.0    0.0    0.0 1300.0 L 0.00 -
 770    0    0     5 0/12/0/0/0               1300.0  1020.0     0.0    17.5   48.0   56.0     0 4/3/1/6/1/3           2     0   0.0    0.0    0.0    0.0 1300.0 L 0.00 -
 780    0    0     5 0/12/0/0/0               1300.0  1020.0     0.0    17.5   48.0   56.0     0 4/3/1/6/1/3           2     0   0.0    0.0    0.0    0.0 1300.0 L 0.00 -
 790    0    0     5 0/12/0/0/0               1300.0  1020.0     0.0    17.5   48.0   56.0     0 4/3/1/6/1/3           2     0   0.0    0.0    0.0    0.0 1300.0 L 0.00 -
 800    0    0     5 0/12/0/0/0               1300.0  1020.0     0.0    17.5   48.0   56.0     0 4/3/1/6/1/3           2     0   0.0    0.0    0.0    0.0 1300.0 L 0.00 -
 810    0    0     5 0/12/0/0/0               1300.0  1020.0     0.0    17.5   48.0   56.0     0 4/3/1/6/1/3           2     0   0.0    0.0    0.0    0.0 1300.0 L 0.00 -
 820    0    0     5 0/12/0/0/0               1300.0  1020.0     0.0    17.5   48.0   56.0     0 4/3/1/6/1/3           2     0   0.0    0.0    0.0    0.0 1300.0 L 0.00 -
 830    0    0     5 0/12/0/0/0               1300.0  1020.0     0.0    17.5   48.0   56.0     0 4/3/1/6/1/3           2     0   0.0    0.0    0.0    0.0 1300.0 L 0.00 -
 840    0    0     5 0/12/0/0/0               1300.0  1020.0     0.0    17.5   48.0   56.0     0 4/3/1/6/1/3           2     0   0.0    0.0    0.0    0.0 1300.0 L 0.00 -
 850    0    0     5 0/12/0/0/0               1300.0  1020.0     0.0    17.5   48.0   56.0     0 4/3/1/6/1/3           2     0   0.0    0.0    0.0    0.0 1300.0 L 0.00 -
 860    0    0     5 0/12/0/0/0               1300.0  1020.0     0.0    17.5   48.0   56.0     0 4/3/1/6/1/3           2     0   0.0    0.0    0.0    0.0 1300.0 L 0.00 -
 870    0    0     5 0/12/0/0/0               1300.0  1020.0     0.0    17.5   48.0   56.0     0 4/3/1/6/1/3           2     0   0.0    0.0    0.0    0.0 1300.0 L 0.00 -
 880    0    0     5 0/12/0/0/0               1300.0  1020.0     0.0    17.5   48.0   56.0     0 4/3/1/6/1/3           2     0   0.0    0.0    0.0    0.0 1300.0 L 0.00 -
 890    0    0     5 0/12/0/0/0               1300.0  1020.0     0.0    17.5   48.0   56.0     0 4/3/1/6/1/3           2     0   0.0    0.0    0.0    0.0 1300.0 L 0.00 -
 900    0    0     5 0/12/0/0/0               1300.0  1020.0     0.0    17.5   48.0   56.0     0 4/3/1/6/1/3           2     0   0.0    0.0    0.0    0.0 1300.0 L 0.00 -
 910    0    0     5 0/12/0/0/0               1300.0  1020.0     0.0    17.5   48.0   56.0     0 4/3/1/6/1/3           2     0   0.0    0.0    0.0    0.0 1300.0 L 0.00 -
 920    0    0     5 0/12/0/0/0               1300.0  1020.0     0.0    17.5   48.0   56.0     0 4/3/1/6/1/3           2     0   0.0    0.0    0.0    0.0 1300.0 L 0.00 -
 930    0    0     5 0/12/0/0/0               1300.0  1020.0     0.0    17.5   48.0   56.0     0 4/3/1/6/1/3           2     0   0.0    0.0    0.0    0.0 1300.0 L 0.00 -
 940    0    0     5 0/12/0/0/0               1300.0  1020.0     0.0    17.5   48.0   56.0     0 4/3/1/6/1/3           2     0   0.0    0.0    0.0    0.0 1300.0 L 0.00 -
 950    0    0     5 0/12/0/0/0               1300.0  1020.0     0.0    17.5   48.0   56.0     0 4/3/1/6/1/3           2     0   0.0    0.0    0.0    0.0 1300.0 L 0.00 -
 960    0    0     5 0/12/0/0/0               1300.0  1020.0     0.0    17.5   48.0   56.0     0 4/3/1/6/1/3           2     0   0.0    0.0    0.0    0.0 1300.0 L 0.00 -
 970    0    0     5 0/12/0/0/0               1300.0  1020.0     0.0    17.5   48.0   56.0     0 4/3/1/6/1/3           2     0   0.0    0.0    0.0    0.0 1300.0 L 0.00 -
 980    0    0     5 0/12/0/0/0               1300.0  1020.0     0.0    17.5   48.0   56.0     0 4/3/1/6/1/3           2     0   0.0    0.0    0.0    0.0 1300.0 L 0.00 -
 990    0    0     5 0/12/0/0/0               1300.0  1020.0     0.0    17.5   48.0   56.0     0 4/3/1/6/1/3           2     0   0.0    0.0    0.0    0.0 1300.0 L 0.00 -
1000    0    0     5 0/12/0/0/0               1300.0  1020.0     0.0    17.5   48.0   56.0     0 4/3/1/6/1/3           2     0   0.0    0.0    0.0    0.0 1300.0 L 0.00 -
1010    0    0     5 0/12/0/0/0               1300.0  1020.0     0.0    17.5   48.0   56.0     0 4/3/1/6/1/3           2     0   0.0    0.0    0.0    0.0 1300.0 L 0.00 -
1020    0    0     5 0/12/0/0/0               1300.0  1020.0     0.0    17.5   48.0   56.0     0 4/3/1/6/1/3           2     0   0.0    0.0    0.0    0.0 1300.0 L 0.00 -
1030    0    0     5 0/12/0/0/0               1300.0  1020.0     0.0    17.5   48.0   56.0     0 4/3/1/6/1/3           2     0   0.0    0.0    0.0    0.0 1300.0 L 0.00 -
1040    0    0     5 0/12/0/0/0               1300.0  1020.0     0.0    17.5   48.0   56.0     0 4/3/1/6/1/3           2     0   0.0    0.0    0.0    0.0 1300.0 L 0.00 -
1050    0    0     5 0/12/0/0/0               1300.0  1020.0     0.0    17.5   48.0   56.0     0 4/3/1/6/1/3           2     0   0.0    0.0    0.0    0.0 1300.0 L 0.00 -
1060    0    0     5 0/12/0/0/0               1300.0  1020.0     0.0    17.5   48.0   56.0     0 4/3/1/6/1/3           2     0   0.0    0.0    0.0    0.0 1300.0 L 0.00 -
1070    0    0     5 0/12/0/0/0               1300.0  1020.0     0.0    17.5   48.0   56.0     0 4/3/1/6/1/3           2     0   0.0    0.0    0.0    0.0 1300.0 L 0.00 -
1080    0    0     5 0/12/0/0/0               1300.0  1020.0     0.0    17.5   48.0   56.0     0 4/3/1/6/1/3           2     0   0.0    0.0    0.0    0.0 1300.0 L 0.00 -
1090    0    0     5 0/12/0/0/0               1300.0  1020.0     0.0    17.5   48.0   56.0     0 4/3/1/6/1/3           2     0   0.0    0.0    0.0    0.0 1300.0 L 0.00 -
1100    0    0     5 0/12/0/0/0               1300.0  1020.0     0.0    17.5   48.0   56.0     0 4/3/1/6/1/3           2     0   0.0    0.0    0.0    0.0 1300.0 L 0.00 -
1110    0    0     5 0/12/0/0/0               1300.0  1020.0     0.0    17.5   48.0   56.0     0 4/3/1/6/1/3           2     0   0.0    0.0    0.0    0.0 1300.0 L 0.00 -
1120    0    0     5 0/12/0/0/0               1300.0  1020.0     0.0    17.5   48.0   56.0     0 4/3/1/6/1/3           2     0   0.0    0.0    0.0    0.0 1300.0 L 0.00 -
1130    0    0     5 0/12/0/0/0               1300.0  1020.0     0.0    17.5   48.0   56.0     0 4/3/1/6/1/3           2     0   0.0    0.0    0.0    0.0 1300.0 L 0.00 -
1140    0    0     5 0/12/0/0/0               1300.0  1020.0     0.0    17.5   48.0   56.0     0 4/3/1/6/1/3           2     0   0.0    0.0    0.0    0.0 1300.0 L 0.00 -
1150    0    0     5 0/12/0/0/0               1300.0  1020.0     0.0    17.5   48.0   56.0     0 4/3/1/6/1/3           2     0   0.0    0.0    0.0    0.0 1300.0 L 0.00 -
1160    0    0     5 0/12/0/0/0               1300.0  1020.0     0.0    17.5   48.0   56.0     0 4/3/1/6/1/3           2     0   0.0    0.0    0.0    0.0 1300.0 L 0.00 -
1170    0    0     5 0/12/0/0/0               1300.0  1020.0     0.0    17.5   48.0   56.0     0 4/3/1/6/1/3           2     0   0.0    0.0    0.0    0.0 1300.0 L 0.00 -
1180    0    0     5 0/12/0/0/0               1300.0  1020.0     0.0    17.5   48.0   56.0     0 4/3/1/6/1/3           2     0   0.0    0.0    0.0    0.0 1300.0 L 0.00 -
1190    0    0     5 0/12/0/0/0               1300.0  1020.0     0.0    17.5   48.0   56.0     0 4/3/1/6/1/3           2     0   0.0    0.0    0.0    0.0 1300.0 L 0.00 -
1200    0    0     5 0/12/0/0/0               1300.0  1020.0     0.0    17.5   48.0   56.0     0 4/3/1/6/1/3           2     0   0.0    0.0    0.0    0.0 1300.0 L 0.00 -
1210    0    0     5 0/12/0/0/0               1300.0  1020.0     0.0    17.5   48.0   56.0     0 4/3/1/6/1/3           2     0   0.0    0.0    0.0    0.0 1300.0 L 0.00 -
1220    0    0     5 0/12/0/0/0               1300.0  1020.0     0.0    17.5   48.0   56.0     0 4/3/1/6/1/3           2     0   0.0    0.0    0.0    0.0 1300.0 L 0.00 -
1230    0    0     5 0/12/0/0/0               1300.0  1020.0     0.0    17.5   48.0   56.0     0 4/3/1/6/1/3           2     0   0.0    0.0    0.0    0.0 1300.0 L 0.00 -
1240    0    0     5 0/12/0/0/0               1300.0  1020.0     0.0    17.5   48.0   56.0     0 4/3/1/6/1/3           2     0   0.0    0.0    0.0    0.0 1300.0 L 0.00 -
1250    0    0     5 0/12/0/0/0               1300.0  1020.0     0.0    17.5   48.0   56.0     0 4/3/1/6/1/3           2     0   0.0    0.0    0.0    0.0 1300.0 L 0.00 -
1260    0    0     5 0/12/0/0/0               1300.0  1020.0     0.0    17.5   48.0   56.0     0 4/3/1/6/1/3           2     0   0.0    0.0    0.0    0.0 1300.0 L 0.00 -
1270    0    0     5 0/12/0/0/0               1300.0  1020.0     0.0    17.5   48.0   56.0     0 4/3/1/6/1/3           2     0   0.0    0.0    0.0    0.0 1300.0 L 0.00 -
1280    0    0     5 0/12/0/0/0               1300.0  1020.0     0.0    17.5   48.0   56.0     0 4/3/1/6/1/3           2     0   0.0    0.0    0.0    0.0 1300.0 L 0.00 -
1290    0    0     5 0/12/0/0/0               1300.0  1020.0     0.0    17.5   48.0   56.0     0 4/3/1/6/1/3           2     0   0.0    0.0    0.0    0.0 1300.0 L 0.00 -
1300    0    0     5 0/12/0/0/0               1300.0  1020.0     0.0    17.5   48.0   56.0     0 4/3/1/6/1/3           2     0   0.0    0.0    0.0    0.0 1300.0 L 0.00 -
1310    0    0     5 0/12/0/0/0               1300.0  1020.0     0.0    17.5   48.0   56.0     0 4/3/1/6/1/3           2     0   0.0    0.0    0.0    0.0 1300.0 L 0.00 -
1320    0    0     5 0/12/0/0/0               1300.0  1020.0     0.0    17.5   48.0   56.0     0 4/3/1/6/1/3           2     0   0.0    0.0    0.0    0.0 1300.0 L 0.00 -
1330    0    0     5 0/12/0/0/0               1300.0  1020.0     0.0    17.5   48.0   56.0     0 4/3/1/6/1/3           2     0   0.0    0.0    0.0    0.0 1300.0 L 0.00 -
1340    0    0     5 0/12/0/0/0               1300.0  1020.0     0.0    17.5   48.0   56.0     0 4/3/1/6/1/3           2     0   0.0    0.0    0.0    0.0 1300.0 L 0.00 -
1350    0    0     5 0/12/0/0/0               1300.0  1020.0     0.0    17.5   48.0   56.0     0 4/3/1/6/1/3           2     0   0.0    0.0    0.0    0.0 1300.0 L 0.00 -
1360    0    0     5 0/12/0/0/0               1300.0  1020.0     0.0    17.5   48.0   56.0     0 4/3/1/6/1/3           2     0   0.0    0.0    0.0    0.0 1300.0 L 0.00 -
1370    0    0     5 0/12/0/0/0               1300.0  1020.0     0.0    17.5   48.0   56.0     0 4/3/1/6/1/3           2     0   0.0    0.0    0.0    0.0 1300.0 L 0.00 -
1380    0    0     5 0/12/0/0/0               1300.0  1020.0     0.0    17.5   48.0   56.0     0 4/3/1/6/1/3           2     0   0.0    0.0    0.0    0.0 1300.0 L 0.00 -
1390    0    0     5 0/12/0/0/0               1300.0  1020.0     0.0    17.5   48.0   56.0     0 4/3/1/6/1/3           2     0   0.0    0.0    0.0    0.0 1300.0 L 0.00 -
1400    0    0     5 0/12/0/0/0               1300.0  1020.0     0.0    17.5   48.0   56.0     0 4/3/1/6/1/3           2     0   0.0    0.0    0.0    0.0 1300.0 L 0.00 -
1410    0    0     5 0/12/0/0/0               1300.0  1020.0     0.0    17.5   48.0   56.0     0 4/3/1/6/1/3           2     0   0.0    0.0    0.0    0.0 1300.0 L 0.00 -
1420    0    0     5 0/12/0/0/0               1300.0  1020.0     0.0    17.5   48.0   56.0     0 4/3/1/6/1/3           2     0   0.0    0.0    0.0    0.0 1300.0 L 0.00 -
1430    0    0     5 0/12/0/0/0               1300.0  1020.0     0.0    17.5   48.0   56.0     0 4/3/1/6/1/3           2     0   0.0    0.0    0.0    0.0 1300.0 L 0.00 -
1440    0    0     5 0/12/0/0/0               1300.0  1020.0     0.0    17.5   48.0   56.0     0 4/3/1/6/1/3           2     0   0.0    0.0    0.0    0.0 1300.0 L 0.00 -
1450    0    0     5 0/12/0/0/0               1300.0  1020.0     0.0    17.5   48.0   56.0     0 4/3/1/6/1/3           2     0   0.0    0.0    0.0    0.0 1300.0 L 0.00 -
1460    0    0     5 0/12/0/0/0               1300.0  1020.0     0.0    17.5   48.0   56.0     0 4/3/1/6/1/3           2     0   0.0    0.0    0.0    0.0 1300.0 L 0.00 -
1470    0    0     5 0/12/0/0/0               1300.0  1020.0     0.0    17.5   48.0   56.0     0 4/3/1/6/1/3           2     0   0.0    0.0    0.0    0.0 1300.0 L 0.00 -
1480    0    0     5 0/12/0/0/0               1300.0  1020.0     0.0    17.5   48.0   56.0     0 4/3/1/6/1/3           2     0   0.0    0.0    0.0    0.0 1300.0 L 0.00 -
1490    0    0     5 0/12/0/0/0               1300.0  1020.0     0.0    17.5   48.0   56.0     0 4/3/1/6/1/3           2     0   0.0    0.0    0.0    0.0 1300.0 L 0.00 -
1500    0    0     5 0/12/0/0/0               1300.0  1020.0     0.0    17.5   48.0   56.0     0 4/3/1/6/1/3           2     0   0.0    0.0    0.0    0.0 1300.0 L 0.00 -

targets for seed 2026 (1500 sols):
  T1 FAIL run min pop 0 (needs >= 5), final pop 0
  T2 PASS deaths 12 (air 0 thirst 12 hunger 0 eva 0 other 0), unexplained 0
  T3 PASS births 5, first_birth_sol 285, at_capacity 0, cooldown_violations 0, pop@30=7, pop@100=7, pop@300=12
  T4 PASS min O2 261.5, food 203.1; ice ran dry (pressure): min ice 0.0, ice>30 0.0, thirst deaths 12; max ice/target 0.88, regolith/target 0.87
  T5 FAIL demand>supply 18.68% of steps (<=10), max shorts/sol 1 (<=2), max offline 6907.9 h (<=24.7), first new reactor sol 13 (<=15)
  T6 PASS limited 12398.2 h = 33.52% (>=2% provisional; 4 of 5 seeds), site busy 32.8%; waiting_regolith 760.0 h, site_no_crew 11638.2 h
  T7 PASS turn_backs_air 0, exhausted 227, reachable>=2 at 100.0% of 1500 sol samples (>=95), trips 501
  T8 FAIL row avg energy 0.0..61.1 (40..90), row asleep 0.0..12.0% (5..30), max sleep 8.8 h (<=18)
  T9 N/A  checked by repeating the run and by tests/test_determinism.gd (compare the table sha256)
  T10 FAIL first settlement sol <null> (40..150), age_changes 0 (<=4), min gap between consecutive history entries - (>=20), history 1 entries (changes+1 = 1); report: sols_in_age landing 1500 settlement 0 council 0, age at end landing, changes [], fall back causes [none], not-ok sols 343 (by group, a sol can fail several: ice 22, food 1, oxygen 1, power 280, death 8, unrest 70)
  T11 FAIL (1) list lengths 1501/1501/1501/1501 ok; (2) lonely mean of last 50 readings 0.000 (max 0.35) ok; (3) friends_mean 0.00 (1.0..15.0) BAD; (4) first_friendship_sol 160 ok; (5) lines_dropped (total) 0 ok; report: web 0.00 second 0.00 lonely 0.00 friends_mean 0.00 friends share of colony 0.000 (pop 0)
  T12 PASS (1) list lengths 1501/1501/1501 ok; (2) C2 ok; (3) council changes 0 (<=4) ok; (4) proposals 0 ok; (5) one Council line per boundary ok; report: first Council sol <null>, meetings 0, proposals [], pledge sol <null> reason -, lines {}, dropped 0; council_min_seeds 3 pledge_min_seeds 1
RESULT FAIL (target 9 determinism: table sha256 13ff53d119ff537a)
