Godot Engine v4.5.stable.official.876b29033 - https://godotengine.org

# station zero balance run: seed=42 sols=1500 overrides=[resources.throughput.urgent_redirect=true] fixed_step=0.05 data_hash=583803de95467b3f
# deaths and births are cumulative; shorts, trips, energy, asleep, wait, min_* are for the 30-sol window
 sol  pop  min birth dead a/t/h/o/x           oxygen    food     ice   regol   dmnd   supp short bldg R/H/W/G/A/C  reach trips  avgE asleep%  waitH minIce  minO2 age web cn
  10    7    7     0 0/0/0/0/0                 386.9   296.2    52.3    14.4   13.0   28.0     0 2/1/1/1/0/0           2     5  55.4    9.4  171.4   52.3  261.5 L 1.00 -
  20    7    7     0 0/0/0/0/0                 550.0   420.0    70.7     8.6   16.0   28.0     0 2/2/1/1/0/0           2    13  51.2   11.5  130.7   50.4  386.9 L 1.00 -
  30    7    7     0 0/0/0/0/0                 700.0   540.0    68.6    52.9   18.0   28.0     0 2/2/1/2/0/0           2     9  53.2   11.6  109.1   68.6  549.0 L 1.00 -
  40    7    7     0 0/0/0/0/0                 700.0   540.0    76.5    20.0   21.0   28.0     0 2/3/1/2/0/0           2    11  55.4   11.3   63.8   64.9  698.4 L 1.00 -
  50    7    7     0 0/0/0/0/0                 700.0   540.0    84.6    11.9   23.0   28.0     0 2/3/1/2/0/0           2    10  56.9   11.7  146.8   76.1  699.0 L 1.00 -
  60    7    7     0 0/0/0/0/0                 700.0   540.0    76.5    15.8   24.0   42.0     0 3/3/1/2/0/1           2    12  52.9   11.3   88.6   72.2  699.0 L 0.86 -
  70    7    7     0 0/0/0/0/0                 700.0   540.0    83.7    66.3   24.0   42.0     0 3/3/1/2/0/1           2    12  56.0   11.7   45.0   74.5  699.0 L 0.86 -
  80    7    7     0 0/0/0/0/0                 850.0   660.0    97.3    27.9   28.0   42.0     0 3/3/1/3/0/1           2    10  55.7   11.3  139.6   81.0  699.0 L 0.86 -
  90    7    7     0 0/0/0/0/0                 850.0   660.0   101.0    25.2   30.0   42.0     0 3/3/1/3/0/1           2    11  54.1   10.6  139.4   96.0  849.0 L 0.86 -
 100    7    7     0 0/0/0/0/0                 850.0   660.0    83.7    77.3   30.0   42.0     0 3/3/1/3/0/1           2     8  52.0   10.9  223.3   83.7  849.0 L 0.86 -
 110    7    7     0 0/0/0/0/0                 911.5   704.7    80.7   104.1   32.0   42.0     0 3/3/1/4/0/1           2     8  56.2   11.1  214.8   77.1  849.0 L 0.71 -
 120    7    7     0 0/0/0/0/0                1000.0   780.0    72.5    49.5   34.0   42.0     0 3/3/1/4/0/1           2     4  54.0   10.5   97.3   72.5  911.7 L 0.57 -
 130    7    7     0 0/0/0/0/0                1000.0   780.0    67.4    10.6   38.0   42.0     0 3/3/2/4/0/1           2     8  58.6   11.5  169.8   65.5  999.0 L 0.57 -
 140    7    7     0 0/0/0/0/0                1000.0   780.0    56.2    47.9   40.0   42.0     0 3/3/3/4/0/1           2     8  56.9   11.8  131.2   54.0  999.0 L 0.71 -
 150    7    7     0 0/0/0/0/0                1000.0   780.0    80.3     4.5   42.0   42.0     0 3/3/3/4/0/1           2    10  58.6   10.4   88.5   56.0  999.0 L 0.86 -
 160    7    7     0 0/0/0/0/0                1000.0   780.0    83.8    55.9   40.0   56.0     0 4/3/3/4/0/1           2    10  55.4   12.1  146.9   71.9  999.0 L 0.86 -
 170    7    7     0 0/0/0/0/0                1000.0   780.0    83.1    19.6   42.0   56.0     0 4/3/3/4/0/1           2    12  55.3   10.1  122.1   79.4  999.0 L 0.71 -
 180    7    7     0 0/0/0/0/0                1000.0   780.0    69.5    36.4   42.0   56.0     0 4/3/3/4/0/1           2     3  53.7   11.0  224.8   69.5  999.0 L 0.71 -
 190    7    7     0 0/0/0/0/0                1109.4   858.9    60.2    63.2   44.0   56.0     0 4/3/3/5/0/1           2     7  57.6   11.3  214.6   59.4  999.0 L 0.43 -
 200    7    7     0 0/0/0/0/0                1150.0   900.0    60.6    20.8   46.0   56.0     0 4/3/3/5/0/1           2     9  56.4   11.0  137.0   59.5 1109.7 L 0.57 -
 210    7    7     0 0/0/0/0/0                1150.0   900.0    55.2    43.3   46.0   56.0     0 4/3/3/5/0/1           2     6  55.9   10.9  231.9   55.2 1149.0 L 0.57 -
 220    7    7     0 0/0/0/0/0                1150.0   900.0    55.9    58.7   46.0   56.0     0 4/3/3/5/0/1           2     6  55.6   10.4  240.6   53.3 1149.0 L 0.57 -
 230    7    7     0 0/0/0/0/0                1150.0   900.0    45.2    82.5   46.0   56.0     0 4/3/3/5/0/1           2     6  56.8   10.7  235.6   45.2 1149.0 L 0.29 -
 240    7    7     0 0/0/0/0/0                1150.0   900.0    36.6   103.4   46.0   56.0     0 4/3/3/5/0/1           2     4  53.8   11.2  238.5   36.6 1149.0 L 0.29 -
 250    7    7     0 0/0/0/0/0                1150.0   900.0    24.3   116.0   47.0   56.0     0 4/4/3/5/0/1           2     3  57.8   10.8  231.5   24.3 1149.0 L 0.29 -
 260    7    7     0 0/0/0/0/0                1150.0   900.0    38.4    29.4   49.0   56.0     0 4/4/3/5/0/1           2     7  59.7   11.1   36.8   21.5 1149.0 L 0.29 -
 270    7    7     0 0/0/0/0/0                1150.0   900.0    33.9    38.7   50.0   56.0     0 4/4/3/5/0/2           2     5  57.2   10.9  205.5   33.9 1149.0 L 0.29 -
 280    7    7     0 0/0/0/0/0                1150.0   900.0    61.7    92.1   50.0   56.0     0 4/4/3/5/0/2           2    16  55.3   11.4   60.0   33.4 1149.0 L 0.29 -
 290   12    7     5 0/0/0/0/0                1150.0   900.0    51.0    32.1   52.0   56.0     0 4/4/3/5/1/2           2     8  58.0   10.8  115.0   51.0 1149.0 L 0.50 -
 300   12   12     5 0/0/0/0/0                1150.0   900.0    42.9    16.5   54.0   56.0     0 4/4/3/5/1/2           2    14  59.3   10.9  105.4   33.8 1149.0 L 0.92 -
 310   12   12     5 0/0/0/0/0                1150.0   900.0    46.3    59.8   52.0   70.0     0 5/4/3/5/1/2           2    13  60.9   11.4  139.8   33.6 1149.0 S 0.75 -
 320   13   12     6 0/0/0/0/0                1150.0   900.0    39.3    95.0   52.0   70.0     0 5/4/3/5/1/2           2     9  62.8   11.0   40.0   37.6 1149.0 S 0.92 -
 330   13   13     6 0/0/0/0/0                1150.0   900.0    23.1   122.1   52.0   70.0     0 5/4/3/5/1/2           2     7  62.5   10.5    0.0   23.1 1149.0 S 0.92 -
 340   13   13     6 0/0/0/0/0                1150.0   900.0    36.8   122.1   52.0   70.0     0 5/4/3/5/1/2           2    11  61.4   10.5    0.0   20.6 1149.0 S 0.85 -
 350   13   13     6 0/0/0/0/0                1150.0   900.0    11.1    14.1   54.0   70.0     0 5/4/3/5/1/2           2     2  61.3   10.6  237.2   11.1 1149.0 S 0.92 -
 360    9    9     6 0/4/0/0/0                1150.0   900.0     0.0    14.1   54.0   70.0     0 5/4/3/5/1/2           2     4  59.9   10.1  222.3    0.0 1149.0 S 0.89 -
 370    0    0     6 0/13/0/0/0               1150.0   900.0     0.0    14.1   54.0   70.0     0 5/4/3/5/1/2           2     1  62.5   11.1  246.6    0.0 1149.0 S 0.00 -
 380    0    0     6 0/13/0/0/0               1150.0   900.0     0.0    14.1   54.0   70.0     0 5/4/3/5/1/2           2     0   0.0    0.0  246.6    0.0 1150.0 S 0.00 -
 390    0    0     6 0/13/0/0/0               1150.0   900.0     0.0    14.1   54.0   70.0     0 5/4/3/5/1/2           2     0   0.0    0.0  246.6    0.0 1150.0 S 0.00 -
 400    0    0     6 0/13/0/0/0               1150.0   900.0     0.0    14.1   54.0   70.0     0 5/4/3/5/1/2           2     0   0.0    0.0  246.6    0.0 1150.0 S 0.00 -
 410    0    0     6 0/13/0/0/0               1150.0   900.0     0.0    14.1   54.0   70.0     0 5/4/3/5/1/2           2     0   0.0    0.0  246.6    0.0 1150.0 S 0.00 -
 420    0    0     6 0/13/0/0/0               1150.0   900.0     0.0    14.1   54.0   70.0     0 5/4/3/5/1/2           2     0   0.0    0.0  246.6    0.0 1150.0 S 0.00 -
 430    0    0     6 0/13/0/0/0               1150.0   900.0     0.0    14.1   54.0   70.0     0 5/4/3/5/1/2           2     0   0.0    0.0  246.6    0.0 1150.0 S 0.00 -
 440    0    0     6 0/13/0/0/0               1150.0   900.0     0.0    14.1   54.0   70.0     0 5/4/3/5/1/2           2     0   0.0    0.0  246.6    0.0 1150.0 S 0.00 -
 450    0    0     6 0/13/0/0/0               1150.0   900.0     0.0    14.1   54.0   70.0     0 5/4/3/5/1/2           2     0   0.0    0.0  246.6    0.0 1150.0 S 0.00 -
 460    0    0     6 0/13/0/0/0               1150.0   900.0     0.0    14.1   54.0   70.0     0 5/4/3/5/1/2           2     0   0.0    0.0  246.6    0.0 1150.0 S 0.00 -
 470    0    0     6 0/13/0/0/0               1150.0   900.0     0.0    14.1   54.0   70.0     0 5/4/3/5/1/2           2     0   0.0    0.0  246.6    0.0 1150.0 S 0.00 -
 480    0    0     6 0/13/0/0/0               1150.0   900.0     0.0    14.1   54.0   70.0     0 5/4/3/5/1/2           2     0   0.0    0.0  246.6    0.0 1150.0 S 0.00 -
 490    0    0     6 0/13/0/0/0               1150.0   900.0     0.0    14.1   54.0   70.0     0 5/4/3/5/1/2           2     0   0.0    0.0  246.6    0.0 1150.0 S 0.00 -
 500    0    0     6 0/13/0/0/0               1150.0   900.0     0.0    14.1   54.0   70.0     0 5/4/3/5/1/2           2     0   0.0    0.0  246.6    0.0 1150.0 S 0.00 -
 510    0    0     6 0/13/0/0/0               1150.0   900.0     0.0    14.1   54.0   70.0     0 5/4/3/5/1/2           2     0   0.0    0.0  246.6    0.0 1150.0 S 0.00 -
 520    0    0     6 0/13/0/0/0               1150.0   900.0     0.0    14.1   54.0   70.0     0 5/4/3/5/1/2           2     0   0.0    0.0  246.6    0.0 1150.0 S 0.00 -
 530    0    0     6 0/13/0/0/0               1150.0   900.0     0.0    14.1   54.0   70.0     0 5/4/3/5/1/2           2     0   0.0    0.0  246.6    0.0 1150.0 S 0.00 -
 540    0    0     6 0/13/0/0/0               1150.0   900.0     0.0    14.1   54.0   70.0     0 5/4/3/5/1/2           2     0   0.0    0.0  246.6    0.0 1150.0 S 0.00 -
 550    0    0     6 0/13/0/0/0               1150.0   900.0     0.0    14.1   54.0   70.0     0 5/4/3/5/1/2           2     0   0.0    0.0  246.6    0.0 1150.0 S 0.00 -
 560    0    0     6 0/13/0/0/0               1150.0   900.0     0.0    14.1   54.0   70.0     0 5/4/3/5/1/2           2     0   0.0    0.0  246.6    0.0 1150.0 S 0.00 -
 570    0    0     6 0/13/0/0/0               1150.0   900.0     0.0    14.1   54.0   70.0     0 5/4/3/5/1/2           2     0   0.0    0.0  246.6    0.0 1150.0 S 0.00 -
 580    0    0     6 0/13/0/0/0               1150.0   900.0     0.0    14.1   54.0   70.0     0 5/4/3/5/1/2           2     0   0.0    0.0  246.6    0.0 1150.0 S 0.00 -
 590    0    0     6 0/13/0/0/0               1150.0   900.0     0.0    14.1   54.0   70.0     0 5/4/3/5/1/2           2     0   0.0    0.0  246.6    0.0 1150.0 S 0.00 -
 600    0    0     6 0/13/0/0/0               1150.0   900.0     0.0    14.1   54.0   70.0     0 5/4/3/5/1/2           2     0   0.0    0.0  246.6    0.0 1150.0 S 0.00 -
 610    0    0     6 0/13/0/0/0               1150.0   900.0     0.0    14.1   54.0   70.0     0 5/4/3/5/1/2           2     0   0.0    0.0  246.6    0.0 1150.0 S 0.00 -
 620    0    0     6 0/13/0/0/0               1150.0   900.0     0.0    14.1   54.0   70.0     0 5/4/3/5/1/2           2     0   0.0    0.0  246.6    0.0 1150.0 S 0.00 -
 630    0    0     6 0/13/0/0/0               1150.0   900.0     0.0    14.1   54.0   70.0     0 5/4/3/5/1/2           2     0   0.0    0.0  246.6    0.0 1150.0 S 0.00 -
 640    0    0     6 0/13/0/0/0               1150.0   900.0     0.0    14.1   54.0   70.0     0 5/4/3/5/1/2           2     0   0.0    0.0  246.6    0.0 1150.0 S 0.00 -
 650    0    0     6 0/13/0/0/0               1150.0   900.0     0.0    14.1   54.0   70.0     0 5/4/3/5/1/2           2     0   0.0    0.0  246.6    0.0 1150.0 S 0.00 -
 660    0    0     6 0/13/0/0/0               1150.0   900.0     0.0    14.1   54.0   70.0     0 5/4/3/5/1/2           2     0   0.0    0.0  246.6    0.0 1150.0 S 0.00 -
 670    0    0     6 0/13/0/0/0               1150.0   900.0     0.0    14.1   54.0   70.0     0 5/4/3/5/1/2           2     0   0.0    0.0  246.6    0.0 1150.0 S 0.00 -
 680    0    0     6 0/13/0/0/0               1150.0   900.0     0.0    14.1   54.0   70.0     0 5/4/3/5/1/2           2     0   0.0    0.0  246.6    0.0 1150.0 S 0.00 -
 690    0    0     6 0/13/0/0/0               1150.0   900.0     0.0    14.1   54.0   70.0     0 5/4/3/5/1/2           2     0   0.0    0.0  246.6    0.0 1150.0 S 0.00 -
 700    0    0     6 0/13/0/0/0               1150.0   900.0     0.0    14.1   54.0   70.0     0 5/4/3/5/1/2           2     0   0.0    0.0  246.6    0.0 1150.0 S 0.00 -
 710    0    0     6 0/13/0/0/0               1150.0   900.0     0.0    14.1   54.0   70.0     0 5/4/3/5/1/2           2     0   0.0    0.0  246.6    0.0 1150.0 S 0.00 -
 720    0    0     6 0/13/0/0/0               1150.0   900.0     0.0    14.1   54.0   70.0     0 5/4/3/5/1/2           2     0   0.0    0.0  246.6    0.0 1150.0 S 0.00 -
 730    0    0     6 0/13/0/0/0               1150.0   900.0     0.0    14.1   54.0   70.0     0 5/4/3/5/1/2           2     0   0.0    0.0  246.6    0.0 1150.0 S 0.00 -
 740    0    0     6 0/13/0/0/0               1150.0   900.0     0.0    14.1   54.0   70.0     0 5/4/3/5/1/2           2     0   0.0    0.0  246.6    0.0 1150.0 S 0.00 -
 750    0    0     6 0/13/0/0/0               1150.0   900.0     0.0    14.1   54.0   70.0     0 5/4/3/5/1/2           2     0   0.0    0.0  246.6    0.0 1150.0 S 0.00 -
 760    0    0     6 0/13/0/0/0               1150.0   900.0     0.0    14.1   54.0   70.0     0 5/4/3/5/1/2           2     0   0.0    0.0  246.6    0.0 1150.0 S 0.00 -
 770    0    0     6 0/13/0/0/0               1150.0   900.0     0.0    14.1   54.0   70.0     0 5/4/3/5/1/2           2     0   0.0    0.0  246.6    0.0 1150.0 S 0.00 -
 780    0    0     6 0/13/0/0/0               1150.0   900.0     0.0    14.1   54.0   70.0     0 5/4/3/5/1/2           2     0   0.0    0.0  246.6    0.0 1150.0 S 0.00 -
 790    0    0     6 0/13/0/0/0               1150.0   900.0     0.0    14.1   54.0   70.0     0 5/4/3/5/1/2           2     0   0.0    0.0  246.6    0.0 1150.0 S 0.00 -
 800    0    0     6 0/13/0/0/0               1150.0   900.0     0.0    14.1   54.0   70.0     0 5/4/3/5/1/2           2     0   0.0    0.0  246.6    0.0 1150.0 S 0.00 -
 810    0    0     6 0/13/0/0/0               1150.0   900.0     0.0    14.1   54.0   70.0     0 5/4/3/5/1/2           2     0   0.0    0.0  246.6    0.0 1150.0 S 0.00 -
 820    0    0     6 0/13/0/0/0               1150.0   900.0     0.0    14.1   54.0   70.0     0 5/4/3/5/1/2           2     0   0.0    0.0  246.6    0.0 1150.0 S 0.00 -
 830    0    0     6 0/13/0/0/0               1150.0   900.0     0.0    14.1   54.0   70.0     0 5/4/3/5/1/2           2     0   0.0    0.0  246.6    0.0 1150.0 S 0.00 -
 840    0    0     6 0/13/0/0/0               1150.0   900.0     0.0    14.1   54.0   70.0     0 5/4/3/5/1/2           2     0   0.0    0.0  246.6    0.0 1150.0 S 0.00 -
 850    0    0     6 0/13/0/0/0               1150.0   900.0     0.0    14.1   54.0   70.0     0 5/4/3/5/1/2           2     0   0.0    0.0  246.6    0.0 1150.0 S 0.00 -
 860    0    0     6 0/13/0/0/0               1150.0   900.0     0.0    14.1   54.0   70.0     0 5/4/3/5/1/2           2     0   0.0    0.0  246.6    0.0 1150.0 S 0.00 -
 870    0    0     6 0/13/0/0/0               1150.0   900.0     0.0    14.1   54.0   70.0     0 5/4/3/5/1/2           2     0   0.0    0.0  246.6    0.0 1150.0 S 0.00 -
 880    0    0     6 0/13/0/0/0               1150.0   900.0     0.0    14.1   54.0   70.0     0 5/4/3/5/1/2           2     0   0.0    0.0  246.6    0.0 1150.0 S 0.00 -
 890    0    0     6 0/13/0/0/0               1150.0   900.0     0.0    14.1   54.0   70.0     0 5/4/3/5/1/2           2     0   0.0    0.0  246.6    0.0 1150.0 S 0.00 -
 900    0    0     6 0/13/0/0/0               1150.0   900.0     0.0    14.1   54.0   70.0     0 5/4/3/5/1/2           2     0   0.0    0.0  246.6    0.0 1150.0 S 0.00 -
 910    0    0     6 0/13/0/0/0               1150.0   900.0     0.0    14.1   54.0   70.0     0 5/4/3/5/1/2           2     0   0.0    0.0  246.6    0.0 1150.0 S 0.00 -
 920    0    0     6 0/13/0/0/0               1150.0   900.0     0.0    14.1   54.0   70.0     0 5/4/3/5/1/2           2     0   0.0    0.0  246.6    0.0 1150.0 S 0.00 -
 930    0    0     6 0/13/0/0/0               1150.0   900.0     0.0    14.1   54.0   70.0     0 5/4/3/5/1/2           2     0   0.0    0.0  246.6    0.0 1150.0 S 0.00 -
 940    0    0     6 0/13/0/0/0               1150.0   900.0     0.0    14.1   54.0   70.0     0 5/4/3/5/1/2           2     0   0.0    0.0  246.6    0.0 1150.0 S 0.00 -
 950    0    0     6 0/13/0/0/0               1150.0   900.0     0.0    14.1   54.0   70.0     0 5/4/3/5/1/2           2     0   0.0    0.0  246.6    0.0 1150.0 S 0.00 -
 960    0    0     6 0/13/0/0/0               1150.0   900.0     0.0    14.1   54.0   70.0     0 5/4/3/5/1/2           2     0   0.0    0.0  246.6    0.0 1150.0 S 0.00 -
 970    0    0     6 0/13/0/0/0               1150.0   900.0     0.0    14.1   54.0   70.0     0 5/4/3/5/1/2           2     0   0.0    0.0  246.6    0.0 1150.0 S 0.00 -
 980    0    0     6 0/13/0/0/0               1150.0   900.0     0.0    14.1   54.0   70.0     0 5/4/3/5/1/2           2     0   0.0    0.0  246.6    0.0 1150.0 S 0.00 -
 990    0    0     6 0/13/0/0/0               1150.0   900.0     0.0    14.1   54.0   70.0     0 5/4/3/5/1/2           2     0   0.0    0.0  246.6    0.0 1150.0 S 0.00 -
1000    0    0     6 0/13/0/0/0               1150.0   900.0     0.0    14.1   54.0   70.0     0 5/4/3/5/1/2           2     0   0.0    0.0  246.6    0.0 1150.0 S 0.00 -
1010    0    0     6 0/13/0/0/0               1150.0   900.0     0.0    14.1   54.0   70.0     0 5/4/3/5/1/2           2     0   0.0    0.0  246.6    0.0 1150.0 S 0.00 -
1020    0    0     6 0/13/0/0/0               1150.0   900.0     0.0    14.1   54.0   70.0     0 5/4/3/5/1/2           2     0   0.0    0.0  246.6    0.0 1150.0 S 0.00 -
1030    0    0     6 0/13/0/0/0               1150.0   900.0     0.0    14.1   54.0   70.0     0 5/4/3/5/1/2           2     0   0.0    0.0  246.6    0.0 1150.0 S 0.00 -
1040    0    0     6 0/13/0/0/0               1150.0   900.0     0.0    14.1   54.0   70.0     0 5/4/3/5/1/2           2     0   0.0    0.0  246.6    0.0 1150.0 S 0.00 -
1050    0    0     6 0/13/0/0/0               1150.0   900.0     0.0    14.1   54.0   70.0     0 5/4/3/5/1/2           2     0   0.0    0.0  246.6    0.0 1150.0 S 0.00 -
1060    0    0     6 0/13/0/0/0               1150.0   900.0     0.0    14.1   54.0   70.0     0 5/4/3/5/1/2           2     0   0.0    0.0  246.6    0.0 1150.0 S 0.00 -
1070    0    0     6 0/13/0/0/0               1150.0   900.0     0.0    14.1   54.0   70.0     0 5/4/3/5/1/2           2     0   0.0    0.0  246.6    0.0 1150.0 S 0.00 -
1080    0    0     6 0/13/0/0/0               1150.0   900.0     0.0    14.1   54.0   70.0     0 5/4/3/5/1/2           2     0   0.0    0.0  246.6    0.0 1150.0 S 0.00 -
1090    0    0     6 0/13/0/0/0               1150.0   900.0     0.0    14.1   54.0   70.0     0 5/4/3/5/1/2           2     0   0.0    0.0  246.6    0.0 1150.0 S 0.00 -
1100    0    0     6 0/13/0/0/0               1150.0   900.0     0.0    14.1   54.0   70.0     0 5/4/3/5/1/2           2     0   0.0    0.0  246.6    0.0 1150.0 S 0.00 -
1110    0    0     6 0/13/0/0/0               1150.0   900.0     0.0    14.1   54.0   70.0     0 5/4/3/5/1/2           2     0   0.0    0.0  246.6    0.0 1150.0 S 0.00 -
1120    0    0     6 0/13/0/0/0               1150.0   900.0     0.0    14.1   54.0   70.0     0 5/4/3/5/1/2           2     0   0.0    0.0  246.6    0.0 1150.0 S 0.00 -
1130    0    0     6 0/13/0/0/0               1150.0   900.0     0.0    14.1   54.0   70.0     0 5/4/3/5/1/2           2     0   0.0    0.0  246.6    0.0 1150.0 S 0.00 -
1140    0    0     6 0/13/0/0/0               1150.0   900.0     0.0    14.1   54.0   70.0     0 5/4/3/5/1/2           2     0   0.0    0.0  246.6    0.0 1150.0 S 0.00 -
1150    0    0     6 0/13/0/0/0               1150.0   900.0     0.0    14.1   54.0   70.0     0 5/4/3/5/1/2           2     0   0.0    0.0  246.6    0.0 1150.0 S 0.00 -
1160    0    0     6 0/13/0/0/0               1150.0   900.0     0.0    14.1   54.0   70.0     0 5/4/3/5/1/2           2     0   0.0    0.0  246.6    0.0 1150.0 S 0.00 -
1170    0    0     6 0/13/0/0/0               1150.0   900.0     0.0    14.1   54.0   70.0     0 5/4/3/5/1/2           2     0   0.0    0.0  246.6    0.0 1150.0 S 0.00 -
1180    0    0     6 0/13/0/0/0               1150.0   900.0     0.0    14.1   54.0   70.0     0 5/4/3/5/1/2           2     0   0.0    0.0  246.6    0.0 1150.0 S 0.00 -
1190    0    0     6 0/13/0/0/0               1150.0   900.0     0.0    14.1   54.0   70.0     0 5/4/3/5/1/2           2     0   0.0    0.0  246.6    0.0 1150.0 S 0.00 -
1200    0    0     6 0/13/0/0/0               1150.0   900.0     0.0    14.1   54.0   70.0     0 5/4/3/5/1/2           2     0   0.0    0.0  246.6    0.0 1150.0 S 0.00 -
1210    0    0     6 0/13/0/0/0               1150.0   900.0     0.0    14.1   54.0   70.0     0 5/4/3/5/1/2           2     0   0.0    0.0  246.6    0.0 1150.0 S 0.00 -
1220    0    0     6 0/13/0/0/0               1150.0   900.0     0.0    14.1   54.0   70.0     0 5/4/3/5/1/2           2     0   0.0    0.0  246.6    0.0 1150.0 S 0.00 -
1230    0    0     6 0/13/0/0/0               1150.0   900.0     0.0    14.1   54.0   70.0     0 5/4/3/5/1/2           2     0   0.0    0.0  246.6    0.0 1150.0 S 0.00 -
1240    0    0     6 0/13/0/0/0               1150.0   900.0     0.0    14.1   54.0   70.0     0 5/4/3/5/1/2           2     0   0.0    0.0  246.6    0.0 1150.0 S 0.00 -
1250    0    0     6 0/13/0/0/0               1150.0   900.0     0.0    14.1   54.0   70.0     0 5/4/3/5/1/2           2     0   0.0    0.0  246.6    0.0 1150.0 S 0.00 -
1260    0    0     6 0/13/0/0/0               1150.0   900.0     0.0    14.1   54.0   70.0     0 5/4/3/5/1/2           2     0   0.0    0.0  246.6    0.0 1150.0 S 0.00 -
1270    0    0     6 0/13/0/0/0               1150.0   900.0     0.0    14.1   54.0   70.0     0 5/4/3/5/1/2           2     0   0.0    0.0  246.6    0.0 1150.0 S 0.00 -
1280    0    0     6 0/13/0/0/0               1150.0   900.0     0.0    14.1   54.0   70.0     0 5/4/3/5/1/2           2     0   0.0    0.0  246.6    0.0 1150.0 S 0.00 -
1290    0    0     6 0/13/0/0/0               1150.0   900.0     0.0    14.1   54.0   70.0     0 5/4/3/5/1/2           2     0   0.0    0.0  246.6    0.0 1150.0 S 0.00 -
1300    0    0     6 0/13/0/0/0               1150.0   900.0     0.0    14.1   54.0   70.0     0 5/4/3/5/1/2           2     0   0.0    0.0  246.6    0.0 1150.0 S 0.00 -
1310    0    0     6 0/13/0/0/0               1150.0   900.0     0.0    14.1   54.0   70.0     0 5/4/3/5/1/2           2     0   0.0    0.0  246.6    0.0 1150.0 S 0.00 -
1320    0    0     6 0/13/0/0/0               1150.0   900.0     0.0    14.1   54.0   70.0     0 5/4/3/5/1/2           2     0   0.0    0.0  246.6    0.0 1150.0 S 0.00 -
1330    0    0     6 0/13/0/0/0               1150.0   900.0     0.0    14.1   54.0   70.0     0 5/4/3/5/1/2           2     0   0.0    0.0  246.6    0.0 1150.0 S 0.00 -
1340    0    0     6 0/13/0/0/0               1150.0   900.0     0.0    14.1   54.0   70.0     0 5/4/3/5/1/2           2     0   0.0    0.0  246.6    0.0 1150.0 S 0.00 -
1350    0    0     6 0/13/0/0/0               1150.0   900.0     0.0    14.1   54.0   70.0     0 5/4/3/5/1/2           2     0   0.0    0.0  246.6    0.0 1150.0 S 0.00 -
1360    0    0     6 0/13/0/0/0               1150.0   900.0     0.0    14.1   54.0   70.0     0 5/4/3/5/1/2           2     0   0.0    0.0  246.6    0.0 1150.0 S 0.00 -
1370    0    0     6 0/13/0/0/0               1150.0   900.0     0.0    14.1   54.0   70.0     0 5/4/3/5/1/2           2     0   0.0    0.0  246.6    0.0 1150.0 S 0.00 -
1380    0    0     6 0/13/0/0/0               1150.0   900.0     0.0    14.1   54.0   70.0     0 5/4/3/5/1/2           2     0   0.0    0.0  246.6    0.0 1150.0 S 0.00 -
1390    0    0     6 0/13/0/0/0               1150.0   900.0     0.0    14.1   54.0   70.0     0 5/4/3/5/1/2           2     0   0.0    0.0  246.6    0.0 1150.0 S 0.00 -
1400    0    0     6 0/13/0/0/0               1150.0   900.0     0.0    14.1   54.0   70.0     0 5/4/3/5/1/2           2     0   0.0    0.0  246.6    0.0 1150.0 S 0.00 -
1410    0    0     6 0/13/0/0/0               1150.0   900.0     0.0    14.1   54.0   70.0     0 5/4/3/5/1/2           2     0   0.0    0.0  246.6    0.0 1150.0 S 0.00 -
1420    0    0     6 0/13/0/0/0               1150.0   900.0     0.0    14.1   54.0   70.0     0 5/4/3/5/1/2           2     0   0.0    0.0  246.6    0.0 1150.0 S 0.00 -
1430    0    0     6 0/13/0/0/0               1150.0   900.0     0.0    14.1   54.0   70.0     0 5/4/3/5/1/2           2     0   0.0    0.0  246.6    0.0 1150.0 S 0.00 -
1440    0    0     6 0/13/0/0/0               1150.0   900.0     0.0    14.1   54.0   70.0     0 5/4/3/5/1/2           2     0   0.0    0.0  246.6    0.0 1150.0 S 0.00 -
1450    0    0     6 0/13/0/0/0               1150.0   900.0     0.0    14.1   54.0   70.0     0 5/4/3/5/1/2           2     0   0.0    0.0  246.6    0.0 1150.0 S 0.00 -
1460    0    0     6 0/13/0/0/0               1150.0   900.0     0.0    14.1   54.0   70.0     0 5/4/3/5/1/2           2     0   0.0    0.0  246.6    0.0 1150.0 S 0.00 -
1470    0    0     6 0/13/0/0/0               1150.0   900.0     0.0    14.1   54.0   70.0     0 5/4/3/5/1/2           2     0   0.0    0.0  246.6    0.0 1150.0 S 0.00 -
1480    0    0     6 0/13/0/0/0               1150.0   900.0     0.0    14.1   54.0   70.0     0 5/4/3/5/1/2           2     0   0.0    0.0  246.6    0.0 1150.0 S 0.00 -
1490    0    0     6 0/13/0/0/0               1150.0   900.0     0.0    14.1   54.0   70.0     0 5/4/3/5/1/2           2     0   0.0    0.0  246.6    0.0 1150.0 S 0.00 -
1500    0    0     6 0/13/0/0/0               1150.0   900.0     0.0    14.1   54.0   70.0     0 5/4/3/5/1/2           2     0   0.0    0.0  246.6    0.0 1150.0 S 0.00 -

targets for seed 42 (1500 sols):
  T1 FAIL run min pop 0 (needs >= 5), final pop 0
  T2 PASS deaths 13 (air 0 thirst 13 hunger 0 eva 0 other 0), unexplained 0
  T3 PASS births 6, first_birth_sol 280, at_capacity 0, cooldown_violations 0, pop@30=7, pop@100=7, pop@300=12
  T4 PASS min O2 261.5, food 203.1; ice ran dry (pressure): min ice 0.0, ice>30 0.0, thirst deaths 13; max ice/target 0.91, regolith/target 0.38
  T5 PASS demand>supply 0.00% of steps (<=10), max shorts/sol 0 (<=2), max offline 0.0 h (<=24.7), first new reactor sol 5 (<=15)
  T6 PASS limited 33257.2 h = 89.91% (>=2% provisional; 4 of 5 seeds), site busy 89.7%; waiting_regolith 715.0 h, site_no_crew 32542.2 h
  T7 PASS turn_backs_air 0, exhausted 98, reachable>=2 at 100.0% of 1500 sol samples (>=95), trips 302
  T8 FAIL row avg energy 0.0..62.8 (40..90), row asleep 0.0..12.1% (5..30), max sleep 8.8 h (<=18)
  T9 N/A  checked by repeating the run and by tests/test_determinism.gd (compare the table sha256)
  T10 FAIL first settlement sol 302 (40..150), age_changes 1 (<=4), min gap between consecutive history entries 302 (>=20), history 2 entries (changes+1 = 2); report: sols_in_age landing 302 settlement 1198 council 0, age at end settlement, changes [sol 302 settled], fall back causes [none], not-ok sols 57 (by group, a sol can fail several: ice 13, food 1, oxygen 1, power 0, death 6, unrest 42)
  T11 FAIL (1) list lengths 1501/1501/1501/1501 ok; (2) lonely mean of last 50 readings 0.000 (max 0.35) ok; (3) friends_mean 0.00 (1.0..15.0) BAD; (4) first_friendship_sol 83 ok; (5) lines_dropped (total) 0 ok; report: web 0.00 second 0.00 lonely 0.00 friends_mean 0.00 friends share of colony 0.000 (pop 0)
  T12 PASS (1) list lengths 1501/1501/1501 ok; (2) C2 ok; (3) council changes 0 (<=4) ok; (4) proposals 0 ok; (5) one Council line per boundary ok; report: first Council sol <null>, meetings 0, proposals [], pledge sol <null> reason -, lines {"circles_few":1}, dropped 0; council_min_seeds 3 pledge_min_seeds 1
RESULT FAIL (target 9 determinism: table sha256 953c9227b31e2ed4)
