Godot Engine v4.5.stable.official.876b29033 - https://godotengine.org

# station zero balance run: seed=99 sols=1500 overrides=[resources.throughput.urgent_redirect=true] fixed_step=0.05 data_hash=583803de95467b3f
# deaths and births are cumulative; shorts, trips, energy, asleep, wait, min_* are for the 30-sol window
 sol  pop  min birth dead a/t/h/o/x           oxygen    food     ice   regol   dmnd   supp short bldg R/H/W/G/A/C  reach trips  avgE asleep%  waitH minIce  minO2 age web cn
  10    7    7     0 0/0/0/0/0                 387.9   296.2    51.9    61.0   13.0   14.0     0 1/1/1/1/0/0           2     4  55.9    9.7  205.9   48.9  262.5 L 1.00 -
  20    7    7     0 0/0/0/0/0                 549.6   420.0    44.2    75.5   13.0   28.0     0 2/1/1/1/0/0           2    12  54.0   11.2  181.6   44.2  388.0 L 1.00 -
  30    7    7     0 0/0/0/0/0                 560.9   427.8    47.8    74.0   18.0   28.0     0 2/2/1/2/0/0           2     9  55.5   11.3  156.3   43.1  549.0 L 1.00 -
  40    7    7     0 0/0/0/0/0                 700.0   540.0    62.5    49.7   20.0   28.0     0 2/2/1/2/1/0           2     9  53.3   12.0  125.1   46.6  561.0 L 1.00 -
  50    7    7     0 0/0/0/0/0                 700.0   540.0    67.6    44.7   22.0   28.0     0 2/2/1/2/1/0           2    11  53.7   11.1  159.3   61.5  699.0 L 1.00 -
  60    7    7     0 0/0/0/0/0                 850.0   660.0    92.9    71.2   24.0   28.0     0 2/2/1/3/1/0           2    14  53.8   10.5   41.4   65.3  699.0 L 1.00 -
  70    7    7     0 0/0/0/0/0                 850.0   660.0    92.5    70.6   26.0   28.0     0 2/2/1/3/1/0           2    13  50.2   11.6  179.8   88.7  849.0 L 1.00 -
  80    7    7     0 0/0/0/0/0                 850.0   660.0    85.9   111.7   26.0   28.0     0 2/2/1/3/1/0           2     6  58.8   10.8  246.6   81.6  849.0 L 1.00 -
  90    7    7     0 0/0/0/0/0                 850.0   660.0    78.8   156.5   26.0   28.0     0 2/2/1/3/1/0           2     9  54.0   10.9  231.0   78.8  849.0 L 0.71 -
 100    7    7     0 0/0/0/0/0                 850.0   660.0    65.6   145.9   26.0   42.0     0 3/2/1/3/1/0           2     6  55.8   11.2  221.3   65.6  849.0 L 0.71 -
 110    7    7     0 0/0/0/0/0                1000.0   780.0    54.0    88.4   30.0   42.0     0 3/2/1/4/1/0           2     4  53.6   10.7  222.0   54.0  849.0 L 0.57 -
 120    7    7     0 0/0/0/0/0                1000.0   780.0    56.0   109.1   30.0   42.0     0 3/2/1/4/1/0           2     7  55.7   11.5  227.6   45.4  999.0 L 0.57 -
 130    7    7     0 0/0/0/0/0                1000.0   780.0    43.0   141.1   30.0   42.0     0 3/2/1/4/1/0           2     6  54.4   10.9  231.3   43.0  999.0 L 0.57 -
 140    7    7     0 0/0/0/0/0                1000.0   780.0    49.0    91.2   33.0   42.0     0 3/3/1/4/1/0           2     7  54.3   10.6  214.9   36.8  999.0 L 0.71 -
 150    7    7     0 0/0/0/0/0                1000.0   780.0    50.1   122.1   33.0   42.0     0 3/3/1/4/1/0           2     7  55.4   10.9  239.0   40.0  999.0 L 0.71 -
 160    7    7     0 0/0/0/0/0                1000.0   780.0    43.4   155.1   33.0   42.0     0 3/3/1/4/1/0           2     7  57.3   10.6  230.4   33.1  999.0 L 0.71 -
 170    7    7     0 0/0/0/0/0                1150.0   900.0    42.9    93.8   37.0   42.0     0 3/3/1/5/1/0           2     7  52.7   10.7  190.7   39.6  998.5 L 0.71 -
 180    7    7     0 0/0/0/0/0                1150.0   900.0    41.9   119.1   37.0   42.0     0 3/3/1/5/1/0           2     6  55.8   11.5  217.1   34.6 1149.0 L 0.71 -
 190    7    7     0 0/0/0/0/0                1150.0   900.0    50.2    48.0   40.0   42.0     0 3/3/1/5/2/1           2     9  56.9   10.9  106.4   40.4 1149.0 L 0.57 -
 200    7    7     0 0/0/0/0/0                1150.0   900.0    62.7    74.5   40.0   42.0     0 3/3/1/5/2/1           2     8  59.0   10.7   25.0   50.0 1149.0 L 0.57 -
 210    7    7     0 0/0/0/0/0                1150.0   900.0    71.7    19.8   42.0   42.0     0 3/3/1/5/2/1           2    10  55.5   11.1  103.6   61.8 1149.0 L 0.57 -
 220    7    7     0 0/0/0/0/0                1150.0   900.0    76.7    63.0   42.0   42.0     0 3/3/1/5/2/1           2    10  53.9   11.6  211.4   65.7 1149.0 L 0.43 -
 230    7    7     0 0/0/0/0/0                1150.0   900.0    90.5    94.5   40.0   56.0     0 4/3/1/5/2/1           2     9  55.5   10.8   93.2   72.5 1149.0 L 0.57 -
 240    7    7     0 0/0/0/0/0                1150.0   900.0    77.1    62.8   42.0   56.0     0 4/3/1/5/2/1           2     9  58.7   11.1  218.2   76.1 1149.0 L 0.71 -
 250    7    7     0 0/0/0/0/0                1150.0   900.0    59.8    98.5   42.0   56.0     0 4/3/1/5/2/1           2     5  58.8   10.8  230.2   59.8 1149.0 L 0.71 -
 260    7    7     0 0/0/0/0/0                1150.0   900.0    57.4   106.8   42.0   56.0     0 4/3/1/5/2/1           2     5  56.2   10.8  229.4   57.4 1149.0 L 0.71 -
 270    7    7     0 0/0/0/0/0                1150.0   900.0    56.6    42.7   45.0   56.0     0 4/3/1/5/2/2           2     8  55.7   11.2  183.4   43.6 1149.0 L 0.71 -
 280    7    7     0 0/0/0/0/0                1150.0   900.0    49.1    76.0   45.0   56.0     0 4/3/1/5/2/2           2     8  56.9   10.7  246.6   47.0 1149.0 L 0.71 -
 290    7    7     0 0/0/0/0/0                1150.0   900.0    50.3   124.3   45.0   56.0     0 4/3/1/5/2/2           2    10  53.9   11.5  246.6   47.6 1149.0 L 0.71 -
 300   11    7     4 0/0/0/0/0                1150.0   900.0    48.7   138.4   45.0   56.0     0 4/3/1/5/2/2           2     6  58.9   10.0  246.6   43.9 1149.0 L 0.82 -
 310   12   11     5 0/0/0/0/0                1150.0   900.0    31.1   172.2   45.0   56.0     0 4/3/1/5/2/2           2     9  58.6   10.9  246.6   31.1 1149.0 S 1.00 -
 320   12   12     5 0/0/0/0/0                1150.0   900.0    20.3   172.2   45.0   56.0     0 4/3/1/5/2/2           2     4  58.6   10.7  241.6   18.5 1149.0 S 0.92 -
 330   12   12     5 0/0/0/0/0                1150.0   900.0    16.5   172.2   45.0   56.0     0 4/3/1/5/2/2           2     6  59.1   10.4  246.6   12.1 1149.0 S 0.92 -
 340   12   12     5 0/0/0/0/0                1150.0   900.0     2.8   172.2   45.0   56.0     0 4/3/1/5/2/2           2     4  60.2   10.4  246.6    2.6 1149.0 S 0.83 -
 350    6    6     5 0/6/0/0/0                1150.0   900.0     0.1   172.2   45.0   56.0     0 4/3/1/5/2/2           2     2  56.4   11.1  243.7    0.0 1149.0 S 0.67 -
 360    1    1     5 0/11/0/0/0               1150.0   900.0     4.6   172.2   45.0   56.0     0 4/3/1/5/2/2           2     2  55.7    8.2  246.6    0.0 1149.0 L 1.00 -
 370    1    1     5 0/11/0/0/0               1150.0   900.0     4.7   172.2   45.0   56.0     0 4/3/1/5/2/2           2     1  50.2   12.4  246.6    2.8 1149.0 L 1.00 -
 380    1    1     5 0/11/0/0/0               1150.0   900.0     6.8   172.2   45.0   56.0     0 4/3/1/5/2/2           2     1  58.9   10.1  246.6    3.1 1149.0 L 1.00 -
 390    1    1     5 0/11/0/0/0               1150.0   900.0    12.2   172.2   45.0   56.0     0 4/3/1/5/2/2           2     2  49.4    9.4  246.6    5.9 1149.0 L 1.00 -
 400    1    1     5 0/11/0/0/0               1150.0   900.0    13.2   172.2   45.0   56.0     0 4/3/1/5/2/2           2     1  49.0   10.4  246.6    9.7 1149.0 L 1.00 -
 410    2    1     6 0/11/0/0/0               1150.0   900.0     9.6   172.2   45.0   56.0     0 4/3/1/5/2/2           2     0  62.0   11.7  246.6    9.6 1150.0 L 1.00 -
 420    2    2     6 0/11/0/0/0               1150.0   900.0    12.7   172.2   45.0   56.0     0 4/3/1/5/2/2           2     2  61.6    9.1  246.6    9.0 1149.0 L 1.00 -
 430    2    2     6 0/11/0/0/0               1150.0   900.0     7.7   172.2   45.0   56.0     0 4/3/1/5/2/2           2     1  64.3   11.1  246.6    7.7 1149.0 L 1.00 -
 440    2    2     6 0/11/0/0/0               1150.0   900.0     8.1   172.2   45.0   56.0     0 4/3/1/5/2/2           2     1  59.9   10.7  246.6    7.7 1149.0 L 1.00 -
 450    2    2     6 0/11/0/0/0               1150.0   900.0     3.1   172.2   45.0   56.0     0 4/3/1/5/2/2           2     1  57.2   10.5  246.6    3.1 1149.0 L 0.50 -
 460    2    2     6 0/11/0/0/0               1150.0   900.0     2.3   172.2   45.0   56.0     0 4/3/1/5/2/2           2     1  57.5   10.3  246.6    1.3 1149.0 L 1.00 -
 470    0    0     6 0/13/0/0/0               1150.0   900.0     0.0   172.2   45.0   56.0     0 4/3/1/5/2/2           2     0  60.4   10.5  246.6    0.0 1150.0 L 0.00 -
 480    0    0     6 0/13/0/0/0               1150.0   900.0     0.0   172.2   45.0   56.0     0 4/3/1/5/2/2           2     0   0.0    0.0  246.6    0.0 1150.0 L 0.00 -
 490    0    0     6 0/13/0/0/0               1150.0   900.0     0.0   172.2   45.0   56.0     0 4/3/1/5/2/2           2     0   0.0    0.0  246.6    0.0 1150.0 L 0.00 -
 500    0    0     6 0/13/0/0/0               1150.0   900.0     0.0   172.2   45.0   56.0     0 4/3/1/5/2/2           2     0   0.0    0.0  246.6    0.0 1150.0 L 0.00 -
 510    0    0     6 0/13/0/0/0               1150.0   900.0     0.0   172.2   45.0   56.0     0 4/3/1/5/2/2           2     0   0.0    0.0  246.6    0.0 1150.0 L 0.00 -
 520    0    0     6 0/13/0/0/0               1150.0   900.0     0.0   172.2   45.0   56.0     0 4/3/1/5/2/2           2     0   0.0    0.0  246.6    0.0 1150.0 L 0.00 -
 530    0    0     6 0/13/0/0/0               1150.0   900.0     0.0   172.2   45.0   56.0     0 4/3/1/5/2/2           2     0   0.0    0.0  246.6    0.0 1150.0 L 0.00 -
 540    0    0     6 0/13/0/0/0               1150.0   900.0     0.0   172.2   45.0   56.0     0 4/3/1/5/2/2           2     0   0.0    0.0  246.6    0.0 1150.0 L 0.00 -
 550    0    0     6 0/13/0/0/0               1150.0   900.0     0.0   172.2   45.0   56.0     0 4/3/1/5/2/2           2     0   0.0    0.0  246.6    0.0 1150.0 L 0.00 -
 560    0    0     6 0/13/0/0/0               1150.0   900.0     0.0   172.2   45.0   56.0     0 4/3/1/5/2/2           2     0   0.0    0.0  246.6    0.0 1150.0 L 0.00 -
 570    0    0     6 0/13/0/0/0               1150.0   900.0     0.0   172.2   45.0   56.0     0 4/3/1/5/2/2           2     0   0.0    0.0  246.6    0.0 1150.0 L 0.00 -
 580    0    0     6 0/13/0/0/0               1150.0   900.0     0.0   172.2   45.0   56.0     0 4/3/1/5/2/2           2     0   0.0    0.0  246.6    0.0 1150.0 L 0.00 -
 590    0    0     6 0/13/0/0/0               1150.0   900.0     0.0   172.2   45.0   56.0     0 4/3/1/5/2/2           2     0   0.0    0.0  246.6    0.0 1150.0 L 0.00 -
 600    0    0     6 0/13/0/0/0               1150.0   900.0     0.0   172.2   45.0   56.0     0 4/3/1/5/2/2           2     0   0.0    0.0  246.6    0.0 1150.0 L 0.00 -
 610    0    0     6 0/13/0/0/0               1150.0   900.0     0.0   172.2   45.0   56.0     0 4/3/1/5/2/2           2     0   0.0    0.0  246.6    0.0 1150.0 L 0.00 -
 620    0    0     6 0/13/0/0/0               1150.0   900.0     0.0   172.2   45.0   56.0     0 4/3/1/5/2/2           2     0   0.0    0.0  246.6    0.0 1150.0 L 0.00 -
 630    0    0     6 0/13/0/0/0               1150.0   900.0     0.0   172.2   45.0   56.0     0 4/3/1/5/2/2           2     0   0.0    0.0  246.6    0.0 1150.0 L 0.00 -
 640    0    0     6 0/13/0/0/0               1150.0   900.0     0.0   172.2   45.0   56.0     0 4/3/1/5/2/2           2     0   0.0    0.0  246.6    0.0 1150.0 L 0.00 -
 650    0    0     6 0/13/0/0/0               1150.0   900.0     0.0   172.2   45.0   56.0     0 4/3/1/5/2/2           2     0   0.0    0.0  246.6    0.0 1150.0 L 0.00 -
 660    0    0     6 0/13/0/0/0               1150.0   900.0     0.0   172.2   45.0   56.0     0 4/3/1/5/2/2           2     0   0.0    0.0  246.6    0.0 1150.0 L 0.00 -
 670    0    0     6 0/13/0/0/0               1150.0   900.0     0.0   172.2   45.0   56.0     0 4/3/1/5/2/2           2     0   0.0    0.0  246.6    0.0 1150.0 L 0.00 -
 680    0    0     6 0/13/0/0/0               1150.0   900.0     0.0   172.2   45.0   56.0     0 4/3/1/5/2/2           2     0   0.0    0.0  246.6    0.0 1150.0 L 0.00 -
 690    0    0     6 0/13/0/0/0               1150.0   900.0     0.0   172.2   45.0   56.0     0 4/3/1/5/2/2           2     0   0.0    0.0  246.6    0.0 1150.0 L 0.00 -
 700    0    0     6 0/13/0/0/0               1150.0   900.0     0.0   172.2   45.0   56.0     0 4/3/1/5/2/2           2     0   0.0    0.0  246.6    0.0 1150.0 L 0.00 -
 710    0    0     6 0/13/0/0/0               1150.0   900.0     0.0   172.2   45.0   56.0     0 4/3/1/5/2/2           2     0   0.0    0.0  246.6    0.0 1150.0 L 0.00 -
 720    0    0     6 0/13/0/0/0               1150.0   900.0     0.0   172.2   45.0   56.0     0 4/3/1/5/2/2           2     0   0.0    0.0  246.6    0.0 1150.0 L 0.00 -
 730    0    0     6 0/13/0/0/0               1150.0   900.0     0.0   172.2   45.0   56.0     0 4/3/1/5/2/2           2     0   0.0    0.0  246.6    0.0 1150.0 L 0.00 -
 740    0    0     6 0/13/0/0/0               1150.0   900.0     0.0   172.2   45.0   56.0     0 4/3/1/5/2/2           2     0   0.0    0.0  246.6    0.0 1150.0 L 0.00 -
 750    0    0     6 0/13/0/0/0               1150.0   900.0     0.0   172.2   45.0   56.0     0 4/3/1/5/2/2           2     0   0.0    0.0  246.6    0.0 1150.0 L 0.00 -
 760    0    0     6 0/13/0/0/0               1150.0   900.0     0.0   172.2   45.0   56.0     0 4/3/1/5/2/2           2     0   0.0    0.0  246.6    0.0 1150.0 L 0.00 -
 770    0    0     6 0/13/0/0/0               1150.0   900.0     0.0   172.2   45.0   56.0     0 4/3/1/5/2/2           2     0   0.0    0.0  246.6    0.0 1150.0 L 0.00 -
 780    0    0     6 0/13/0/0/0               1150.0   900.0     0.0   172.2   45.0   56.0     0 4/3/1/5/2/2           2     0   0.0    0.0  246.6    0.0 1150.0 L 0.00 -
 790    0    0     6 0/13/0/0/0               1150.0   900.0     0.0   172.2   45.0   56.0     0 4/3/1/5/2/2           2     0   0.0    0.0  246.6    0.0 1150.0 L 0.00 -
 800    0    0     6 0/13/0/0/0               1150.0   900.0     0.0   172.2   45.0   56.0     0 4/3/1/5/2/2           2     0   0.0    0.0  246.6    0.0 1150.0 L 0.00 -
 810    0    0     6 0/13/0/0/0               1150.0   900.0     0.0   172.2   45.0   56.0     0 4/3/1/5/2/2           2     0   0.0    0.0  246.6    0.0 1150.0 L 0.00 -
 820    0    0     6 0/13/0/0/0               1150.0   900.0     0.0   172.2   45.0   56.0     0 4/3/1/5/2/2           2     0   0.0    0.0  246.6    0.0 1150.0 L 0.00 -
 830    0    0     6 0/13/0/0/0               1150.0   900.0     0.0   172.2   45.0   56.0     0 4/3/1/5/2/2           2     0   0.0    0.0  246.6    0.0 1150.0 L 0.00 -
 840    0    0     6 0/13/0/0/0               1150.0   900.0     0.0   172.2   45.0   56.0     0 4/3/1/5/2/2           2     0   0.0    0.0  246.6    0.0 1150.0 L 0.00 -
 850    0    0     6 0/13/0/0/0               1150.0   900.0     0.0   172.2   45.0   56.0     0 4/3/1/5/2/2           2     0   0.0    0.0  246.6    0.0 1150.0 L 0.00 -
 860    0    0     6 0/13/0/0/0               1150.0   900.0     0.0   172.2   45.0   56.0     0 4/3/1/5/2/2           2     0   0.0    0.0  246.6    0.0 1150.0 L 0.00 -
 870    0    0     6 0/13/0/0/0               1150.0   900.0     0.0   172.2   45.0   56.0     0 4/3/1/5/2/2           2     0   0.0    0.0  246.6    0.0 1150.0 L 0.00 -
 880    0    0     6 0/13/0/0/0               1150.0   900.0     0.0   172.2   45.0   56.0     0 4/3/1/5/2/2           2     0   0.0    0.0  246.6    0.0 1150.0 L 0.00 -
 890    0    0     6 0/13/0/0/0               1150.0   900.0     0.0   172.2   45.0   56.0     0 4/3/1/5/2/2           2     0   0.0    0.0  246.6    0.0 1150.0 L 0.00 -
 900    0    0     6 0/13/0/0/0               1150.0   900.0     0.0   172.2   45.0   56.0     0 4/3/1/5/2/2           2     0   0.0    0.0  246.6    0.0 1150.0 L 0.00 -
 910    0    0     6 0/13/0/0/0               1150.0   900.0     0.0   172.2   45.0   56.0     0 4/3/1/5/2/2           2     0   0.0    0.0  246.6    0.0 1150.0 L 0.00 -
 920    0    0     6 0/13/0/0/0               1150.0   900.0     0.0   172.2   45.0   56.0     0 4/3/1/5/2/2           2     0   0.0    0.0  246.6    0.0 1150.0 L 0.00 -
 930    0    0     6 0/13/0/0/0               1150.0   900.0     0.0   172.2   45.0   56.0     0 4/3/1/5/2/2           2     0   0.0    0.0  246.6    0.0 1150.0 L 0.00 -
 940    0    0     6 0/13/0/0/0               1150.0   900.0     0.0   172.2   45.0   56.0     0 4/3/1/5/2/2           2     0   0.0    0.0  246.6    0.0 1150.0 L 0.00 -
 950    0    0     6 0/13/0/0/0               1150.0   900.0     0.0   172.2   45.0   56.0     0 4/3/1/5/2/2           2     0   0.0    0.0  246.6    0.0 1150.0 L 0.00 -
 960    0    0     6 0/13/0/0/0               1150.0   900.0     0.0   172.2   45.0   56.0     0 4/3/1/5/2/2           2     0   0.0    0.0  246.6    0.0 1150.0 L 0.00 -
 970    0    0     6 0/13/0/0/0               1150.0   900.0     0.0   172.2   45.0   56.0     0 4/3/1/5/2/2           2     0   0.0    0.0  246.6    0.0 1150.0 L 0.00 -
 980    0    0     6 0/13/0/0/0               1150.0   900.0     0.0   172.2   45.0   56.0     0 4/3/1/5/2/2           2     0   0.0    0.0  246.6    0.0 1150.0 L 0.00 -
 990    0    0     6 0/13/0/0/0               1150.0   900.0     0.0   172.2   45.0   56.0     0 4/3/1/5/2/2           2     0   0.0    0.0  246.6    0.0 1150.0 L 0.00 -
1000    0    0     6 0/13/0/0/0               1150.0   900.0     0.0   172.2   45.0   56.0     0 4/3/1/5/2/2           2     0   0.0    0.0  246.6    0.0 1150.0 L 0.00 -
1010    0    0     6 0/13/0/0/0               1150.0   900.0     0.0   172.2   45.0   56.0     0 4/3/1/5/2/2           2     0   0.0    0.0  246.6    0.0 1150.0 L 0.00 -
1020    0    0     6 0/13/0/0/0               1150.0   900.0     0.0   172.2   45.0   56.0     0 4/3/1/5/2/2           2     0   0.0    0.0  246.6    0.0 1150.0 L 0.00 -
1030    0    0     6 0/13/0/0/0               1150.0   900.0     0.0   172.2   45.0   56.0     0 4/3/1/5/2/2           2     0   0.0    0.0  246.6    0.0 1150.0 L 0.00 -
1040    0    0     6 0/13/0/0/0               1150.0   900.0     0.0   172.2   45.0   56.0     0 4/3/1/5/2/2           2     0   0.0    0.0  246.6    0.0 1150.0 L 0.00 -
1050    0    0     6 0/13/0/0/0               1150.0   900.0     0.0   172.2   45.0   56.0     0 4/3/1/5/2/2           2     0   0.0    0.0  246.6    0.0 1150.0 L 0.00 -
1060    0    0     6 0/13/0/0/0               1150.0   900.0     0.0   172.2   45.0   56.0     0 4/3/1/5/2/2           2     0   0.0    0.0  246.6    0.0 1150.0 L 0.00 -
1070    0    0     6 0/13/0/0/0               1150.0   900.0     0.0   172.2   45.0   56.0     0 4/3/1/5/2/2           2     0   0.0    0.0  246.6    0.0 1150.0 L 0.00 -
1080    0    0     6 0/13/0/0/0               1150.0   900.0     0.0   172.2   45.0   56.0     0 4/3/1/5/2/2           2     0   0.0    0.0  246.6    0.0 1150.0 L 0.00 -
1090    0    0     6 0/13/0/0/0               1150.0   900.0     0.0   172.2   45.0   56.0     0 4/3/1/5/2/2           2     0   0.0    0.0  246.6    0.0 1150.0 L 0.00 -
1100    0    0     6 0/13/0/0/0               1150.0   900.0     0.0   172.2   45.0   56.0     0 4/3/1/5/2/2           2     0   0.0    0.0  246.6    0.0 1150.0 L 0.00 -
1110    0    0     6 0/13/0/0/0               1150.0   900.0     0.0   172.2   45.0   56.0     0 4/3/1/5/2/2           2     0   0.0    0.0  246.6    0.0 1150.0 L 0.00 -
1120    0    0     6 0/13/0/0/0               1150.0   900.0     0.0   172.2   45.0   56.0     0 4/3/1/5/2/2           2     0   0.0    0.0  246.6    0.0 1150.0 L 0.00 -
1130    0    0     6 0/13/0/0/0               1150.0   900.0     0.0   172.2   45.0   56.0     0 4/3/1/5/2/2           2     0   0.0    0.0  246.6    0.0 1150.0 L 0.00 -
1140    0    0     6 0/13/0/0/0               1150.0   900.0     0.0   172.2   45.0   56.0     0 4/3/1/5/2/2           2     0   0.0    0.0  246.6    0.0 1150.0 L 0.00 -
1150    0    0     6 0/13/0/0/0               1150.0   900.0     0.0   172.2   45.0   56.0     0 4/3/1/5/2/2           2     0   0.0    0.0  246.6    0.0 1150.0 L 0.00 -
1160    0    0     6 0/13/0/0/0               1150.0   900.0     0.0   172.2   45.0   56.0     0 4/3/1/5/2/2           2     0   0.0    0.0  246.6    0.0 1150.0 L 0.00 -
1170    0    0     6 0/13/0/0/0               1150.0   900.0     0.0   172.2   45.0   56.0     0 4/3/1/5/2/2           2     0   0.0    0.0  246.6    0.0 1150.0 L 0.00 -
1180    0    0     6 0/13/0/0/0               1150.0   900.0     0.0   172.2   45.0   56.0     0 4/3/1/5/2/2           2     0   0.0    0.0  246.6    0.0 1150.0 L 0.00 -
1190    0    0     6 0/13/0/0/0               1150.0   900.0     0.0   172.2   45.0   56.0     0 4/3/1/5/2/2           2     0   0.0    0.0  246.6    0.0 1150.0 L 0.00 -
1200    0    0     6 0/13/0/0/0               1150.0   900.0     0.0   172.2   45.0   56.0     0 4/3/1/5/2/2           2     0   0.0    0.0  246.6    0.0 1150.0 L 0.00 -
1210    0    0     6 0/13/0/0/0               1150.0   900.0     0.0   172.2   45.0   56.0     0 4/3/1/5/2/2           2     0   0.0    0.0  246.6    0.0 1150.0 L 0.00 -
1220    0    0     6 0/13/0/0/0               1150.0   900.0     0.0   172.2   45.0   56.0     0 4/3/1/5/2/2           2     0   0.0    0.0  246.6    0.0 1150.0 L 0.00 -
1230    0    0     6 0/13/0/0/0               1150.0   900.0     0.0   172.2   45.0   56.0     0 4/3/1/5/2/2           2     0   0.0    0.0  246.6    0.0 1150.0 L 0.00 -
1240    0    0     6 0/13/0/0/0               1150.0   900.0     0.0   172.2   45.0   56.0     0 4/3/1/5/2/2           2     0   0.0    0.0  246.6    0.0 1150.0 L 0.00 -
1250    0    0     6 0/13/0/0/0               1150.0   900.0     0.0   172.2   45.0   56.0     0 4/3/1/5/2/2           2     0   0.0    0.0  246.6    0.0 1150.0 L 0.00 -
1260    0    0     6 0/13/0/0/0               1150.0   900.0     0.0   172.2   45.0   56.0     0 4/3/1/5/2/2           2     0   0.0    0.0  246.6    0.0 1150.0 L 0.00 -
1270    0    0     6 0/13/0/0/0               1150.0   900.0     0.0   172.2   45.0   56.0     0 4/3/1/5/2/2           2     0   0.0    0.0  246.6    0.0 1150.0 L 0.00 -
1280    0    0     6 0/13/0/0/0               1150.0   900.0     0.0   172.2   45.0   56.0     0 4/3/1/5/2/2           2     0   0.0    0.0  246.6    0.0 1150.0 L 0.00 -
1290    0    0     6 0/13/0/0/0               1150.0   900.0     0.0   172.2   45.0   56.0     0 4/3/1/5/2/2           2     0   0.0    0.0  246.6    0.0 1150.0 L 0.00 -
1300    0    0     6 0/13/0/0/0               1150.0   900.0     0.0   172.2   45.0   56.0     0 4/3/1/5/2/2           2     0   0.0    0.0  246.6    0.0 1150.0 L 0.00 -
1310    0    0     6 0/13/0/0/0               1150.0   900.0     0.0   172.2   45.0   56.0     0 4/3/1/5/2/2           2     0   0.0    0.0  246.6    0.0 1150.0 L 0.00 -
1320    0    0     6 0/13/0/0/0               1150.0   900.0     0.0   172.2   45.0   56.0     0 4/3/1/5/2/2           2     0   0.0    0.0  246.6    0.0 1150.0 L 0.00 -
1330    0    0     6 0/13/0/0/0               1150.0   900.0     0.0   172.2   45.0   56.0     0 4/3/1/5/2/2           2     0   0.0    0.0  246.6    0.0 1150.0 L 0.00 -
1340    0    0     6 0/13/0/0/0               1150.0   900.0     0.0   172.2   45.0   56.0     0 4/3/1/5/2/2           2     0   0.0    0.0  246.6    0.0 1150.0 L 0.00 -
1350    0    0     6 0/13/0/0/0               1150.0   900.0     0.0   172.2   45.0   56.0     0 4/3/1/5/2/2           2     0   0.0    0.0  246.6    0.0 1150.0 L 0.00 -
1360    0    0     6 0/13/0/0/0               1150.0   900.0     0.0   172.2   45.0   56.0     0 4/3/1/5/2/2           2     0   0.0    0.0  246.6    0.0 1150.0 L 0.00 -
1370    0    0     6 0/13/0/0/0               1150.0   900.0     0.0   172.2   45.0   56.0     0 4/3/1/5/2/2           2     0   0.0    0.0  246.6    0.0 1150.0 L 0.00 -
1380    0    0     6 0/13/0/0/0               1150.0   900.0     0.0   172.2   45.0   56.0     0 4/3/1/5/2/2           2     0   0.0    0.0  246.6    0.0 1150.0 L 0.00 -
1390    0    0     6 0/13/0/0/0               1150.0   900.0     0.0   172.2   45.0   56.0     0 4/3/1/5/2/2           2     0   0.0    0.0  246.6    0.0 1150.0 L 0.00 -
1400    0    0     6 0/13/0/0/0               1150.0   900.0     0.0   172.2   45.0   56.0     0 4/3/1/5/2/2           2     0   0.0    0.0  246.6    0.0 1150.0 L 0.00 -
1410    0    0     6 0/13/0/0/0               1150.0   900.0     0.0   172.2   45.0   56.0     0 4/3/1/5/2/2           2     0   0.0    0.0  246.6    0.0 1150.0 L 0.00 -
1420    0    0     6 0/13/0/0/0               1150.0   900.0     0.0   172.2   45.0   56.0     0 4/3/1/5/2/2           2     0   0.0    0.0  246.6    0.0 1150.0 L 0.00 -
1430    0    0     6 0/13/0/0/0               1150.0   900.0     0.0   172.2   45.0   56.0     0 4/3/1/5/2/2           2     0   0.0    0.0  246.6    0.0 1150.0 L 0.00 -
1440    0    0     6 0/13/0/0/0               1150.0   900.0     0.0   172.2   45.0   56.0     0 4/3/1/5/2/2           2     0   0.0    0.0  246.6    0.0 1150.0 L 0.00 -
1450    0    0     6 0/13/0/0/0               1150.0   900.0     0.0   172.2   45.0   56.0     0 4/3/1/5/2/2           2     0   0.0    0.0  246.6    0.0 1150.0 L 0.00 -
1460    0    0     6 0/13/0/0/0               1150.0   900.0     0.0   172.2   45.0   56.0     0 4/3/1/5/2/2           2     0   0.0    0.0  246.6    0.0 1150.0 L 0.00 -
1470    0    0     6 0/13/0/0/0               1150.0   900.0     0.0   172.2   45.0   56.0     0 4/3/1/5/2/2           2     0   0.0    0.0  246.6    0.0 1150.0 L 0.00 -
1480    0    0     6 0/13/0/0/0               1150.0   900.0     0.0   172.2   45.0   56.0     0 4/3/1/5/2/2           2     0   0.0    0.0  246.6    0.0 1150.0 L 0.00 -
1490    0    0     6 0/13/0/0/0               1150.0   900.0     0.0   172.2   45.0   56.0     0 4/3/1/5/2/2           2     0   0.0    0.0  246.6    0.0 1150.0 L 0.00 -
1500    0    0     6 0/13/0/0/0               1150.0   900.0     0.0   172.2   45.0   56.0     0 4/3/1/5/2/2           2     0   0.0    0.0  246.6    0.0 1150.0 L 0.00 -

targets for seed 99 (1500 sols):
  T1 FAIL run min pop 0 (needs >= 5), final pop 0
  T2 PASS deaths 13 (air 0 thirst 13 hunger 0 eva 0 other 0), unexplained 0
  T3 PASS births 6, first_birth_sol 292, at_capacity 0, cooldown_violations 0, pop@30=7, pop@100=7, pop@300=11
  T4 PASS min O2 262.5, food 203.1; ice ran dry (pressure): min ice 0.0, ice>30 0.0, thirst deaths 13; max ice/target 0.83, regolith/target 0.68
  T5 PASS demand>supply 0.00% of steps (<=10), max shorts/sol 0 (<=2), max offline 0.0 h (<=24.7), first new reactor sol 11 (<=15)
  T6 PASS limited 35245.1 h = 95.28% (>=2% provisional; 4 of 5 seeds), site busy 96.3%; waiting_regolith 115.0 h, site_no_crew 35130.1 h
  T7 PASS turn_backs_air 0, exhausted 99, reachable>=2 at 100.0% of 1500 sol samples (>=95), trips 279
  T8 FAIL row avg energy 0.0..64.3 (40..90), row asleep 0.0..12.4% (5..30), max sleep 8.8 h (<=18)
  T9 N/A  checked by repeating the run and by tests/test_determinism.gd (compare the table sha256)
  T10 FAIL first settlement sol 309 (40..150), age_changes 2 (<=4), min gap between consecutive history entries 45 (>=20), history 3 entries (changes+1 = 3); report: sols_in_age landing 1455 settlement 45 council 0, age at end landing, changes [sol 309 settled; sol 354 fell_back (cause ice)], fall back causes [sol 354 ice], not-ok sols 87 (by group, a sol can fail several: ice 18, food 1, oxygen 1, power 0, death 7, unrest 70)
  T11 FAIL (1) list lengths 1501/1501/1501/1501 ok; (2) lonely mean of last 50 readings 0.000 (max 0.35) ok; (3) friends_mean 0.00 (1.0..15.0) BAD; (4) first_friendship_sol 137 ok; (5) lines_dropped (total) 0 ok; report: web 0.00 second 0.00 lonely 0.00 friends_mean 0.00 friends share of colony 0.000 (pop 0)
  T12 PASS (1) list lengths 1501/1501/1501 ok; (2) C2 ok; (3) council changes 0 (<=4) ok; (4) proposals 0 ok; (5) one Council line per boundary ok; report: first Council sol <null>, meetings 0, proposals [], pledge sol <null> reason -, lines {}, dropped 0; council_min_seeds 3 pledge_min_seeds 1
RESULT FAIL (target 9 determinism: table sha256 735790ccf941d17d)
