Godot Engine v4.5.stable.official.876b29033 - https://godotengine.org

# station zero balance run: seed=1234 sols=1500 overrides=[resources.throughput.launch_energy_min=45.0] fixed_step=0.05 data_hash=273e69b8552a0e2d
# deaths and births are cumulative; shorts, trips, energy, asleep, wait, min_* are for the 30-sol window
 sol  pop  min birth dead a/t/h/o/x           oxygen    food     ice   regol   dmnd   supp short bldg R/H/W/G/A/C  reach trips  avgE asleep%  waitH minIce  minO2 age web cn
  10    7    7     0 0/0/0/0/0                 386.9   296.2    63.2    63.1   11.0   28.0     0 2/1/1/1/0/0           2     6  52.7   10.4  172.0   57.4  263.5 L 1.00 -
  20    7    7     0 0/0/0/0/0                 550.0   420.0    70.0     0.1   16.0   28.0     0 2/2/1/1/0/0           2    10  54.0   11.1  194.6   60.7  387.0 L 1.00 -
  30    7    7     0 0/0/0/0/0                 550.0   420.0    70.2    24.1   16.0   28.0     0 2/2/1/1/1/0           2     8  56.6   10.7  127.7   64.4  549.0 L 1.00 -
  40    7    7     0 0/0/0/0/0                 550.0   420.0    70.8    23.8   19.0   28.0     0 2/3/1/1/1/0           2    10  56.0   12.0  136.4   65.1  548.0 L 1.00 -
  50    7    7     0 0/0/0/0/0                 550.0   420.0    98.4    21.8   21.0   28.0     0 2/3/1/1/1/0           2    14  57.7   11.4   53.1   69.1  548.1 L 1.00 -
  60    7    7     0 0/0/0/0/0                 550.0   420.0    98.9    36.6   21.0   28.0     0 2/3/1/1/2/0           2     6  59.9   11.4  110.6   93.9  549.0 L 0.86 -
  70    7    7     0 0/0/0/0/0                 550.0   420.0    81.6    50.4   23.0   28.0     0 2/3/1/1/2/0           2    12  56.2   11.1   21.3   81.6  548.4 L 1.00 -
  80    7    7     0 0/0/0/0/0                 550.0   420.0    71.0    72.9   23.0   28.0     0 2/3/1/1/2/0           2     3  55.7   10.6  228.1   71.0  549.0 L 1.00 -
  90    7    7     0 0/0/0/0/0                 550.0   420.0    59.2    99.2   23.0   28.0     0 2/3/1/1/2/0           2     4  53.4   11.1  228.7   59.2  548.8 L 0.86 -
 100    7    7     0 0/0/0/0/0                 550.0   420.0    60.3    58.6   27.0   28.0     0 2/3/2/1/2/0           2     5  56.3   10.6  220.5   53.2  549.0 L 0.71 -
 110    7    7     0 0/0/0/0/0                 550.0   420.0    65.8    72.6   27.0   28.0     0 2/3/2/1/2/0           2     6  55.6   11.4  211.6   56.4  548.8 L 0.57 -
 120    7    7     0 0/0/0/0/0                 550.0   420.0    61.6    31.4   28.0   42.0     0 3/3/2/1/2/1           2     8  57.9   11.2  146.9   56.0  548.7 L 0.57 -
 130    7    7     0 0/0/0/0/0                 550.0   420.0    57.7    13.5   30.0   42.0     0 3/3/2/1/2/1           2     9  56.6   10.8   61.5   55.6  549.0 L 0.57 -
 140    7    7     0 0/0/0/0/0                 550.0   420.0    57.3    39.9   31.0   42.0     0 3/4/2/1/2/1           2     7  57.8   11.3  100.3   47.4  549.0 L 0.57 -
 150    7    7     0 0/0/0/0/0                 550.0   420.0    85.0    65.3   31.0   42.0     0 3/4/2/1/2/1           2    12  56.6   11.5   65.0   56.4  549.0 L 0.57 -
 160    7    7     0 0/0/0/0/0                 550.0   420.0    88.3    23.2   35.0   42.0     0 3/4/3/1/2/1           2     7  57.7   11.9   89.5   77.0  548.9 L 0.57 -
 170    7    7     0 0/0/0/0/0                 550.0   420.0    97.8    68.5   35.0   42.0     0 3/4/3/1/2/1           2    13  57.1   10.3   55.0   86.0  548.6 L 0.57 -
 180    7    7     0 0/0/0/0/0                 668.8   507.2   108.0    50.7   39.0   42.0     0 3/4/3/2/2/1           2    11  58.1   12.1   60.0   92.6  549.0 L 0.57 -
 190    7    7     0 0/0/0/0/0                 700.0   540.0   103.9    32.2   41.0   42.0     0 3/4/3/2/2/1           2     8  54.4   10.9  155.4  100.7  668.9 L 0.57 -
 200    7    7     0 0/0/0/0/0                 700.0   540.0    92.9    46.7   41.0   42.0     0 3/4/3/2/2/1           2     5  56.5   10.7  246.6   92.9  699.0 L 0.57 -
 210    7    7     0 0/0/0/0/0                 700.0   540.0    88.0    84.5   41.0   42.0     0 3/4/3/2/2/1           2     8  54.9   10.9  241.7   87.4  699.0 L 0.57 -
 220    7    7     0 0/0/0/0/0                 700.0   540.0    82.3   110.2   41.0   42.0     0 3/4/3/2/2/1           2     5  56.8   10.7  241.6   74.3  699.0 L 0.57 -
 230    7    7     0 0/0/0/0/0                 700.0   540.0    69.6   136.5   41.0   42.0     0 3/4/3/2/2/1           2     5  56.6   10.9  245.6   66.9  699.0 L 0.57 -
 240    7    7     0 0/0/0/0/0                 700.0   540.0    75.2   151.0   41.0   42.0     0 3/4/3/2/2/1           2     5  55.7   10.6  246.6   68.7  699.0 L 0.57 -
 250    7    7     0 0/0/0/0/0                 700.0   540.0    62.3   158.7   41.0   42.0     0 3/4/3/2/2/1           2     2  54.7   10.8  246.6   62.3  699.0 L 0.57 -
 260    7    7     0 0/0/0/0/0                 700.0   540.0    73.4   180.6   41.0   42.0     0 3/4/3/2/2/1           2     8  55.8   10.6  242.7   61.1  699.0 L 0.57 -
 270    7    7     0 0/0/0/0/0                 700.0   540.0    61.9   193.7   41.0   42.0     0 3/4/3/2/2/1           2     4  55.4   10.8  246.6   61.9  699.0 L 0.57 -
 280    7    7     0 0/0/0/0/0                 700.0   540.0    55.7   214.7   41.0   42.0     0 3/4/3/2/2/1           2     4  57.4   10.3  243.9   55.7  699.0 L 0.57 -
 290    8    7     1 0/0/0/0/0                 700.0   540.0    52.1   237.2   41.0   42.0     0 3/4/3/2/2/1           2     6  56.7   11.3  233.3   48.7  698.5 L 0.38 -
 300   11    8     4 0/0/0/0/0                 700.0   540.0    43.4   259.1   41.0   42.0     0 3/4/3/2/2/1           2     6  59.8   10.5  246.6   43.4  699.0 L 0.55 -
 310   12   11     5 0/0/0/0/0                 700.0   540.0    29.1   272.2   41.0   42.0     0 3/4/3/2/2/1           2     6  60.2   10.7  246.6   27.4  699.0 S 0.50 -
 320   13   12     6 0/0/0/0/0                 700.0   540.0    34.5   280.9   41.0   42.0     0 3/4/3/2/2/1           2     7  60.7   10.7  238.0   23.1  699.0 S 0.92 -
 330   13   13     6 0/0/0/0/0                 700.0   540.0    28.9   287.2   41.0   42.0     0 3/4/3/2/2/1           2     5  60.1   10.7  246.6   28.1  699.0 S 0.85 -
 340   13   13     6 0/0/0/0/0                 700.0   540.0    12.6   287.2   41.0   42.0     0 3/4/3/2/2/1           2     3  62.7   10.7  246.6   12.6  699.0 S 0.85 -
 350    6    6     6 0/7/0/0/0                 700.0   540.0     0.0   287.2   41.0   42.0     0 3/4/3/2/2/1           2     1  61.8   10.7  246.6    0.0  699.0 S 0.50 -
 360    5    5     6 0/8/0/0/0                 700.0   540.0     0.0   287.2   41.0   42.0     0 3/4/3/2/2/1           2     2  62.2   11.0  246.6    0.0  699.0 S 0.40 -
 370    0    0     6 0/13/0/0/0                700.0   540.0     0.0   287.2   41.0   42.0     0 3/4/3/2/2/1           2     0  65.0    8.3  246.6    0.0  700.0 S 0.00 -
 380    0    0     6 0/13/0/0/0                700.0   540.0     0.0   287.2   41.0   42.0     0 3/4/3/2/2/1           2     0   0.0    0.0  246.6    0.0  700.0 S 0.00 -
 390    0    0     6 0/13/0/0/0                700.0   540.0     0.0   287.2   41.0   42.0     0 3/4/3/2/2/1           2     0   0.0    0.0  246.6    0.0  700.0 S 0.00 -
 400    0    0     6 0/13/0/0/0                700.0   540.0     0.0   287.2   41.0   42.0     0 3/4/3/2/2/1           2     0   0.0    0.0  246.6    0.0  700.0 S 0.00 -
 410    0    0     6 0/13/0/0/0                700.0   540.0     0.0   287.2   41.0   42.0     0 3/4/3/2/2/1           2     0   0.0    0.0  246.6    0.0  700.0 S 0.00 -
 420    0    0     6 0/13/0/0/0                700.0   540.0     0.0   287.2   41.0   42.0     0 3/4/3/2/2/1           2     0   0.0    0.0  246.6    0.0  700.0 S 0.00 -
 430    0    0     6 0/13/0/0/0                700.0   540.0     0.0   287.2   41.0   42.0     0 3/4/3/2/2/1           2     0   0.0    0.0  246.6    0.0  700.0 S 0.00 -
 440    0    0     6 0/13/0/0/0                700.0   540.0     0.0   287.2   41.0   42.0     0 3/4/3/2/2/1           2     0   0.0    0.0  246.6    0.0  700.0 S 0.00 -
 450    0    0     6 0/13/0/0/0                700.0   540.0     0.0   287.2   41.0   42.0     0 3/4/3/2/2/1           2     0   0.0    0.0  246.6    0.0  700.0 S 0.00 -
 460    0    0     6 0/13/0/0/0                700.0   540.0     0.0   287.2   41.0   42.0     0 3/4/3/2/2/1           2     0   0.0    0.0  246.6    0.0  700.0 S 0.00 -
 470    0    0     6 0/13/0/0/0                700.0   540.0     0.0   287.2   41.0   42.0     0 3/4/3/2/2/1           2     0   0.0    0.0  246.6    0.0  700.0 S 0.00 -
 480    0    0     6 0/13/0/0/0                700.0   540.0     0.0   287.2   41.0   42.0     0 3/4/3/2/2/1           2     0   0.0    0.0  246.6    0.0  700.0 S 0.00 -
 490    0    0     6 0/13/0/0/0                700.0   540.0     0.0   287.2   41.0   42.0     0 3/4/3/2/2/1           2     0   0.0    0.0  246.6    0.0  700.0 S 0.00 -
 500    0    0     6 0/13/0/0/0                700.0   540.0     0.0   287.2   41.0   42.0     0 3/4/3/2/2/1           2     0   0.0    0.0  246.6    0.0  700.0 S 0.00 -
 510    0    0     6 0/13/0/0/0                700.0   540.0     0.0   287.2   41.0   42.0     0 3/4/3/2/2/1           2     0   0.0    0.0  246.6    0.0  700.0 S 0.00 -
 520    0    0     6 0/13/0/0/0                700.0   540.0     0.0   287.2   41.0   42.0     0 3/4/3/2/2/1           2     0   0.0    0.0  246.6    0.0  700.0 S 0.00 -
 530    0    0     6 0/13/0/0/0                700.0   540.0     0.0   287.2   41.0   42.0     0 3/4/3/2/2/1           2     0   0.0    0.0  246.6    0.0  700.0 S 0.00 -
 540    0    0     6 0/13/0/0/0                700.0   540.0     0.0   287.2   41.0   42.0     0 3/4/3/2/2/1           2     0   0.0    0.0  246.6    0.0  700.0 S 0.00 -
 550    0    0     6 0/13/0/0/0                700.0   540.0     0.0   287.2   41.0   42.0     0 3/4/3/2/2/1           2     0   0.0    0.0  246.6    0.0  700.0 S 0.00 -
 560    0    0     6 0/13/0/0/0                700.0   540.0     0.0   287.2   41.0   42.0     0 3/4/3/2/2/1           2     0   0.0    0.0  246.6    0.0  700.0 S 0.00 -
 570    0    0     6 0/13/0/0/0                700.0   540.0     0.0   287.2   41.0   42.0     0 3/4/3/2/2/1           2     0   0.0    0.0  246.6    0.0  700.0 S 0.00 -
 580    0    0     6 0/13/0/0/0                700.0   540.0     0.0   287.2   41.0   42.0     0 3/4/3/2/2/1           2     0   0.0    0.0  246.6    0.0  700.0 S 0.00 -
 590    0    0     6 0/13/0/0/0                700.0   540.0     0.0   287.2   41.0   42.0     0 3/4/3/2/2/1           2     0   0.0    0.0  246.6    0.0  700.0 S 0.00 -
 600    0    0     6 0/13/0/0/0                700.0   540.0     0.0   287.2   41.0   42.0     0 3/4/3/2/2/1           2     0   0.0    0.0  246.6    0.0  700.0 S 0.00 -
 610    0    0     6 0/13/0/0/0                700.0   540.0     0.0   287.2   41.0   42.0     0 3/4/3/2/2/1           2     0   0.0    0.0  246.6    0.0  700.0 S 0.00 -
 620    0    0     6 0/13/0/0/0                700.0   540.0     0.0   287.2   41.0   42.0     0 3/4/3/2/2/1           2     0   0.0    0.0  246.6    0.0  700.0 S 0.00 -
 630    0    0     6 0/13/0/0/0                700.0   540.0     0.0   287.2   41.0   42.0     0 3/4/3/2/2/1           2     0   0.0    0.0  246.6    0.0  700.0 S 0.00 -
 640    0    0     6 0/13/0/0/0                700.0   540.0     0.0   287.2   41.0   42.0     0 3/4/3/2/2/1           2     0   0.0    0.0  246.6    0.0  700.0 S 0.00 -
 650    0    0     6 0/13/0/0/0                700.0   540.0     0.0   287.2   41.0   42.0     0 3/4/3/2/2/1           2     0   0.0    0.0  246.6    0.0  700.0 S 0.00 -
 660    0    0     6 0/13/0/0/0                700.0   540.0     0.0   287.2   41.0   42.0     0 3/4/3/2/2/1           2     0   0.0    0.0  246.6    0.0  700.0 S 0.00 -
 670    0    0     6 0/13/0/0/0                700.0   540.0     0.0   287.2   41.0   42.0     0 3/4/3/2/2/1           2     0   0.0    0.0  246.6    0.0  700.0 S 0.00 -
 680    0    0     6 0/13/0/0/0                700.0   540.0     0.0   287.2   41.0   42.0     0 3/4/3/2/2/1           2     0   0.0    0.0  246.6    0.0  700.0 S 0.00 -
 690    0    0     6 0/13/0/0/0                700.0   540.0     0.0   287.2   41.0   42.0     0 3/4/3/2/2/1           2     0   0.0    0.0  246.6    0.0  700.0 S 0.00 -
 700    0    0     6 0/13/0/0/0                700.0   540.0     0.0   287.2   41.0   42.0     0 3/4/3/2/2/1           2     0   0.0    0.0  246.6    0.0  700.0 S 0.00 -
 710    0    0     6 0/13/0/0/0                700.0   540.0     0.0   287.2   41.0   42.0     0 3/4/3/2/2/1           2     0   0.0    0.0  246.6    0.0  700.0 S 0.00 -
 720    0    0     6 0/13/0/0/0                700.0   540.0     0.0   287.2   41.0   42.0     0 3/4/3/2/2/1           2     0   0.0    0.0  246.6    0.0  700.0 S 0.00 -
 730    0    0     6 0/13/0/0/0                700.0   540.0     0.0   287.2   41.0   42.0     0 3/4/3/2/2/1           2     0   0.0    0.0  246.6    0.0  700.0 S 0.00 -
 740    0    0     6 0/13/0/0/0                700.0   540.0     0.0   287.2   41.0   42.0     0 3/4/3/2/2/1           2     0   0.0    0.0  246.6    0.0  700.0 S 0.00 -
 750    0    0     6 0/13/0/0/0                700.0   540.0     0.0   287.2   41.0   42.0     0 3/4/3/2/2/1           2     0   0.0    0.0  246.6    0.0  700.0 S 0.00 -
 760    0    0     6 0/13/0/0/0                700.0   540.0     0.0   287.2   41.0   42.0     0 3/4/3/2/2/1           2     0   0.0    0.0  246.6    0.0  700.0 S 0.00 -
 770    0    0     6 0/13/0/0/0                700.0   540.0     0.0   287.2   41.0   42.0     0 3/4/3/2/2/1           2     0   0.0    0.0  246.6    0.0  700.0 S 0.00 -
 780    0    0     6 0/13/0/0/0                700.0   540.0     0.0   287.2   41.0   42.0     0 3/4/3/2/2/1           2     0   0.0    0.0  246.6    0.0  700.0 S 0.00 -
 790    0    0     6 0/13/0/0/0                700.0   540.0     0.0   287.2   41.0   42.0     0 3/4/3/2/2/1           2     0   0.0    0.0  246.6    0.0  700.0 S 0.00 -
 800    0    0     6 0/13/0/0/0                700.0   540.0     0.0   287.2   41.0   42.0     0 3/4/3/2/2/1           2     0   0.0    0.0  246.6    0.0  700.0 S 0.00 -
 810    0    0     6 0/13/0/0/0                700.0   540.0     0.0   287.2   41.0   42.0     0 3/4/3/2/2/1           2     0   0.0    0.0  246.6    0.0  700.0 S 0.00 -
 820    0    0     6 0/13/0/0/0                700.0   540.0     0.0   287.2   41.0   42.0     0 3/4/3/2/2/1           2     0   0.0    0.0  246.6    0.0  700.0 S 0.00 -
 830    0    0     6 0/13/0/0/0                700.0   540.0     0.0   287.2   41.0   42.0     0 3/4/3/2/2/1           2     0   0.0    0.0  246.6    0.0  700.0 S 0.00 -
 840    0    0     6 0/13/0/0/0                700.0   540.0     0.0   287.2   41.0   42.0     0 3/4/3/2/2/1           2     0   0.0    0.0  246.6    0.0  700.0 S 0.00 -
 850    0    0     6 0/13/0/0/0                700.0   540.0     0.0   287.2   41.0   42.0     0 3/4/3/2/2/1           2     0   0.0    0.0  246.6    0.0  700.0 S 0.00 -
 860    0    0     6 0/13/0/0/0                700.0   540.0     0.0   287.2   41.0   42.0     0 3/4/3/2/2/1           2     0   0.0    0.0  246.6    0.0  700.0 S 0.00 -
 870    0    0     6 0/13/0/0/0                700.0   540.0     0.0   287.2   41.0   42.0     0 3/4/3/2/2/1           2     0   0.0    0.0  246.6    0.0  700.0 S 0.00 -
 880    0    0     6 0/13/0/0/0                700.0   540.0     0.0   287.2   41.0   42.0     0 3/4/3/2/2/1           2     0   0.0    0.0  246.6    0.0  700.0 S 0.00 -
 890    0    0     6 0/13/0/0/0                700.0   540.0     0.0   287.2   41.0   42.0     0 3/4/3/2/2/1           2     0   0.0    0.0  246.6    0.0  700.0 S 0.00 -
 900    0    0     6 0/13/0/0/0                700.0   540.0     0.0   287.2   41.0   42.0     0 3/4/3/2/2/1           2     0   0.0    0.0  246.6    0.0  700.0 S 0.00 -
 910    0    0     6 0/13/0/0/0                700.0   540.0     0.0   287.2   41.0   42.0     0 3/4/3/2/2/1           2     0   0.0    0.0  246.6    0.0  700.0 S 0.00 -
 920    0    0     6 0/13/0/0/0                700.0   540.0     0.0   287.2   41.0   42.0     0 3/4/3/2/2/1           2     0   0.0    0.0  246.6    0.0  700.0 S 0.00 -
 930    0    0     6 0/13/0/0/0                700.0   540.0     0.0   287.2   41.0   42.0     0 3/4/3/2/2/1           2     0   0.0    0.0  246.6    0.0  700.0 S 0.00 -
 940    0    0     6 0/13/0/0/0                700.0   540.0     0.0   287.2   41.0   42.0     0 3/4/3/2/2/1           2     0   0.0    0.0  246.6    0.0  700.0 S 0.00 -
 950    0    0     6 0/13/0/0/0                700.0   540.0     0.0   287.2   41.0   42.0     0 3/4/3/2/2/1           2     0   0.0    0.0  246.6    0.0  700.0 S 0.00 -
 960    0    0     6 0/13/0/0/0                700.0   540.0     0.0   287.2   41.0   42.0     0 3/4/3/2/2/1           2     0   0.0    0.0  246.6    0.0  700.0 S 0.00 -
 970    0    0     6 0/13/0/0/0                700.0   540.0     0.0   287.2   41.0   42.0     0 3/4/3/2/2/1           2     0   0.0    0.0  246.6    0.0  700.0 S 0.00 -
 980    0    0     6 0/13/0/0/0                700.0   540.0     0.0   287.2   41.0   42.0     0 3/4/3/2/2/1           2     0   0.0    0.0  246.6    0.0  700.0 S 0.00 -
 990    0    0     6 0/13/0/0/0                700.0   540.0     0.0   287.2   41.0   42.0     0 3/4/3/2/2/1           2     0   0.0    0.0  246.6    0.0  700.0 S 0.00 -
1000    0    0     6 0/13/0/0/0                700.0   540.0     0.0   287.2   41.0   42.0     0 3/4/3/2/2/1           2     0   0.0    0.0  246.6    0.0  700.0 S 0.00 -
1010    0    0     6 0/13/0/0/0                700.0   540.0     0.0   287.2   41.0   42.0     0 3/4/3/2/2/1           2     0   0.0    0.0  246.6    0.0  700.0 S 0.00 -
1020    0    0     6 0/13/0/0/0                700.0   540.0     0.0   287.2   41.0   42.0     0 3/4/3/2/2/1           2     0   0.0    0.0  246.6    0.0  700.0 S 0.00 -
1030    0    0     6 0/13/0/0/0                700.0   540.0     0.0   287.2   41.0   42.0     0 3/4/3/2/2/1           2     0   0.0    0.0  246.6    0.0  700.0 S 0.00 -
1040    0    0     6 0/13/0/0/0                700.0   540.0     0.0   287.2   41.0   42.0     0 3/4/3/2/2/1           2     0   0.0    0.0  246.6    0.0  700.0 S 0.00 -
1050    0    0     6 0/13/0/0/0                700.0   540.0     0.0   287.2   41.0   42.0     0 3/4/3/2/2/1           2     0   0.0    0.0  246.6    0.0  700.0 S 0.00 -
1060    0    0     6 0/13/0/0/0                700.0   540.0     0.0   287.2   41.0   42.0     0 3/4/3/2/2/1           2     0   0.0    0.0  246.6    0.0  700.0 S 0.00 -
1070    0    0     6 0/13/0/0/0                700.0   540.0     0.0   287.2   41.0   42.0     0 3/4/3/2/2/1           2     0   0.0    0.0  246.6    0.0  700.0 S 0.00 -
1080    0    0     6 0/13/0/0/0                700.0   540.0     0.0   287.2   41.0   42.0     0 3/4/3/2/2/1           2     0   0.0    0.0  246.6    0.0  700.0 S 0.00 -
1090    0    0     6 0/13/0/0/0                700.0   540.0     0.0   287.2   41.0   42.0     0 3/4/3/2/2/1           2     0   0.0    0.0  246.6    0.0  700.0 S 0.00 -
1100    0    0     6 0/13/0/0/0                700.0   540.0     0.0   287.2   41.0   42.0     0 3/4/3/2/2/1           2     0   0.0    0.0  246.6    0.0  700.0 S 0.00 -
1110    0    0     6 0/13/0/0/0                700.0   540.0     0.0   287.2   41.0   42.0     0 3/4/3/2/2/1           2     0   0.0    0.0  246.6    0.0  700.0 S 0.00 -
1120    0    0     6 0/13/0/0/0                700.0   540.0     0.0   287.2   41.0   42.0     0 3/4/3/2/2/1           2     0   0.0    0.0  246.6    0.0  700.0 S 0.00 -
1130    0    0     6 0/13/0/0/0                700.0   540.0     0.0   287.2   41.0   42.0     0 3/4/3/2/2/1           2     0   0.0    0.0  246.6    0.0  700.0 S 0.00 -
1140    0    0     6 0/13/0/0/0                700.0   540.0     0.0   287.2   41.0   42.0     0 3/4/3/2/2/1           2     0   0.0    0.0  246.6    0.0  700.0 S 0.00 -
1150    0    0     6 0/13/0/0/0                700.0   540.0     0.0   287.2   41.0   42.0     0 3/4/3/2/2/1           2     0   0.0    0.0  246.6    0.0  700.0 S 0.00 -
1160    0    0     6 0/13/0/0/0                700.0   540.0     0.0   287.2   41.0   42.0     0 3/4/3/2/2/1           2     0   0.0    0.0  246.6    0.0  700.0 S 0.00 -
1170    0    0     6 0/13/0/0/0                700.0   540.0     0.0   287.2   41.0   42.0     0 3/4/3/2/2/1           2     0   0.0    0.0  246.6    0.0  700.0 S 0.00 -
1180    0    0     6 0/13/0/0/0                700.0   540.0     0.0   287.2   41.0   42.0     0 3/4/3/2/2/1           2     0   0.0    0.0  246.6    0.0  700.0 S 0.00 -
1190    0    0     6 0/13/0/0/0                700.0   540.0     0.0   287.2   41.0   42.0     0 3/4/3/2/2/1           2     0   0.0    0.0  246.6    0.0  700.0 S 0.00 -
1200    0    0     6 0/13/0/0/0                700.0   540.0     0.0   287.2   41.0   42.0     0 3/4/3/2/2/1           2     0   0.0    0.0  246.6    0.0  700.0 S 0.00 -
1210    0    0     6 0/13/0/0/0                700.0   540.0     0.0   287.2   41.0   42.0     0 3/4/3/2/2/1           2     0   0.0    0.0  246.6    0.0  700.0 S 0.00 -
1220    0    0     6 0/13/0/0/0                700.0   540.0     0.0   287.2   41.0   42.0     0 3/4/3/2/2/1           2     0   0.0    0.0  246.6    0.0  700.0 S 0.00 -
1230    0    0     6 0/13/0/0/0                700.0   540.0     0.0   287.2   41.0   42.0     0 3/4/3/2/2/1           2     0   0.0    0.0  246.6    0.0  700.0 S 0.00 -
1240    0    0     6 0/13/0/0/0                700.0   540.0     0.0   287.2   41.0   42.0     0 3/4/3/2/2/1           2     0   0.0    0.0  246.6    0.0  700.0 S 0.00 -
1250    0    0     6 0/13/0/0/0                700.0   540.0     0.0   287.2   41.0   42.0     0 3/4/3/2/2/1           2     0   0.0    0.0  246.6    0.0  700.0 S 0.00 -
1260    0    0     6 0/13/0/0/0                700.0   540.0     0.0   287.2   41.0   42.0     0 3/4/3/2/2/1           2     0   0.0    0.0  246.6    0.0  700.0 S 0.00 -
1270    0    0     6 0/13/0/0/0                700.0   540.0     0.0   287.2   41.0   42.0     0 3/4/3/2/2/1           2     0   0.0    0.0  246.6    0.0  700.0 S 0.00 -
1280    0    0     6 0/13/0/0/0                700.0   540.0     0.0   287.2   41.0   42.0     0 3/4/3/2/2/1           2     0   0.0    0.0  246.6    0.0  700.0 S 0.00 -
1290    0    0     6 0/13/0/0/0                700.0   540.0     0.0   287.2   41.0   42.0     0 3/4/3/2/2/1           2     0   0.0    0.0  246.6    0.0  700.0 S 0.00 -
1300    0    0     6 0/13/0/0/0                700.0   540.0     0.0   287.2   41.0   42.0     0 3/4/3/2/2/1           2     0   0.0    0.0  246.6    0.0  700.0 S 0.00 -
1310    0    0     6 0/13/0/0/0                700.0   540.0     0.0   287.2   41.0   42.0     0 3/4/3/2/2/1           2     0   0.0    0.0  246.6    0.0  700.0 S 0.00 -
1320    0    0     6 0/13/0/0/0                700.0   540.0     0.0   287.2   41.0   42.0     0 3/4/3/2/2/1           2     0   0.0    0.0  246.6    0.0  700.0 S 0.00 -
1330    0    0     6 0/13/0/0/0                700.0   540.0     0.0   287.2   41.0   42.0     0 3/4/3/2/2/1           2     0   0.0    0.0  246.6    0.0  700.0 S 0.00 -
1340    0    0     6 0/13/0/0/0                700.0   540.0     0.0   287.2   41.0   42.0     0 3/4/3/2/2/1           2     0   0.0    0.0  246.6    0.0  700.0 S 0.00 -
1350    0    0     6 0/13/0/0/0                700.0   540.0     0.0   287.2   41.0   42.0     0 3/4/3/2/2/1           2     0   0.0    0.0  246.6    0.0  700.0 S 0.00 -
1360    0    0     6 0/13/0/0/0                700.0   540.0     0.0   287.2   41.0   42.0     0 3/4/3/2/2/1           2     0   0.0    0.0  246.6    0.0  700.0 S 0.00 -
1370    0    0     6 0/13/0/0/0                700.0   540.0     0.0   287.2   41.0   42.0     0 3/4/3/2/2/1           2     0   0.0    0.0  246.6    0.0  700.0 S 0.00 -
1380    0    0     6 0/13/0/0/0                700.0   540.0     0.0   287.2   41.0   42.0     0 3/4/3/2/2/1           2     0   0.0    0.0  246.6    0.0  700.0 S 0.00 -
1390    0    0     6 0/13/0/0/0                700.0   540.0     0.0   287.2   41.0   42.0     0 3/4/3/2/2/1           2     0   0.0    0.0  246.6    0.0  700.0 S 0.00 -
1400    0    0     6 0/13/0/0/0                700.0   540.0     0.0   287.2   41.0   42.0     0 3/4/3/2/2/1           2     0   0.0    0.0  246.6    0.0  700.0 S 0.00 -
1410    0    0     6 0/13/0/0/0                700.0   540.0     0.0   287.2   41.0   42.0     0 3/4/3/2/2/1           2     0   0.0    0.0  246.6    0.0  700.0 S 0.00 -
1420    0    0     6 0/13/0/0/0                700.0   540.0     0.0   287.2   41.0   42.0     0 3/4/3/2/2/1           2     0   0.0    0.0  246.6    0.0  700.0 S 0.00 -
1430    0    0     6 0/13/0/0/0                700.0   540.0     0.0   287.2   41.0   42.0     0 3/4/3/2/2/1           2     0   0.0    0.0  246.6    0.0  700.0 S 0.00 -
1440    0    0     6 0/13/0/0/0                700.0   540.0     0.0   287.2   41.0   42.0     0 3/4/3/2/2/1           2     0   0.0    0.0  246.6    0.0  700.0 S 0.00 -
1450    0    0     6 0/13/0/0/0                700.0   540.0     0.0   287.2   41.0   42.0     0 3/4/3/2/2/1           2     0   0.0    0.0  246.6    0.0  700.0 S 0.00 -
1460    0    0     6 0/13/0/0/0                700.0   540.0     0.0   287.2   41.0   42.0     0 3/4/3/2/2/1           2     0   0.0    0.0  246.6    0.0  700.0 S 0.00 -
1470    0    0     6 0/13/0/0/0                700.0   540.0     0.0   287.2   41.0   42.0     0 3/4/3/2/2/1           2     0   0.0    0.0  246.6    0.0  700.0 S 0.00 -
1480    0    0     6 0/13/0/0/0                700.0   540.0     0.0   287.2   41.0   42.0     0 3/4/3/2/2/1           2     0   0.0    0.0  246.6    0.0  700.0 S 0.00 -
1490    0    0     6 0/13/0/0/0                700.0   540.0     0.0   287.2   41.0   42.0     0 3/4/3/2/2/1           2     0   0.0    0.0  246.6    0.0  700.0 S 0.00 -
1500    0    0     6 0/13/0/0/0                700.0   540.0     0.0   287.2   41.0   42.0     0 3/4/3/2/2/1           2     0   0.0    0.0  246.6    0.0  700.0 S 0.00 -

targets for seed 1234 (1500 sols):
  T1 FAIL run min pop 0 (needs >= 5), final pop 0
  T2 PASS deaths 13 (air 0 thirst 13 hunger 0 eva 0 other 0), unexplained 0
  T3 PASS births 6, first_birth_sol 286, at_capacity 0, cooldown_violations 0, pop@30=7, pop@100=7, pop@300=11
  T4 PASS min O2 263.5, food 203.1; ice ran dry (pressure): min ice 0.0, ice>30 0.0, thirst deaths 13; max ice/target 0.95, regolith/target 0.82
  T5 PASS demand>supply 0.00% of steps (<=10), max shorts/sol 0 (<=2), max offline 0.0 h (<=24.7), first new reactor sol 8 (<=15)
  T6 PASS limited 34702.9 h = 93.82% (>=2% provisional; 4 of 5 seeds), site busy 94.3%; waiting_regolith 265.0 h, site_no_crew 34437.9 h
  T7 PASS turn_backs_air 0, exhausted 38, reachable>=2 at 100.0% of 1500 sol samples (>=95), trips 241
  T8 FAIL row avg energy 0.0..65.0 (40..90), row asleep 0.0..12.1% (5..30), max sleep 8.8 h (<=18)
  T9 N/A  checked by repeating the run and by tests/test_determinism.gd (compare the table sha256)
  T10 FAIL first settlement sol 303 (40..150), age_changes 1 (<=4), min gap between consecutive history entries 303 (>=20), history 2 entries (changes+1 = 2); report: sols_in_age landing 303 settlement 1197 council 0, age at end settlement, changes [sol 303 settled], fall back causes [none], not-ok sols 51 (by group, a sol can fail several: ice 15, food 1, oxygen 1, power 0, death 7, unrest 37)
  T11 FAIL (1) list lengths 1501/1501/1501/1501 ok; (2) lonely mean of last 50 readings 0.000 (max 0.35) ok; (3) friends_mean 0.00 (1.0..15.0) BAD; (4) first_friendship_sol 295 ok; (5) lines_dropped (total) 0 ok; report: web 0.00 second 0.00 lonely 0.00 friends_mean 0.00 friends share of colony 0.000 (pop 0)
  T12 PASS (1) list lengths 1501/1501/1501 ok; (2) C2 ok; (3) council changes 0 (<=4) ok; (4) proposals 0 ok; (5) one Council line per boundary ok; report: first Council sol <null>, meetings 0, proposals [], pledge sol <null> reason -, lines {"circles_few":1}, dropped 0; council_min_seeds 3 pledge_min_seeds 1
RESULT FAIL (target 9 determinism: table sha256 ea5fca5747c814fb)
