Godot Engine v4.5.stable.official.876b29033 - https://godotengine.org

# station zero balance run: seed=42 sols=1500 overrides=[resources.throughput.launch_energy_min=45.0] fixed_step=0.05 data_hash=273e69b8552a0e2d
# deaths and births are cumulative; shorts, trips, energy, asleep, wait, min_* are for the 30-sol window
 sol  pop  min birth dead a/t/h/o/x           oxygen    food     ice   regol   dmnd   supp short bldg R/H/W/G/A/C  reach trips  avgE asleep%  waitH minIce  minO2 age web cn
  10    7    7     0 0/0/0/0/0                 387.9   296.2    60.3    14.4   13.0   28.0     0 2/1/1/1/0/0           2     6  56.5   10.1  192.6   50.4  261.5 L 1.00 -
  20    7    7     0 0/0/0/0/0                 550.0   420.0    51.8    40.3   14.0   28.0     0 2/2/1/1/0/0           2     5  55.1   10.8  210.7   50.9  388.0 L 1.00 -
  30    7    7     0 0/0/0/0/0                 550.0   420.0    55.1    14.4   16.0   28.0     0 2/2/1/1/0/0           2     8  55.2   12.4  133.0   47.8  548.4 L 1.00 -
  40    7    7     0 0/0/0/0/0                 550.0   420.0    59.9    13.1   19.0   28.0     0 2/3/1/1/0/0           2    12  53.9   10.5  135.1   48.8  548.2 L 1.00 -
  50    7    7     0 0/0/0/0/0                 700.0   540.0    59.4    22.3   21.0   28.0     0 2/3/1/2/0/0           2     4  57.4   11.7  146.1   57.2  549.0 L 1.00 -
  60    7    7     0 0/0/0/0/0                 700.0   540.0    77.9    13.1   23.0   28.0     0 2/3/1/2/0/0           2    11  55.1   11.0  153.1   58.8  699.0 L 1.00 -
  70    7    7     0 0/0/0/0/0                 850.0   660.0    70.1    42.4   25.0   28.0     0 2/3/1/3/0/0           2     7  56.0   11.3  175.5   68.8  699.0 L 1.00 -
  80    7    7     0 0/0/0/0/0                 850.0   660.0    79.1    33.1   25.0   42.0     0 3/3/1/3/0/0           2    11  55.0   10.9  120.0   65.7  849.0 L 0.86 -
  90    7    7     0 0/0/0/0/0                 850.0   660.0    82.6    14.1   27.0   42.0     0 3/3/1/3/0/0           2     7  58.6   11.9  149.4   78.5  849.0 L 0.71 -
 100    7    7     0 0/0/0/0/0                1000.0   780.0    75.3    69.1   29.0   42.0     0 3/3/1/4/0/0           2     9  58.7   10.8   82.4   70.7  849.0 L 0.71 -
 110    7    7     0 0/0/0/0/0                1000.0   780.0    73.7    24.1   31.0   42.0     0 3/3/1/4/1/0           2     7  58.2   11.6  139.1   68.7  999.0 L 0.71 -
 120    7    7     0 0/0/0/0/0                1000.0   780.0    75.5    76.3   31.0   42.0     0 3/3/1/4/1/0           2    11  56.2   10.9   60.0   67.5  999.0 L 0.71 -
 130    7    7     0 0/0/0/0/0                1000.0   780.0    79.0    16.1   33.0   42.0     0 3/3/1/4/1/0           2     6  55.4   11.1   64.2   72.5  999.0 L 0.86 -
 140    7    7     0 0/0/0/0/0                1000.0   780.0    94.1    56.0   34.0   42.0     0 3/4/1/4/1/0           2    12  52.2   11.5   96.4   76.8  999.0 L 0.43 -
 150    7    7     0 0/0/0/0/0                1000.0   780.0   102.6     8.3   36.0   42.0     0 3/4/1/4/1/0           2     8  57.1   11.2   94.0   90.4  999.0 L 0.43 -
 160    7    7     0 0/0/0/0/0                1000.0   780.0    90.0    20.9   36.0   42.0     0 3/4/1/4/1/0           2     3  56.1   10.9  241.0   90.0  998.0 L 0.43 -
 170    7    7     0 0/0/0/0/0                1000.0   780.0    76.4    50.6   36.0   42.0     0 3/4/1/4/1/0           2     7  56.0   10.5  246.6   74.3  999.0 L 0.43 -
 180    7    7     0 0/0/0/0/0                1000.0   780.0    82.5    75.7   36.0   42.0     0 3/4/1/4/1/0           2     5  52.6   10.7  229.4   76.1  999.0 L 0.43 -
 190    7    7     0 0/0/0/0/0                1000.0   780.0    75.8    82.7   36.0   42.0     0 3/4/1/4/1/0           2     4  56.8   11.0  236.0   72.4  999.0 L 0.43 -
 200    7    7     0 0/0/0/0/0                1150.0   900.0    70.5    24.2   40.0   42.0     0 3/4/1/5/1/0           2     3  57.4   10.3  195.4   64.2  999.0 L 0.43 -
 210    7    7     0 0/0/0/0/0                1150.0   900.0    56.9    63.4   38.0   56.0     0 4/4/1/5/1/0           2     6  53.6   11.1  140.8   56.9 1149.0 L 0.29 -
 220    7    7     0 0/0/0/0/0                1150.0   900.0    62.8    12.3   40.0   56.0     0 4/4/1/5/1/0           2     9  57.3   11.0  110.2   53.6 1149.0 L 0.29 -
 230    7    7     0 0/0/0/0/0                1150.0   900.0    50.1    20.2   40.0   56.0     0 4/4/1/5/1/0           2     2  57.4   11.0  246.6   50.1 1149.0 L 0.14 -
 240    7    7     0 0/0/0/0/0                1150.0   900.0    46.1    41.7   40.0   56.0     0 4/4/1/5/1/0           2     5  54.4   10.7  234.9   46.1 1149.0 L 0.14 -
 250    7    7     0 0/0/0/0/0                1150.0   900.0    37.9    51.2   40.0   56.0     0 4/4/1/5/1/0           2     3  55.8   10.6  246.6   37.9 1149.0 L 0.14 -
 260    7    7     0 0/0/0/0/0                1150.0   900.0    25.3    65.1   40.0   56.0     0 4/4/1/5/1/0           2     3  54.1   10.2  242.0   20.9 1149.0 L 0.14 -
 270    7    7     0 0/0/0/0/0                1150.0   900.0    14.9    78.9   40.0   56.0     0 4/4/1/5/1/0           2     4  53.6   10.8  246.6   14.9 1149.0 L 0.14 -
 280    7    7     0 0/0/0/0/0                1150.0   900.0    23.0    87.7   40.0   56.0     0 4/4/1/5/1/0           2     5  58.1   10.2  246.6   12.1 1149.0 L 0.14 -
 290    9    7     2 0/0/0/0/0                1150.0   900.0    25.5    87.7   40.0   56.0     0 4/4/1/5/1/0           2     4  56.9   11.0  245.2   16.3 1149.0 L 0.22 -
 300   12    9     5 0/0/0/0/0                1150.0   900.0    23.8    87.7   40.0   56.0     0 4/4/1/5/1/0           2     5  60.4   10.6  243.9   19.3 1149.0 S 0.67 -
 310   12   12     6 0/1/0/0/0                1150.0   900.0     0.0    87.7   40.0   56.0     0 4/4/1/5/1/0           2     1  61.9   10.6  246.6    0.0 1149.0 S 0.83 -
 320    0    0     6 0/13/0/0/0               1150.0   900.0     0.0    87.7   40.0   56.0     0 4/4/1/5/1/0           2     1  60.9   10.2  246.6    0.0 1149.0 S 0.00 -
 330    0    0     6 0/13/0/0/0               1150.0   900.0     0.0    87.7   40.0   56.0     0 4/4/1/5/1/0           2     0   0.0    0.0  246.6    0.0 1150.0 S 0.00 -
 340    0    0     6 0/13/0/0/0               1150.0   900.0     0.0    87.7   40.0   56.0     0 4/4/1/5/1/0           2     0   0.0    0.0  246.6    0.0 1150.0 S 0.00 -
 350    0    0     6 0/13/0/0/0               1150.0   900.0     0.0    87.7   40.0   56.0     0 4/4/1/5/1/0           2     0   0.0    0.0  246.6    0.0 1150.0 S 0.00 -
 360    0    0     6 0/13/0/0/0               1150.0   900.0     0.0    87.7   40.0   56.0     0 4/4/1/5/1/0           2     0   0.0    0.0  246.6    0.0 1150.0 S 0.00 -
 370    0    0     6 0/13/0/0/0               1150.0   900.0     0.0    87.7   40.0   56.0     0 4/4/1/5/1/0           2     0   0.0    0.0  246.6    0.0 1150.0 S 0.00 -
 380    0    0     6 0/13/0/0/0               1150.0   900.0     0.0    87.7   40.0   56.0     0 4/4/1/5/1/0           2     0   0.0    0.0  246.6    0.0 1150.0 S 0.00 -
 390    0    0     6 0/13/0/0/0               1150.0   900.0     0.0    87.7   40.0   56.0     0 4/4/1/5/1/0           2     0   0.0    0.0  246.6    0.0 1150.0 S 0.00 -
 400    0    0     6 0/13/0/0/0               1150.0   900.0     0.0    87.7   40.0   56.0     0 4/4/1/5/1/0           2     0   0.0    0.0  246.6    0.0 1150.0 S 0.00 -
 410    0    0     6 0/13/0/0/0               1150.0   900.0     0.0    87.7   40.0   56.0     0 4/4/1/5/1/0           2     0   0.0    0.0  246.6    0.0 1150.0 S 0.00 -
 420    0    0     6 0/13/0/0/0               1150.0   900.0     0.0    87.7   40.0   56.0     0 4/4/1/5/1/0           2     0   0.0    0.0  246.6    0.0 1150.0 S 0.00 -
 430    0    0     6 0/13/0/0/0               1150.0   900.0     0.0    87.7   40.0   56.0     0 4/4/1/5/1/0           2     0   0.0    0.0  246.6    0.0 1150.0 S 0.00 -
 440    0    0     6 0/13/0/0/0               1150.0   900.0     0.0    87.7   40.0   56.0     0 4/4/1/5/1/0           2     0   0.0    0.0  246.6    0.0 1150.0 S 0.00 -
 450    0    0     6 0/13/0/0/0               1150.0   900.0     0.0    87.7   40.0   56.0     0 4/4/1/5/1/0           2     0   0.0    0.0  246.6    0.0 1150.0 S 0.00 -
 460    0    0     6 0/13/0/0/0               1150.0   900.0     0.0    87.7   40.0   56.0     0 4/4/1/5/1/0           2     0   0.0    0.0  246.6    0.0 1150.0 S 0.00 -
 470    0    0     6 0/13/0/0/0               1150.0   900.0     0.0    87.7   40.0   56.0     0 4/4/1/5/1/0           2     0   0.0    0.0  246.6    0.0 1150.0 S 0.00 -
 480    0    0     6 0/13/0/0/0               1150.0   900.0     0.0    87.7   40.0   56.0     0 4/4/1/5/1/0           2     0   0.0    0.0  246.6    0.0 1150.0 S 0.00 -
 490    0    0     6 0/13/0/0/0               1150.0   900.0     0.0    87.7   40.0   56.0     0 4/4/1/5/1/0           2     0   0.0    0.0  246.6    0.0 1150.0 S 0.00 -
 500    0    0     6 0/13/0/0/0               1150.0   900.0     0.0    87.7   40.0   56.0     0 4/4/1/5/1/0           2     0   0.0    0.0  246.6    0.0 1150.0 S 0.00 -
 510    0    0     6 0/13/0/0/0               1150.0   900.0     0.0    87.7   40.0   56.0     0 4/4/1/5/1/0           2     0   0.0    0.0  246.6    0.0 1150.0 S 0.00 -
 520    0    0     6 0/13/0/0/0               1150.0   900.0     0.0    87.7   40.0   56.0     0 4/4/1/5/1/0           2     0   0.0    0.0  246.6    0.0 1150.0 S 0.00 -
 530    0    0     6 0/13/0/0/0               1150.0   900.0     0.0    87.7   40.0   56.0     0 4/4/1/5/1/0           2     0   0.0    0.0  246.6    0.0 1150.0 S 0.00 -
 540    0    0     6 0/13/0/0/0               1150.0   900.0     0.0    87.7   40.0   56.0     0 4/4/1/5/1/0           2     0   0.0    0.0  246.6    0.0 1150.0 S 0.00 -
 550    0    0     6 0/13/0/0/0               1150.0   900.0     0.0    87.7   40.0   56.0     0 4/4/1/5/1/0           2     0   0.0    0.0  246.6    0.0 1150.0 S 0.00 -
 560    0    0     6 0/13/0/0/0               1150.0   900.0     0.0    87.7   40.0   56.0     0 4/4/1/5/1/0           2     0   0.0    0.0  246.6    0.0 1150.0 S 0.00 -
 570    0    0     6 0/13/0/0/0               1150.0   900.0     0.0    87.7   40.0   56.0     0 4/4/1/5/1/0           2     0   0.0    0.0  246.6    0.0 1150.0 S 0.00 -
 580    0    0     6 0/13/0/0/0               1150.0   900.0     0.0    87.7   40.0   56.0     0 4/4/1/5/1/0           2     0   0.0    0.0  246.6    0.0 1150.0 S 0.00 -
 590    0    0     6 0/13/0/0/0               1150.0   900.0     0.0    87.7   40.0   56.0     0 4/4/1/5/1/0           2     0   0.0    0.0  246.6    0.0 1150.0 S 0.00 -
 600    0    0     6 0/13/0/0/0               1150.0   900.0     0.0    87.7   40.0   56.0     0 4/4/1/5/1/0           2     0   0.0    0.0  246.6    0.0 1150.0 S 0.00 -
 610    0    0     6 0/13/0/0/0               1150.0   900.0     0.0    87.7   40.0   56.0     0 4/4/1/5/1/0           2     0   0.0    0.0  246.6    0.0 1150.0 S 0.00 -
 620    0    0     6 0/13/0/0/0               1150.0   900.0     0.0    87.7   40.0   56.0     0 4/4/1/5/1/0           2     0   0.0    0.0  246.6    0.0 1150.0 S 0.00 -
 630    0    0     6 0/13/0/0/0               1150.0   900.0     0.0    87.7   40.0   56.0     0 4/4/1/5/1/0           2     0   0.0    0.0  246.6    0.0 1150.0 S 0.00 -
 640    0    0     6 0/13/0/0/0               1150.0   900.0     0.0    87.7   40.0   56.0     0 4/4/1/5/1/0           2     0   0.0    0.0  246.6    0.0 1150.0 S 0.00 -
 650    0    0     6 0/13/0/0/0               1150.0   900.0     0.0    87.7   40.0   56.0     0 4/4/1/5/1/0           2     0   0.0    0.0  246.6    0.0 1150.0 S 0.00 -
 660    0    0     6 0/13/0/0/0               1150.0   900.0     0.0    87.7   40.0   56.0     0 4/4/1/5/1/0           2     0   0.0    0.0  246.6    0.0 1150.0 S 0.00 -
 670    0    0     6 0/13/0/0/0               1150.0   900.0     0.0    87.7   40.0   56.0     0 4/4/1/5/1/0           2     0   0.0    0.0  246.6    0.0 1150.0 S 0.00 -
 680    0    0     6 0/13/0/0/0               1150.0   900.0     0.0    87.7   40.0   56.0     0 4/4/1/5/1/0           2     0   0.0    0.0  246.6    0.0 1150.0 S 0.00 -
 690    0    0     6 0/13/0/0/0               1150.0   900.0     0.0    87.7   40.0   56.0     0 4/4/1/5/1/0           2     0   0.0    0.0  246.6    0.0 1150.0 S 0.00 -
 700    0    0     6 0/13/0/0/0               1150.0   900.0     0.0    87.7   40.0   56.0     0 4/4/1/5/1/0           2     0   0.0    0.0  246.6    0.0 1150.0 S 0.00 -
 710    0    0     6 0/13/0/0/0               1150.0   900.0     0.0    87.7   40.0   56.0     0 4/4/1/5/1/0           2     0   0.0    0.0  246.6    0.0 1150.0 S 0.00 -
 720    0    0     6 0/13/0/0/0               1150.0   900.0     0.0    87.7   40.0   56.0     0 4/4/1/5/1/0           2     0   0.0    0.0  246.6    0.0 1150.0 S 0.00 -
 730    0    0     6 0/13/0/0/0               1150.0   900.0     0.0    87.7   40.0   56.0     0 4/4/1/5/1/0           2     0   0.0    0.0  246.6    0.0 1150.0 S 0.00 -
 740    0    0     6 0/13/0/0/0               1150.0   900.0     0.0    87.7   40.0   56.0     0 4/4/1/5/1/0           2     0   0.0    0.0  246.6    0.0 1150.0 S 0.00 -
 750    0    0     6 0/13/0/0/0               1150.0   900.0     0.0    87.7   40.0   56.0     0 4/4/1/5/1/0           2     0   0.0    0.0  246.6    0.0 1150.0 S 0.00 -
 760    0    0     6 0/13/0/0/0               1150.0   900.0     0.0    87.7   40.0   56.0     0 4/4/1/5/1/0           2     0   0.0    0.0  246.6    0.0 1150.0 S 0.00 -
 770    0    0     6 0/13/0/0/0               1150.0   900.0     0.0    87.7   40.0   56.0     0 4/4/1/5/1/0           2     0   0.0    0.0  246.6    0.0 1150.0 S 0.00 -
 780    0    0     6 0/13/0/0/0               1150.0   900.0     0.0    87.7   40.0   56.0     0 4/4/1/5/1/0           2     0   0.0    0.0  246.6    0.0 1150.0 S 0.00 -
 790    0    0     6 0/13/0/0/0               1150.0   900.0     0.0    87.7   40.0   56.0     0 4/4/1/5/1/0           2     0   0.0    0.0  246.6    0.0 1150.0 S 0.00 -
 800    0    0     6 0/13/0/0/0               1150.0   900.0     0.0    87.7   40.0   56.0     0 4/4/1/5/1/0           2     0   0.0    0.0  246.6    0.0 1150.0 S 0.00 -
 810    0    0     6 0/13/0/0/0               1150.0   900.0     0.0    87.7   40.0   56.0     0 4/4/1/5/1/0           2     0   0.0    0.0  246.6    0.0 1150.0 S 0.00 -
 820    0    0     6 0/13/0/0/0               1150.0   900.0     0.0    87.7   40.0   56.0     0 4/4/1/5/1/0           2     0   0.0    0.0  246.6    0.0 1150.0 S 0.00 -
 830    0    0     6 0/13/0/0/0               1150.0   900.0     0.0    87.7   40.0   56.0     0 4/4/1/5/1/0           2     0   0.0    0.0  246.6    0.0 1150.0 S 0.00 -
 840    0    0     6 0/13/0/0/0               1150.0   900.0     0.0    87.7   40.0   56.0     0 4/4/1/5/1/0           2     0   0.0    0.0  246.6    0.0 1150.0 S 0.00 -
 850    0    0     6 0/13/0/0/0               1150.0   900.0     0.0    87.7   40.0   56.0     0 4/4/1/5/1/0           2     0   0.0    0.0  246.6    0.0 1150.0 S 0.00 -
 860    0    0     6 0/13/0/0/0               1150.0   900.0     0.0    87.7   40.0   56.0     0 4/4/1/5/1/0           2     0   0.0    0.0  246.6    0.0 1150.0 S 0.00 -
 870    0    0     6 0/13/0/0/0               1150.0   900.0     0.0    87.7   40.0   56.0     0 4/4/1/5/1/0           2     0   0.0    0.0  246.6    0.0 1150.0 S 0.00 -
 880    0    0     6 0/13/0/0/0               1150.0   900.0     0.0    87.7   40.0   56.0     0 4/4/1/5/1/0           2     0   0.0    0.0  246.6    0.0 1150.0 S 0.00 -
 890    0    0     6 0/13/0/0/0               1150.0   900.0     0.0    87.7   40.0   56.0     0 4/4/1/5/1/0           2     0   0.0    0.0  246.6    0.0 1150.0 S 0.00 -
 900    0    0     6 0/13/0/0/0               1150.0   900.0     0.0    87.7   40.0   56.0     0 4/4/1/5/1/0           2     0   0.0    0.0  246.6    0.0 1150.0 S 0.00 -
 910    0    0     6 0/13/0/0/0               1150.0   900.0     0.0    87.7   40.0   56.0     0 4/4/1/5/1/0           2     0   0.0    0.0  246.6    0.0 1150.0 S 0.00 -
 920    0    0     6 0/13/0/0/0               1150.0   900.0     0.0    87.7   40.0   56.0     0 4/4/1/5/1/0           2     0   0.0    0.0  246.6    0.0 1150.0 S 0.00 -
 930    0    0     6 0/13/0/0/0               1150.0   900.0     0.0    87.7   40.0   56.0     0 4/4/1/5/1/0           2     0   0.0    0.0  246.6    0.0 1150.0 S 0.00 -
 940    0    0     6 0/13/0/0/0               1150.0   900.0     0.0    87.7   40.0   56.0     0 4/4/1/5/1/0           2     0   0.0    0.0  246.6    0.0 1150.0 S 0.00 -
 950    0    0     6 0/13/0/0/0               1150.0   900.0     0.0    87.7   40.0   56.0     0 4/4/1/5/1/0           2     0   0.0    0.0  246.6    0.0 1150.0 S 0.00 -
 960    0    0     6 0/13/0/0/0               1150.0   900.0     0.0    87.7   40.0   56.0     0 4/4/1/5/1/0           2     0   0.0    0.0  246.6    0.0 1150.0 S 0.00 -
 970    0    0     6 0/13/0/0/0               1150.0   900.0     0.0    87.7   40.0   56.0     0 4/4/1/5/1/0           2     0   0.0    0.0  246.6    0.0 1150.0 S 0.00 -
 980    0    0     6 0/13/0/0/0               1150.0   900.0     0.0    87.7   40.0   56.0     0 4/4/1/5/1/0           2     0   0.0    0.0  246.6    0.0 1150.0 S 0.00 -
 990    0    0     6 0/13/0/0/0               1150.0   900.0     0.0    87.7   40.0   56.0     0 4/4/1/5/1/0           2     0   0.0    0.0  246.6    0.0 1150.0 S 0.00 -
1000    0    0     6 0/13/0/0/0               1150.0   900.0     0.0    87.7   40.0   56.0     0 4/4/1/5/1/0           2     0   0.0    0.0  246.6    0.0 1150.0 S 0.00 -
1010    0    0     6 0/13/0/0/0               1150.0   900.0     0.0    87.7   40.0   56.0     0 4/4/1/5/1/0           2     0   0.0    0.0  246.6    0.0 1150.0 S 0.00 -
1020    0    0     6 0/13/0/0/0               1150.0   900.0     0.0    87.7   40.0   56.0     0 4/4/1/5/1/0           2     0   0.0    0.0  246.6    0.0 1150.0 S 0.00 -
1030    0    0     6 0/13/0/0/0               1150.0   900.0     0.0    87.7   40.0   56.0     0 4/4/1/5/1/0           2     0   0.0    0.0  246.6    0.0 1150.0 S 0.00 -
1040    0    0     6 0/13/0/0/0               1150.0   900.0     0.0    87.7   40.0   56.0     0 4/4/1/5/1/0           2     0   0.0    0.0  246.6    0.0 1150.0 S 0.00 -
1050    0    0     6 0/13/0/0/0               1150.0   900.0     0.0    87.7   40.0   56.0     0 4/4/1/5/1/0           2     0   0.0    0.0  246.6    0.0 1150.0 S 0.00 -
1060    0    0     6 0/13/0/0/0               1150.0   900.0     0.0    87.7   40.0   56.0     0 4/4/1/5/1/0           2     0   0.0    0.0  246.6    0.0 1150.0 S 0.00 -
1070    0    0     6 0/13/0/0/0               1150.0   900.0     0.0    87.7   40.0   56.0     0 4/4/1/5/1/0           2     0   0.0    0.0  246.6    0.0 1150.0 S 0.00 -
1080    0    0     6 0/13/0/0/0               1150.0   900.0     0.0    87.7   40.0   56.0     0 4/4/1/5/1/0           2     0   0.0    0.0  246.6    0.0 1150.0 S 0.00 -
1090    0    0     6 0/13/0/0/0               1150.0   900.0     0.0    87.7   40.0   56.0     0 4/4/1/5/1/0           2     0   0.0    0.0  246.6    0.0 1150.0 S 0.00 -
1100    0    0     6 0/13/0/0/0               1150.0   900.0     0.0    87.7   40.0   56.0     0 4/4/1/5/1/0           2     0   0.0    0.0  246.6    0.0 1150.0 S 0.00 -
1110    0    0     6 0/13/0/0/0               1150.0   900.0     0.0    87.7   40.0   56.0     0 4/4/1/5/1/0           2     0   0.0    0.0  246.6    0.0 1150.0 S 0.00 -
1120    0    0     6 0/13/0/0/0               1150.0   900.0     0.0    87.7   40.0   56.0     0 4/4/1/5/1/0           2     0   0.0    0.0  246.6    0.0 1150.0 S 0.00 -
1130    0    0     6 0/13/0/0/0               1150.0   900.0     0.0    87.7   40.0   56.0     0 4/4/1/5/1/0           2     0   0.0    0.0  246.6    0.0 1150.0 S 0.00 -
1140    0    0     6 0/13/0/0/0               1150.0   900.0     0.0    87.7   40.0   56.0     0 4/4/1/5/1/0           2     0   0.0    0.0  246.6    0.0 1150.0 S 0.00 -
1150    0    0     6 0/13/0/0/0               1150.0   900.0     0.0    87.7   40.0   56.0     0 4/4/1/5/1/0           2     0   0.0    0.0  246.6    0.0 1150.0 S 0.00 -
1160    0    0     6 0/13/0/0/0               1150.0   900.0     0.0    87.7   40.0   56.0     0 4/4/1/5/1/0           2     0   0.0    0.0  246.6    0.0 1150.0 S 0.00 -
1170    0    0     6 0/13/0/0/0               1150.0   900.0     0.0    87.7   40.0   56.0     0 4/4/1/5/1/0           2     0   0.0    0.0  246.6    0.0 1150.0 S 0.00 -
1180    0    0     6 0/13/0/0/0               1150.0   900.0     0.0    87.7   40.0   56.0     0 4/4/1/5/1/0           2     0   0.0    0.0  246.6    0.0 1150.0 S 0.00 -
1190    0    0     6 0/13/0/0/0               1150.0   900.0     0.0    87.7   40.0   56.0     0 4/4/1/5/1/0           2     0   0.0    0.0  246.6    0.0 1150.0 S 0.00 -
1200    0    0     6 0/13/0/0/0               1150.0   900.0     0.0    87.7   40.0   56.0     0 4/4/1/5/1/0           2     0   0.0    0.0  246.6    0.0 1150.0 S 0.00 -
1210    0    0     6 0/13/0/0/0               1150.0   900.0     0.0    87.7   40.0   56.0     0 4/4/1/5/1/0           2     0   0.0    0.0  246.6    0.0 1150.0 S 0.00 -
1220    0    0     6 0/13/0/0/0               1150.0   900.0     0.0    87.7   40.0   56.0     0 4/4/1/5/1/0           2     0   0.0    0.0  246.6    0.0 1150.0 S 0.00 -
1230    0    0     6 0/13/0/0/0               1150.0   900.0     0.0    87.7   40.0   56.0     0 4/4/1/5/1/0           2     0   0.0    0.0  246.6    0.0 1150.0 S 0.00 -
1240    0    0     6 0/13/0/0/0               1150.0   900.0     0.0    87.7   40.0   56.0     0 4/4/1/5/1/0           2     0   0.0    0.0  246.6    0.0 1150.0 S 0.00 -
1250    0    0     6 0/13/0/0/0               1150.0   900.0     0.0    87.7   40.0   56.0     0 4/4/1/5/1/0           2     0   0.0    0.0  246.6    0.0 1150.0 S 0.00 -
1260    0    0     6 0/13/0/0/0               1150.0   900.0     0.0    87.7   40.0   56.0     0 4/4/1/5/1/0           2     0   0.0    0.0  246.6    0.0 1150.0 S 0.00 -
1270    0    0     6 0/13/0/0/0               1150.0   900.0     0.0    87.7   40.0   56.0     0 4/4/1/5/1/0           2     0   0.0    0.0  246.6    0.0 1150.0 S 0.00 -
1280    0    0     6 0/13/0/0/0               1150.0   900.0     0.0    87.7   40.0   56.0     0 4/4/1/5/1/0           2     0   0.0    0.0  246.6    0.0 1150.0 S 0.00 -
1290    0    0     6 0/13/0/0/0               1150.0   900.0     0.0    87.7   40.0   56.0     0 4/4/1/5/1/0           2     0   0.0    0.0  246.6    0.0 1150.0 S 0.00 -
1300    0    0     6 0/13/0/0/0               1150.0   900.0     0.0    87.7   40.0   56.0     0 4/4/1/5/1/0           2     0   0.0    0.0  246.6    0.0 1150.0 S 0.00 -
1310    0    0     6 0/13/0/0/0               1150.0   900.0     0.0    87.7   40.0   56.0     0 4/4/1/5/1/0           2     0   0.0    0.0  246.6    0.0 1150.0 S 0.00 -
1320    0    0     6 0/13/0/0/0               1150.0   900.0     0.0    87.7   40.0   56.0     0 4/4/1/5/1/0           2     0   0.0    0.0  246.6    0.0 1150.0 S 0.00 -
1330    0    0     6 0/13/0/0/0               1150.0   900.0     0.0    87.7   40.0   56.0     0 4/4/1/5/1/0           2     0   0.0    0.0  246.6    0.0 1150.0 S 0.00 -
1340    0    0     6 0/13/0/0/0               1150.0   900.0     0.0    87.7   40.0   56.0     0 4/4/1/5/1/0           2     0   0.0    0.0  246.6    0.0 1150.0 S 0.00 -
1350    0    0     6 0/13/0/0/0               1150.0   900.0     0.0    87.7   40.0   56.0     0 4/4/1/5/1/0           2     0   0.0    0.0  246.6    0.0 1150.0 S 0.00 -
1360    0    0     6 0/13/0/0/0               1150.0   900.0     0.0    87.7   40.0   56.0     0 4/4/1/5/1/0           2     0   0.0    0.0  246.6    0.0 1150.0 S 0.00 -
1370    0    0     6 0/13/0/0/0               1150.0   900.0     0.0    87.7   40.0   56.0     0 4/4/1/5/1/0           2     0   0.0    0.0  246.6    0.0 1150.0 S 0.00 -
1380    0    0     6 0/13/0/0/0               1150.0   900.0     0.0    87.7   40.0   56.0     0 4/4/1/5/1/0           2     0   0.0    0.0  246.6    0.0 1150.0 S 0.00 -
1390    0    0     6 0/13/0/0/0               1150.0   900.0     0.0    87.7   40.0   56.0     0 4/4/1/5/1/0           2     0   0.0    0.0  246.6    0.0 1150.0 S 0.00 -
1400    0    0     6 0/13/0/0/0               1150.0   900.0     0.0    87.7   40.0   56.0     0 4/4/1/5/1/0           2     0   0.0    0.0  246.6    0.0 1150.0 S 0.00 -
1410    0    0     6 0/13/0/0/0               1150.0   900.0     0.0    87.7   40.0   56.0     0 4/4/1/5/1/0           2     0   0.0    0.0  246.6    0.0 1150.0 S 0.00 -
1420    0    0     6 0/13/0/0/0               1150.0   900.0     0.0    87.7   40.0   56.0     0 4/4/1/5/1/0           2     0   0.0    0.0  246.6    0.0 1150.0 S 0.00 -
1430    0    0     6 0/13/0/0/0               1150.0   900.0     0.0    87.7   40.0   56.0     0 4/4/1/5/1/0           2     0   0.0    0.0  246.6    0.0 1150.0 S 0.00 -
1440    0    0     6 0/13/0/0/0               1150.0   900.0     0.0    87.7   40.0   56.0     0 4/4/1/5/1/0           2     0   0.0    0.0  246.6    0.0 1150.0 S 0.00 -
1450    0    0     6 0/13/0/0/0               1150.0   900.0     0.0    87.7   40.0   56.0     0 4/4/1/5/1/0           2     0   0.0    0.0  246.6    0.0 1150.0 S 0.00 -
1460    0    0     6 0/13/0/0/0               1150.0   900.0     0.0    87.7   40.0   56.0     0 4/4/1/5/1/0           2     0   0.0    0.0  246.6    0.0 1150.0 S 0.00 -
1470    0    0     6 0/13/0/0/0               1150.0   900.0     0.0    87.7   40.0   56.0     0 4/4/1/5/1/0           2     0   0.0    0.0  246.6    0.0 1150.0 S 0.00 -
1480    0    0     6 0/13/0/0/0               1150.0   900.0     0.0    87.7   40.0   56.0     0 4/4/1/5/1/0           2     0   0.0    0.0  246.6    0.0 1150.0 S 0.00 -
1490    0    0     6 0/13/0/0/0               1150.0   900.0     0.0    87.7   40.0   56.0     0 4/4/1/5/1/0           2     0   0.0    0.0  246.6    0.0 1150.0 S 0.00 -
1500    0    0     6 0/13/0/0/0               1150.0   900.0     0.0    87.7   40.0   56.0     0 4/4/1/5/1/0           2     0   0.0    0.0  246.6    0.0 1150.0 S 0.00 -

targets for seed 42 (1500 sols):
  T1 FAIL run min pop 0 (needs >= 5), final pop 0
  T2 PASS deaths 13 (air 0 thirst 13 hunger 0 eva 0 other 0), unexplained 0
  T3 PASS births 6, first_birth_sol 286, at_capacity 0, cooldown_violations 0, pop@30=7, pop@100=7, pop@300=12
  T4 PASS min O2 261.5, food 203.1; ice ran dry (pressure): min ice 0.0, ice>30 0.0, thirst deaths 13; max ice/target 0.87, regolith/target 0.38
  T5 PASS demand>supply 0.00% of steps (<=10), max shorts/sol 0 (<=2), max offline 0.0 h (<=24.7), first new reactor sol 5 (<=15)
  T6 PASS limited 34894.7 h = 94.34% (>=2% provisional; 4 of 5 seeds), site busy 93.4%; waiting_regolith 730.0 h, site_no_crew 34164.7 h
  T7 PASS turn_backs_air 0, exhausted 32, reachable>=2 at 100.0% of 1500 sol samples (>=95), trips 194
  T8 FAIL row avg energy 0.0..61.9 (40..90), row asleep 0.0..12.4% (5..30), max sleep 8.8 h (<=18)
  T9 N/A  checked by repeating the run and by tests/test_determinism.gd (compare the table sha256)
  T10 FAIL first settlement sol 296 (40..150), age_changes 1 (<=4), min gap between consecutive history entries 296 (>=20), history 2 entries (changes+1 = 2); report: sols_in_age landing 296 settlement 1204 council 0, age at end settlement, changes [sol 296 settled], fall back causes [none], not-ok sols 37 (by group, a sol can fail several: ice 10, food 1, oxygen 1, power 0, death 6, unrest 26)
  T11 FAIL (1) list lengths 1501/1501/1501/1501 ok; (2) lonely mean of last 50 readings 0.000 (max 0.35) ok; (3) friends_mean 0.00 (1.0..15.0) BAD; (4) first_friendship_sol 120 ok; (5) lines_dropped (total) 0 ok; report: web 0.00 second 0.00 lonely 0.00 friends_mean 0.00 friends share of colony 0.000 (pop 0)
  T12 PASS (1) list lengths 1501/1501/1501 ok; (2) C2 ok; (3) council changes 0 (<=4) ok; (4) proposals 0 ok; (5) one Council line per boundary ok; report: first Council sol <null>, meetings 0, proposals [], pledge sol <null> reason -, lines {}, dropped 0; council_min_seeds 3 pledge_min_seeds 1
RESULT FAIL (target 9 determinism: table sha256 9f30d845dd21dd28)
