Godot Engine v4.5.stable.official.876b29033 - https://godotengine.org

# station zero balance run: seed=7 sols=1500 overrides=[resources.throughput.launch_energy_min=45.0] fixed_step=0.05 data_hash=273e69b8552a0e2d
# deaths and births are cumulative; shorts, trips, energy, asleep, wait, min_* are for the 30-sol window
 sol  pop  min birth dead a/t/h/o/x           oxygen    food     ice   regol   dmnd   supp short bldg R/H/W/G/A/C  reach trips  avgE asleep%  waitH minIce  minO2 age web cn
  10    7    7     0 0/0/0/0/0                 384.9   296.2    54.1    94.9   11.0   28.0     0 2/1/1/1/0/0           2     8  56.9    9.6  202.4   54.1  261.5 L 1.00 -
  20    7    7     0 0/0/0/0/0                 550.0   420.0    61.2    87.1   13.0   28.0     0 2/1/1/1/0/0           2     8  54.7   11.2   87.6   49.0  385.0 L 1.00 -
  30    7    7     0 0/0/0/0/0                 550.0   420.0    51.5   115.1   14.0   28.0     0 2/2/1/1/0/0           2     7  54.1   10.9  187.2   51.5  549.0 L 1.00 -
  40    7    7     0 0/0/0/0/0                 550.0   420.0    76.0   158.6   14.0   28.0     0 2/2/1/1/0/0           2    11  56.6   11.9    0.0   51.4  549.0 L 1.00 -
  50    7    7     0 0/0/0/0/0                 550.0   420.0    63.0   119.1   16.0   28.0     0 2/2/1/1/0/0           2     3  59.2   10.8  161.8   63.0  549.0 L 1.00 -
  60    7    7     0 0/0/0/0/0                 550.0   420.0    77.7    63.1   19.0   28.0     0 2/3/1/1/1/0           2     5  57.0   11.5  158.8   59.9  548.5 L 1.00 -
  70    7    7     0 0/0/0/0/0                 550.0   420.0    60.5    13.1   21.0   28.0     0 2/3/1/1/1/0           2     1  56.2    9.5  200.3   60.5  549.0 L 0.86 -
  80    7    7     0 0/0/0/0/0                 550.0   420.0    43.2    27.6   21.0   28.0     0 2/3/1/1/1/0           2     1  54.1   10.6  235.1   43.2  549.0 L 0.86 -
  90    7    7     0 0/0/0/0/0                 550.0   420.0    33.7    63.9   21.0   28.0     0 2/3/1/1/1/0           2     5  57.3   11.1  240.2   29.5  549.0 L 0.86 -
 100    7    7     0 0/0/0/0/0                 550.0   420.0    36.7    63.9   21.0   28.0     0 2/3/1/1/1/0           2     4  52.3    9.9  244.0   29.9  549.0 L 0.86 -
 110    7    7     0 0/0/0/0/0                 550.0   420.0    19.4    74.9   21.0   28.0     0 2/3/1/1/1/0           2     1  52.3   10.7  242.4   19.4  549.0 L 0.71 -
 120    7    7     0 0/0/0/0/0                 550.0   420.0    10.0    74.9   21.0   28.0     0 2/3/1/1/1/0           2     1  51.0    9.9  238.2   10.0  549.0 L 0.57 -
 130    0    0     0 0/7/0/0/0                 700.0   540.0     0.0    10.9   25.0   28.0     0 2/3/1/2/1/0           2     0  51.9   10.3  216.5    0.0  549.0 L 0.00 -
 140    0    0     0 0/7/0/0/0                 700.0   540.0     0.0    10.9   25.0   28.0     0 2/3/1/2/1/0           2     0   0.0    0.0  246.6    0.0  700.0 L 0.00 -
 150    0    0     0 0/7/0/0/0                 700.0   540.0     0.0    10.9   25.0   28.0     0 2/3/1/2/1/0           2     0   0.0    0.0  246.6    0.0  700.0 L 0.00 -
 160    0    0     0 0/7/0/0/0                 700.0   540.0     0.0    10.9   25.0   28.0     0 2/3/1/2/1/0           2     0   0.0    0.0  246.6    0.0  700.0 L 0.00 -
 170    0    0     0 0/7/0/0/0                 700.0   540.0     0.0    10.9   25.0   28.0     0 2/3/1/2/1/0           2     0   0.0    0.0  246.6    0.0  700.0 L 0.00 -
 180    0    0     0 0/7/0/0/0                 700.0   540.0     0.0    10.9   25.0   28.0     0 2/3/1/2/1/0           2     0   0.0    0.0  246.6    0.0  700.0 L 0.00 -
 190    0    0     0 0/7/0/0/0                 700.0   540.0     0.0    10.9   25.0   28.0     0 2/3/1/2/1/0           2     0   0.0    0.0  246.6    0.0  700.0 L 0.00 -
 200    0    0     0 0/7/0/0/0                 700.0   540.0     0.0    10.9   25.0   28.0     0 2/3/1/2/1/0           2     0   0.0    0.0  246.6    0.0  700.0 L 0.00 -
 210    0    0     0 0/7/0/0/0                 700.0   540.0     0.0    10.9   25.0   28.0     0 2/3/1/2/1/0           2     0   0.0    0.0  246.6    0.0  700.0 L 0.00 -
 220    0    0     0 0/7/0/0/0                 700.0   540.0     0.0    10.9   25.0   28.0     0 2/3/1/2/1/0           2     0   0.0    0.0  246.6    0.0  700.0 L 0.00 -
 230    0    0     0 0/7/0/0/0                 700.0   540.0     0.0    10.9   25.0   28.0     0 2/3/1/2/1/0           2     0   0.0    0.0  246.6    0.0  700.0 L 0.00 -
 240    0    0     0 0/7/0/0/0                 700.0   540.0     0.0    10.9   25.0   28.0     0 2/3/1/2/1/0           2     0   0.0    0.0  246.6    0.0  700.0 L 0.00 -
 250    0    0     0 0/7/0/0/0                 700.0   540.0     0.0    10.9   25.0   28.0     0 2/3/1/2/1/0           2     0   0.0    0.0  246.6    0.0  700.0 L 0.00 -
 260    0    0     0 0/7/0/0/0                 700.0   540.0     0.0    10.9   25.0   28.0     0 2/3/1/2/1/0           2     0   0.0    0.0  246.6    0.0  700.0 L 0.00 -
 270    0    0     0 0/7/0/0/0                 700.0   540.0     0.0    10.9   25.0   28.0     0 2/3/1/2/1/0           2     0   0.0    0.0  246.6    0.0  700.0 L 0.00 -
 280    0    0     0 0/7/0/0/0                 700.0   540.0     0.0    10.9   25.0   28.0     0 2/3/1/2/1/0           2     0   0.0    0.0  246.6    0.0  700.0 L 0.00 -
 290    0    0     0 0/7/0/0/0                 700.0   540.0     0.0    10.9   25.0   28.0     0 2/3/1/2/1/0           2     0   0.0    0.0  246.6    0.0  700.0 L 0.00 -
 300    0    0     0 0/7/0/0/0                 700.0   540.0     0.0    10.9   25.0   28.0     0 2/3/1/2/1/0           2     0   0.0    0.0  246.6    0.0  700.0 L 0.00 -
 310    0    0     0 0/7/0/0/0                 700.0   540.0     0.0    10.9   25.0   28.0     0 2/3/1/2/1/0           2     0   0.0    0.0  246.6    0.0  700.0 L 0.00 -
 320    0    0     0 0/7/0/0/0                 700.0   540.0     0.0    10.9   25.0   28.0     0 2/3/1/2/1/0           2     0   0.0    0.0  246.6    0.0  700.0 L 0.00 -
 330    0    0     0 0/7/0/0/0                 700.0   540.0     0.0    10.9   25.0   28.0     0 2/3/1/2/1/0           2     0   0.0    0.0  246.6    0.0  700.0 L 0.00 -
 340    0    0     0 0/7/0/0/0                 700.0   540.0     0.0    10.9   25.0   28.0     0 2/3/1/2/1/0           2     0   0.0    0.0  246.6    0.0  700.0 L 0.00 -
 350    0    0     0 0/7/0/0/0                 700.0   540.0     0.0    10.9   25.0   28.0     0 2/3/1/2/1/0           2     0   0.0    0.0  246.6    0.0  700.0 L 0.00 -
 360    0    0     0 0/7/0/0/0                 700.0   540.0     0.0    10.9   25.0   28.0     0 2/3/1/2/1/0           2     0   0.0    0.0  246.6    0.0  700.0 L 0.00 -
 370    0    0     0 0/7/0/0/0                 700.0   540.0     0.0    10.9   25.0   28.0     0 2/3/1/2/1/0           2     0   0.0    0.0  246.6    0.0  700.0 L 0.00 -
 380    0    0     0 0/7/0/0/0                 700.0   540.0     0.0    10.9   25.0   28.0     0 2/3/1/2/1/0           2     0   0.0    0.0  246.6    0.0  700.0 L 0.00 -
 390    0    0     0 0/7/0/0/0                 700.0   540.0     0.0    10.9   25.0   28.0     0 2/3/1/2/1/0           2     0   0.0    0.0  246.6    0.0  700.0 L 0.00 -
 400    0    0     0 0/7/0/0/0                 700.0   540.0     0.0    10.9   25.0   28.0     0 2/3/1/2/1/0           2     0   0.0    0.0  246.6    0.0  700.0 L 0.00 -
 410    0    0     0 0/7/0/0/0                 700.0   540.0     0.0    10.9   25.0   28.0     0 2/3/1/2/1/0           2     0   0.0    0.0  246.6    0.0  700.0 L 0.00 -
 420    0    0     0 0/7/0/0/0                 700.0   540.0     0.0    10.9   25.0   28.0     0 2/3/1/2/1/0           2     0   0.0    0.0  246.6    0.0  700.0 L 0.00 -
 430    0    0     0 0/7/0/0/0                 700.0   540.0     0.0    10.9   25.0   28.0     0 2/3/1/2/1/0           2     0   0.0    0.0  246.6    0.0  700.0 L 0.00 -
 440    0    0     0 0/7/0/0/0                 700.0   540.0     0.0    10.9   25.0   28.0     0 2/3/1/2/1/0           2     0   0.0    0.0  246.6    0.0  700.0 L 0.00 -
 450    0    0     0 0/7/0/0/0                 700.0   540.0     0.0    10.9   25.0   28.0     0 2/3/1/2/1/0           2     0   0.0    0.0  246.6    0.0  700.0 L 0.00 -
 460    0    0     0 0/7/0/0/0                 700.0   540.0     0.0    10.9   25.0   28.0     0 2/3/1/2/1/0           2     0   0.0    0.0  246.6    0.0  700.0 L 0.00 -
 470    0    0     0 0/7/0/0/0                 700.0   540.0     0.0    10.9   25.0   28.0     0 2/3/1/2/1/0           2     0   0.0    0.0  246.6    0.0  700.0 L 0.00 -
 480    0    0     0 0/7/0/0/0                 700.0   540.0     0.0    10.9   25.0   28.0     0 2/3/1/2/1/0           2     0   0.0    0.0  246.6    0.0  700.0 L 0.00 -
 490    0    0     0 0/7/0/0/0                 700.0   540.0     0.0    10.9   25.0   28.0     0 2/3/1/2/1/0           2     0   0.0    0.0  246.6    0.0  700.0 L 0.00 -
 500    0    0     0 0/7/0/0/0                 700.0   540.0     0.0    10.9   25.0   28.0     0 2/3/1/2/1/0           2     0   0.0    0.0  246.6    0.0  700.0 L 0.00 -
 510    0    0     0 0/7/0/0/0                 700.0   540.0     0.0    10.9   25.0   28.0     0 2/3/1/2/1/0           2     0   0.0    0.0  246.6    0.0  700.0 L 0.00 -
 520    0    0     0 0/7/0/0/0                 700.0   540.0     0.0    10.9   25.0   28.0     0 2/3/1/2/1/0           2     0   0.0    0.0  246.6    0.0  700.0 L 0.00 -
 530    0    0     0 0/7/0/0/0                 700.0   540.0     0.0    10.9   25.0   28.0     0 2/3/1/2/1/0           2     0   0.0    0.0  246.6    0.0  700.0 L 0.00 -
 540    0    0     0 0/7/0/0/0                 700.0   540.0     0.0    10.9   25.0   28.0     0 2/3/1/2/1/0           2     0   0.0    0.0  246.6    0.0  700.0 L 0.00 -
 550    0    0     0 0/7/0/0/0                 700.0   540.0     0.0    10.9   25.0   28.0     0 2/3/1/2/1/0           2     0   0.0    0.0  246.6    0.0  700.0 L 0.00 -
 560    0    0     0 0/7/0/0/0                 700.0   540.0     0.0    10.9   25.0   28.0     0 2/3/1/2/1/0           2     0   0.0    0.0  246.6    0.0  700.0 L 0.00 -
 570    0    0     0 0/7/0/0/0                 700.0   540.0     0.0    10.9   25.0   28.0     0 2/3/1/2/1/0           2     0   0.0    0.0  246.6    0.0  700.0 L 0.00 -
 580    0    0     0 0/7/0/0/0                 700.0   540.0     0.0    10.9   25.0   28.0     0 2/3/1/2/1/0           2     0   0.0    0.0  246.6    0.0  700.0 L 0.00 -
 590    0    0     0 0/7/0/0/0                 700.0   540.0     0.0    10.9   25.0   28.0     0 2/3/1/2/1/0           2     0   0.0    0.0  246.6    0.0  700.0 L 0.00 -
 600    0    0     0 0/7/0/0/0                 700.0   540.0     0.0    10.9   25.0   28.0     0 2/3/1/2/1/0           2     0   0.0    0.0  246.6    0.0  700.0 L 0.00 -
 610    0    0     0 0/7/0/0/0                 700.0   540.0     0.0    10.9   25.0   28.0     0 2/3/1/2/1/0           2     0   0.0    0.0  246.6    0.0  700.0 L 0.00 -
 620    0    0     0 0/7/0/0/0                 700.0   540.0     0.0    10.9   25.0   28.0     0 2/3/1/2/1/0           2     0   0.0    0.0  246.6    0.0  700.0 L 0.00 -
 630    0    0     0 0/7/0/0/0                 700.0   540.0     0.0    10.9   25.0   28.0     0 2/3/1/2/1/0           2     0   0.0    0.0  246.6    0.0  700.0 L 0.00 -
 640    0    0     0 0/7/0/0/0                 700.0   540.0     0.0    10.9   25.0   28.0     0 2/3/1/2/1/0           2     0   0.0    0.0  246.6    0.0  700.0 L 0.00 -
 650    0    0     0 0/7/0/0/0                 700.0   540.0     0.0    10.9   25.0   28.0     0 2/3/1/2/1/0           2     0   0.0    0.0  246.6    0.0  700.0 L 0.00 -
 660    0    0     0 0/7/0/0/0                 700.0   540.0     0.0    10.9   25.0   28.0     0 2/3/1/2/1/0           2     0   0.0    0.0  246.6    0.0  700.0 L 0.00 -
 670    0    0     0 0/7/0/0/0                 700.0   540.0     0.0    10.9   25.0   28.0     0 2/3/1/2/1/0           2     0   0.0    0.0  246.6    0.0  700.0 L 0.00 -
 680    0    0     0 0/7/0/0/0                 700.0   540.0     0.0    10.9   25.0   28.0     0 2/3/1/2/1/0           2     0   0.0    0.0  246.6    0.0  700.0 L 0.00 -
 690    0    0     0 0/7/0/0/0                 700.0   540.0     0.0    10.9   25.0   28.0     0 2/3/1/2/1/0           2     0   0.0    0.0  246.6    0.0  700.0 L 0.00 -
 700    0    0     0 0/7/0/0/0                 700.0   540.0     0.0    10.9   25.0   28.0     0 2/3/1/2/1/0           2     0   0.0    0.0  246.6    0.0  700.0 L 0.00 -
 710    0    0     0 0/7/0/0/0                 700.0   540.0     0.0    10.9   25.0   28.0     0 2/3/1/2/1/0           2     0   0.0    0.0  246.6    0.0  700.0 L 0.00 -
 720    0    0     0 0/7/0/0/0                 700.0   540.0     0.0    10.9   25.0   28.0     0 2/3/1/2/1/0           2     0   0.0    0.0  246.6    0.0  700.0 L 0.00 -
 730    0    0     0 0/7/0/0/0                 700.0   540.0     0.0    10.9   25.0   28.0     0 2/3/1/2/1/0           2     0   0.0    0.0  246.6    0.0  700.0 L 0.00 -
 740    0    0     0 0/7/0/0/0                 700.0   540.0     0.0    10.9   25.0   28.0     0 2/3/1/2/1/0           2     0   0.0    0.0  246.6    0.0  700.0 L 0.00 -
 750    0    0     0 0/7/0/0/0                 700.0   540.0     0.0    10.9   25.0   28.0     0 2/3/1/2/1/0           2     0   0.0    0.0  246.6    0.0  700.0 L 0.00 -
 760    0    0     0 0/7/0/0/0                 700.0   540.0     0.0    10.9   25.0   28.0     0 2/3/1/2/1/0           2     0   0.0    0.0  246.6    0.0  700.0 L 0.00 -
 770    0    0     0 0/7/0/0/0                 700.0   540.0     0.0    10.9   25.0   28.0     0 2/3/1/2/1/0           2     0   0.0    0.0  246.6    0.0  700.0 L 0.00 -
 780    0    0     0 0/7/0/0/0                 700.0   540.0     0.0    10.9   25.0   28.0     0 2/3/1/2/1/0           2     0   0.0    0.0  246.6    0.0  700.0 L 0.00 -
 790    0    0     0 0/7/0/0/0                 700.0   540.0     0.0    10.9   25.0   28.0     0 2/3/1/2/1/0           2     0   0.0    0.0  246.6    0.0  700.0 L 0.00 -
 800    0    0     0 0/7/0/0/0                 700.0   540.0     0.0    10.9   25.0   28.0     0 2/3/1/2/1/0           2     0   0.0    0.0  246.6    0.0  700.0 L 0.00 -
 810    0    0     0 0/7/0/0/0                 700.0   540.0     0.0    10.9   25.0   28.0     0 2/3/1/2/1/0           2     0   0.0    0.0  246.6    0.0  700.0 L 0.00 -
 820    0    0     0 0/7/0/0/0                 700.0   540.0     0.0    10.9   25.0   28.0     0 2/3/1/2/1/0           2     0   0.0    0.0  246.6    0.0  700.0 L 0.00 -
 830    0    0     0 0/7/0/0/0                 700.0   540.0     0.0    10.9   25.0   28.0     0 2/3/1/2/1/0           2     0   0.0    0.0  246.6    0.0  700.0 L 0.00 -
 840    0    0     0 0/7/0/0/0                 700.0   540.0     0.0    10.9   25.0   28.0     0 2/3/1/2/1/0           2     0   0.0    0.0  246.6    0.0  700.0 L 0.00 -
 850    0    0     0 0/7/0/0/0                 700.0   540.0     0.0    10.9   25.0   28.0     0 2/3/1/2/1/0           2     0   0.0    0.0  246.6    0.0  700.0 L 0.00 -
 860    0    0     0 0/7/0/0/0                 700.0   540.0     0.0    10.9   25.0   28.0     0 2/3/1/2/1/0           2     0   0.0    0.0  246.6    0.0  700.0 L 0.00 -
 870    0    0     0 0/7/0/0/0                 700.0   540.0     0.0    10.9   25.0   28.0     0 2/3/1/2/1/0           2     0   0.0    0.0  246.6    0.0  700.0 L 0.00 -
 880    0    0     0 0/7/0/0/0                 700.0   540.0     0.0    10.9   25.0   28.0     0 2/3/1/2/1/0           2     0   0.0    0.0  246.6    0.0  700.0 L 0.00 -
 890    0    0     0 0/7/0/0/0                 700.0   540.0     0.0    10.9   25.0   28.0     0 2/3/1/2/1/0           2     0   0.0    0.0  246.6    0.0  700.0 L 0.00 -
 900    0    0     0 0/7/0/0/0                 700.0   540.0     0.0    10.9   25.0   28.0     0 2/3/1/2/1/0           2     0   0.0    0.0  246.6    0.0  700.0 L 0.00 -
 910    0    0     0 0/7/0/0/0                 700.0   540.0     0.0    10.9   25.0   28.0     0 2/3/1/2/1/0           2     0   0.0    0.0  246.6    0.0  700.0 L 0.00 -
 920    0    0     0 0/7/0/0/0                 700.0   540.0     0.0    10.9   25.0   28.0     0 2/3/1/2/1/0           2     0   0.0    0.0  246.6    0.0  700.0 L 0.00 -
 930    0    0     0 0/7/0/0/0                 700.0   540.0     0.0    10.9   25.0   28.0     0 2/3/1/2/1/0           2     0   0.0    0.0  246.6    0.0  700.0 L 0.00 -
 940    0    0     0 0/7/0/0/0                 700.0   540.0     0.0    10.9   25.0   28.0     0 2/3/1/2/1/0           2     0   0.0    0.0  246.6    0.0  700.0 L 0.00 -
 950    0    0     0 0/7/0/0/0                 700.0   540.0     0.0    10.9   25.0   28.0     0 2/3/1/2/1/0           2     0   0.0    0.0  246.6    0.0  700.0 L 0.00 -
 960    0    0     0 0/7/0/0/0                 700.0   540.0     0.0    10.9   25.0   28.0     0 2/3/1/2/1/0           2     0   0.0    0.0  246.6    0.0  700.0 L 0.00 -
 970    0    0     0 0/7/0/0/0                 700.0   540.0     0.0    10.9   25.0   28.0     0 2/3/1/2/1/0           2     0   0.0    0.0  246.6    0.0  700.0 L 0.00 -
 980    0    0     0 0/7/0/0/0                 700.0   540.0     0.0    10.9   25.0   28.0     0 2/3/1/2/1/0           2     0   0.0    0.0  246.6    0.0  700.0 L 0.00 -
 990    0    0     0 0/7/0/0/0                 700.0   540.0     0.0    10.9   25.0   28.0     0 2/3/1/2/1/0           2     0   0.0    0.0  246.6    0.0  700.0 L 0.00 -
1000    0    0     0 0/7/0/0/0                 700.0   540.0     0.0    10.9   25.0   28.0     0 2/3/1/2/1/0           2     0   0.0    0.0  246.6    0.0  700.0 L 0.00 -
1010    0    0     0 0/7/0/0/0                 700.0   540.0     0.0    10.9   25.0   28.0     0 2/3/1/2/1/0           2     0   0.0    0.0  246.6    0.0  700.0 L 0.00 -
1020    0    0     0 0/7/0/0/0                 700.0   540.0     0.0    10.9   25.0   28.0     0 2/3/1/2/1/0           2     0   0.0    0.0  246.6    0.0  700.0 L 0.00 -
1030    0    0     0 0/7/0/0/0                 700.0   540.0     0.0    10.9   25.0   28.0     0 2/3/1/2/1/0           2     0   0.0    0.0  246.6    0.0  700.0 L 0.00 -
1040    0    0     0 0/7/0/0/0                 700.0   540.0     0.0    10.9   25.0   28.0     0 2/3/1/2/1/0           2     0   0.0    0.0  246.6    0.0  700.0 L 0.00 -
1050    0    0     0 0/7/0/0/0                 700.0   540.0     0.0    10.9   25.0   28.0     0 2/3/1/2/1/0           2     0   0.0    0.0  246.6    0.0  700.0 L 0.00 -
1060    0    0     0 0/7/0/0/0                 700.0   540.0     0.0    10.9   25.0   28.0     0 2/3/1/2/1/0           2     0   0.0    0.0  246.6    0.0  700.0 L 0.00 -
1070    0    0     0 0/7/0/0/0                 700.0   540.0     0.0    10.9   25.0   28.0     0 2/3/1/2/1/0           2     0   0.0    0.0  246.6    0.0  700.0 L 0.00 -
1080    0    0     0 0/7/0/0/0                 700.0   540.0     0.0    10.9   25.0   28.0     0 2/3/1/2/1/0           2     0   0.0    0.0  246.6    0.0  700.0 L 0.00 -
1090    0    0     0 0/7/0/0/0                 700.0   540.0     0.0    10.9   25.0   28.0     0 2/3/1/2/1/0           2     0   0.0    0.0  246.6    0.0  700.0 L 0.00 -
1100    0    0     0 0/7/0/0/0                 700.0   540.0     0.0    10.9   25.0   28.0     0 2/3/1/2/1/0           2     0   0.0    0.0  246.6    0.0  700.0 L 0.00 -
1110    0    0     0 0/7/0/0/0                 700.0   540.0     0.0    10.9   25.0   28.0     0 2/3/1/2/1/0           2     0   0.0    0.0  246.6    0.0  700.0 L 0.00 -
1120    0    0     0 0/7/0/0/0                 700.0   540.0     0.0    10.9   25.0   28.0     0 2/3/1/2/1/0           2     0   0.0    0.0  246.6    0.0  700.0 L 0.00 -
1130    0    0     0 0/7/0/0/0                 700.0   540.0     0.0    10.9   25.0   28.0     0 2/3/1/2/1/0           2     0   0.0    0.0  246.6    0.0  700.0 L 0.00 -
1140    0    0     0 0/7/0/0/0                 700.0   540.0     0.0    10.9   25.0   28.0     0 2/3/1/2/1/0           2     0   0.0    0.0  246.6    0.0  700.0 L 0.00 -
1150    0    0     0 0/7/0/0/0                 700.0   540.0     0.0    10.9   25.0   28.0     0 2/3/1/2/1/0           2     0   0.0    0.0  246.6    0.0  700.0 L 0.00 -
1160    0    0     0 0/7/0/0/0                 700.0   540.0     0.0    10.9   25.0   28.0     0 2/3/1/2/1/0           2     0   0.0    0.0  246.6    0.0  700.0 L 0.00 -
1170    0    0     0 0/7/0/0/0                 700.0   540.0     0.0    10.9   25.0   28.0     0 2/3/1/2/1/0           2     0   0.0    0.0  246.6    0.0  700.0 L 0.00 -
1180    0    0     0 0/7/0/0/0                 700.0   540.0     0.0    10.9   25.0   28.0     0 2/3/1/2/1/0           2     0   0.0    0.0  246.6    0.0  700.0 L 0.00 -
1190    0    0     0 0/7/0/0/0                 700.0   540.0     0.0    10.9   25.0   28.0     0 2/3/1/2/1/0           2     0   0.0    0.0  246.6    0.0  700.0 L 0.00 -
1200    0    0     0 0/7/0/0/0                 700.0   540.0     0.0    10.9   25.0   28.0     0 2/3/1/2/1/0           2     0   0.0    0.0  246.6    0.0  700.0 L 0.00 -
1210    0    0     0 0/7/0/0/0                 700.0   540.0     0.0    10.9   25.0   28.0     0 2/3/1/2/1/0           2     0   0.0    0.0  246.6    0.0  700.0 L 0.00 -
1220    0    0     0 0/7/0/0/0                 700.0   540.0     0.0    10.9   25.0   28.0     0 2/3/1/2/1/0           2     0   0.0    0.0  246.6    0.0  700.0 L 0.00 -
1230    0    0     0 0/7/0/0/0                 700.0   540.0     0.0    10.9   25.0   28.0     0 2/3/1/2/1/0           2     0   0.0    0.0  246.6    0.0  700.0 L 0.00 -
1240    0    0     0 0/7/0/0/0                 700.0   540.0     0.0    10.9   25.0   28.0     0 2/3/1/2/1/0           2     0   0.0    0.0  246.6    0.0  700.0 L 0.00 -
1250    0    0     0 0/7/0/0/0                 700.0   540.0     0.0    10.9   25.0   28.0     0 2/3/1/2/1/0           2     0   0.0    0.0  246.6    0.0  700.0 L 0.00 -
1260    0    0     0 0/7/0/0/0                 700.0   540.0     0.0    10.9   25.0   28.0     0 2/3/1/2/1/0           2     0   0.0    0.0  246.6    0.0  700.0 L 0.00 -
1270    0    0     0 0/7/0/0/0                 700.0   540.0     0.0    10.9   25.0   28.0     0 2/3/1/2/1/0           2     0   0.0    0.0  246.6    0.0  700.0 L 0.00 -
1280    0    0     0 0/7/0/0/0                 700.0   540.0     0.0    10.9   25.0   28.0     0 2/3/1/2/1/0           2     0   0.0    0.0  246.6    0.0  700.0 L 0.00 -
1290    0    0     0 0/7/0/0/0                 700.0   540.0     0.0    10.9   25.0   28.0     0 2/3/1/2/1/0           2     0   0.0    0.0  246.6    0.0  700.0 L 0.00 -
1300    0    0     0 0/7/0/0/0                 700.0   540.0     0.0    10.9   25.0   28.0     0 2/3/1/2/1/0           2     0   0.0    0.0  246.6    0.0  700.0 L 0.00 -
1310    0    0     0 0/7/0/0/0                 700.0   540.0     0.0    10.9   25.0   28.0     0 2/3/1/2/1/0           2     0   0.0    0.0  246.6    0.0  700.0 L 0.00 -
1320    0    0     0 0/7/0/0/0                 700.0   540.0     0.0    10.9   25.0   28.0     0 2/3/1/2/1/0           2     0   0.0    0.0  246.6    0.0  700.0 L 0.00 -
1330    0    0     0 0/7/0/0/0                 700.0   540.0     0.0    10.9   25.0   28.0     0 2/3/1/2/1/0           2     0   0.0    0.0  246.6    0.0  700.0 L 0.00 -
1340    0    0     0 0/7/0/0/0                 700.0   540.0     0.0    10.9   25.0   28.0     0 2/3/1/2/1/0           2     0   0.0    0.0  246.6    0.0  700.0 L 0.00 -
1350    0    0     0 0/7/0/0/0                 700.0   540.0     0.0    10.9   25.0   28.0     0 2/3/1/2/1/0           2     0   0.0    0.0  246.6    0.0  700.0 L 0.00 -
1360    0    0     0 0/7/0/0/0                 700.0   540.0     0.0    10.9   25.0   28.0     0 2/3/1/2/1/0           2     0   0.0    0.0  246.6    0.0  700.0 L 0.00 -
1370    0    0     0 0/7/0/0/0                 700.0   540.0     0.0    10.9   25.0   28.0     0 2/3/1/2/1/0           2     0   0.0    0.0  246.6    0.0  700.0 L 0.00 -
1380    0    0     0 0/7/0/0/0                 700.0   540.0     0.0    10.9   25.0   28.0     0 2/3/1/2/1/0           2     0   0.0    0.0  246.6    0.0  700.0 L 0.00 -
1390    0    0     0 0/7/0/0/0                 700.0   540.0     0.0    10.9   25.0   28.0     0 2/3/1/2/1/0           2     0   0.0    0.0  246.6    0.0  700.0 L 0.00 -
1400    0    0     0 0/7/0/0/0                 700.0   540.0     0.0    10.9   25.0   28.0     0 2/3/1/2/1/0           2     0   0.0    0.0  246.6    0.0  700.0 L 0.00 -
1410    0    0     0 0/7/0/0/0                 700.0   540.0     0.0    10.9   25.0   28.0     0 2/3/1/2/1/0           2     0   0.0    0.0  246.6    0.0  700.0 L 0.00 -
1420    0    0     0 0/7/0/0/0                 700.0   540.0     0.0    10.9   25.0   28.0     0 2/3/1/2/1/0           2     0   0.0    0.0  246.6    0.0  700.0 L 0.00 -
1430    0    0     0 0/7/0/0/0                 700.0   540.0     0.0    10.9   25.0   28.0     0 2/3/1/2/1/0           2     0   0.0    0.0  246.6    0.0  700.0 L 0.00 -
1440    0    0     0 0/7/0/0/0                 700.0   540.0     0.0    10.9   25.0   28.0     0 2/3/1/2/1/0           2     0   0.0    0.0  246.6    0.0  700.0 L 0.00 -
1450    0    0     0 0/7/0/0/0                 700.0   540.0     0.0    10.9   25.0   28.0     0 2/3/1/2/1/0           2     0   0.0    0.0  246.6    0.0  700.0 L 0.00 -
1460    0    0     0 0/7/0/0/0                 700.0   540.0     0.0    10.9   25.0   28.0     0 2/3/1/2/1/0           2     0   0.0    0.0  246.6    0.0  700.0 L 0.00 -
1470    0    0     0 0/7/0/0/0                 700.0   540.0     0.0    10.9   25.0   28.0     0 2/3/1/2/1/0           2     0   0.0    0.0  246.6    0.0  700.0 L 0.00 -
1480    0    0     0 0/7/0/0/0                 700.0   540.0     0.0    10.9   25.0   28.0     0 2/3/1/2/1/0           2     0   0.0    0.0  246.6    0.0  700.0 L 0.00 -
1490    0    0     0 0/7/0/0/0                 700.0   540.0     0.0    10.9   25.0   28.0     0 2/3/1/2/1/0           2     0   0.0    0.0  246.6    0.0  700.0 L 0.00 -
1500    0    0     0 0/7/0/0/0                 700.0   540.0     0.0    10.9   25.0   28.0     0 2/3/1/2/1/0           2     0   0.0    0.0  246.6    0.0  700.0 L 0.00 -

targets for seed 7 (1500 sols):
  T1 FAIL run min pop 0 (needs >= 5), final pop 0
  T2 PASS deaths 7 (air 0 thirst 7 hunger 0 eva 0 other 0), unexplained 0
  T3 PASS births 0, first_birth_sol <null>, at_capacity 0, cooldown_violations 0, pop@30=7, pop@100=7, pop@300=0
  T4 PASS min O2 261.5, food 203.1; ice ran dry (pressure): min ice 0.0, ice>30 0.0, thirst deaths 7; max ice/target 0.70, regolith/target 0.68
  T5 PASS demand>supply 0.00% of steps (<=10), max shorts/sol 0 (<=2), max offline 0.0 h (<=24.7), first new reactor sol 9 (<=15)
  T6 PASS limited 36198.0 h = 97.86% (>=2% provisional; 4 of 5 seeds), site busy 98.4%; waiting_regolith 0.0 h, site_no_crew 36198.0 h
  T7 PASS turn_backs_air 0, exhausted 31, reachable>=2 at 100.0% of 1500 sol samples (>=95), trips 55
  T8 FAIL row avg energy 0.0..59.2 (40..90), row asleep 0.0..11.9% (5..30), max sleep 8.8 h (<=18)
  T9 N/A  checked by repeating the run and by tests/test_determinism.gd (compare the table sha256)
  T10 FAIL first settlement sol <null> (40..150), age_changes 0 (<=4), min gap between consecutive history entries - (>=20), history 1 entries (changes+1 = 1); report: sols_in_age landing 1500 settlement 0 council 0, age at end landing, changes [], fall back causes [none], not-ok sols 23 (by group, a sol can fail several: ice 6, food 1, oxygen 1, power 0, death 3, unrest 18)
  T11 FAIL (1) list lengths 1501/1501/1501/1501 ok; (2) lonely mean of last 50 readings 0.000 (max 0.35) ok; (3) friends_mean 0.00 (1.0..15.0) BAD; (4) first_friendship_sol <null> BAD; (5) lines_dropped (total) 0 ok; report: web 0.00 second 0.00 lonely 0.00 friends_mean 0.00 friends share of colony 0.000 (pop 0)
  T12 PASS (1) list lengths 1501/1501/1501 ok; (2) C2 ok; (3) council changes 0 (<=4) ok; (4) proposals 0 ok; (5) one Council line per boundary ok; report: first Council sol <null>, meetings 0, proposals [], pledge sol <null> reason -, lines {}, dropped 0; council_min_seeds 3 pledge_min_seeds 1
RESULT FAIL (target 9 determinism: table sha256 4aadea4791d1237f)
