Godot Engine v4.5.stable.official.876b29033 - https://godotengine.org

# station zero balance run: seed=99 sols=1500 overrides=[resources.throughput.launch_energy_min=45.0] fixed_step=0.05 data_hash=273e69b8552a0e2d
# deaths and births are cumulative; shorts, trips, energy, asleep, wait, min_* are for the 30-sol window
 sol  pop  min birth dead a/t/h/o/x           oxygen    food     ice   regol   dmnd   supp short bldg R/H/W/G/A/C  reach trips  avgE asleep%  waitH minIce  minO2 age web cn
  10    7    7     0 0/0/0/0/0                 387.9   296.2    51.9    61.0   13.0   14.0     0 1/1/1/1/0/0           2     4  55.9    9.7  205.9   48.9  262.5 L 1.00 -
  20    7    7     0 0/0/0/0/0                 550.0   420.0    44.2    75.5   13.0   28.0     0 2/1/1/1/0/0           2    11  54.0   11.2  181.6   44.2  388.0 L 1.00 -
  30    7    7     0 0/0/0/0/0                 550.0   420.0    62.6   103.5   14.0   28.0     0 2/2/1/1/0/0           2     9  55.3   11.1   87.2   39.7  549.0 L 1.00 -
  40    7    7     0 0/0/0/0/0                 550.0   420.0    60.8   145.3   16.0   28.0     0 2/2/1/1/0/0           2    13  59.3   11.9   88.7   55.4  549.0 L 1.00 -
  50    7    7     0 0/0/0/0/0                 550.0   420.0    59.6   183.4   17.0   28.0     0 2/3/1/1/0/0           2     7  56.8   12.0   41.1   55.3  549.0 L 0.86 -
  60    7    7     0 0/0/0/0/0                 550.0   420.0    60.4   146.0   19.0   28.0     0 2/3/1/1/0/0           2     5  55.6   10.2  143.6   58.2  548.4 L 0.86 -
  70    7    7     0 0/0/0/0/0                 550.0   420.0    58.5   121.4   22.0   28.0     0 2/3/1/1/0/1           2     9  59.2   10.9   58.2   53.4  549.0 L 0.86 -
  80    7    7     0 0/0/0/0/0                 550.0   420.0    59.6    81.5   24.0   42.0     0 3/3/2/1/0/1           2     5  58.5   11.8  116.8   53.1  548.5 L 0.71 -
  90    7    7     0 0/0/0/0/0                 550.0   420.0    70.1    13.7   29.0   42.0     0 3/4/2/1/0/1           2    11  55.2   11.9  165.5   59.3  549.0 L 0.71 -
 100    7    7     0 0/0/0/0/0                 700.0   540.0    80.7    47.6   31.0   42.0     0 3/4/2/2/0/1           2    10  60.7   11.8   72.8   63.5  549.0 L 0.57 -
 110    7    7     0 0/0/0/0/0                 700.0   540.0    83.4    37.0   33.0   42.0     0 3/4/2/2/0/1           2    12  57.2   11.7  197.6   77.9  699.0 L 0.57 -
 120    7    7     0 0/0/0/0/0                 700.0   540.0    75.9    57.9   33.0   42.0     0 3/4/2/2/0/1           2     6  60.0   10.3  230.0   75.9  699.0 L 0.57 -
 130    7    7     0 0/0/0/0/0                 700.0   540.0    77.8   105.8   33.0   42.0     0 3/4/2/2/0/1           2     9  56.3   11.2  222.9   71.5  699.0 L 0.43 -
 140    7    7     0 0/0/0/0/0                 700.0   540.0    81.5    46.3   35.0   42.0     0 3/4/2/2/1/1           2     8  55.4   11.0  218.2   72.6  698.6 L 0.29 -
 150    7    7     0 0/0/0/0/0                 700.0   540.0    76.9    70.0   35.0   42.0     0 3/4/2/2/1/1           2     5  55.3   11.2  228.9   72.9  699.0 L 0.29 -
 160    7    7     0 0/0/0/0/0                 700.0   540.0    63.9    84.6   35.0   42.0     0 3/4/2/2/1/1           2     3  60.1   11.0  241.5   63.9  698.6 L 0.29 -
 170    7    7     0 0/0/0/0/0                 700.0   540.0    71.0   123.2   35.0   42.0     0 3/4/2/2/1/1           2     9  57.0   10.2  243.1   60.7  699.0 L 0.43 -
 180    7    7     0 0/0/0/0/0                 700.0   540.0    80.0   150.1   35.0   42.0     0 3/4/2/2/1/1           2     9  55.3   11.6  238.4   66.6  698.5 L 0.57 -
 190    7    7     0 0/0/0/0/0                 700.0   540.0    73.5    94.1   39.0   42.0     0 3/4/3/2/1/1           2     7  59.3   10.9  238.8   73.5  699.0 L 0.57 -
 200    7    7     0 0/0/0/0/0                 700.0   540.0    71.6   121.0   39.0   42.0     0 3/4/3/2/1/1           2     7  55.2   10.6  237.0   61.4  698.9 L 0.43 -
 210    7    7     0 0/0/0/0/0                 700.0   540.0    69.7   156.6   39.0   42.0     0 3/4/3/2/1/1           2     7  55.2   11.4  240.7   64.9  699.0 L 0.43 -
 220    7    7     0 0/0/0/0/0                 700.0   540.0    57.6   171.1   39.0   42.0     0 3/4/3/2/1/1           2     3  57.6   10.7  245.5   57.6  699.0 L 0.29 -
 230    7    7     0 0/0/0/0/0                 699.2   540.0    53.1   180.3   39.0   42.0     0 3/4/3/2/1/1           2     5  58.8   10.8  246.6   51.5  699.0 L 0.29 -
 240    7    7     0 0/0/0/0/0                 700.0   540.0    47.7   217.9   39.0   42.0     0 3/4/3/2/1/1           2     6  58.7   11.0  243.9   44.9  699.0 L 0.29 -
 250    7    7     0 0/0/0/0/0                 700.0   540.0    35.0   234.7   39.0   42.0     0 3/4/3/2/1/1           2     5  59.0   10.4  246.6   35.0  699.0 L 0.29 -
 260    7    7     0 0/0/0/0/0                 700.0   540.0    43.5   243.2   39.0   42.0     0 3/4/3/2/1/1           2     6  54.2   11.0  245.8   34.3  699.0 L 0.29 -
 270    7    7     0 0/0/0/0/0                 700.0   540.0    50.9   260.1   39.0   42.0     0 3/4/3/2/1/1           2     7  55.8   10.8  243.6   42.8  699.0 L 0.29 -
 280    7    7     0 0/0/0/0/0                 700.0   540.0    43.6   284.0   39.0   42.0     0 3/4/3/2/1/1           2     5  58.1   10.5  246.6   43.6  699.0 L 0.29 -
 290    7    7     0 0/0/0/0/0                 700.0   540.0    66.4   284.0   39.0   42.0     0 3/4/3/2/1/1           2     7  54.7   11.2  242.6   43.2  699.0 L 0.29 -
 300   12    7     5 0/0/0/0/0                 700.0   540.0    67.1   292.2   39.0   42.0     0 3/4/3/2/1/1           2     6  58.7   10.4  246.6   64.1  699.0 S 0.58 -
 310   12   12     5 0/0/0/0/0                 700.0   540.0    52.0   307.9   39.0   42.0     0 3/4/3/2/1/1           2     5  61.7   10.9  246.6   52.0  699.0 S 0.92 -
 320   13   12     6 0/0/0/0/0                 700.0   540.0    36.0   315.9   39.0   42.0     0 3/4/3/2/1/1           2     4  61.2   10.2  246.6   33.3  699.0 S 0.54 -
 330   13   13     6 0/0/0/0/0                 700.0   540.0    28.7   336.1   39.0   42.0     0 3/4/3/2/1/1           2     9  60.8   11.1  246.6   24.3  699.0 S 0.46 -
 340   13   13     6 0/0/0/0/0                 700.0   540.0    23.3   264.3   42.0   42.0     0 3/4/3/2/1/2           2     7  59.2   10.7  215.4   22.1  699.0 S 0.54 -
 350   13   13     6 0/0/0/0/0                 700.0   540.0    12.9   182.7   42.0   56.0     0 4/4/3/2/1/2           2     6  60.9   11.1  175.1   10.0  699.0 S 0.54 -
 360   13   13     6 0/0/0/0/0                 700.0   540.0    23.9    86.7   45.0   56.0     0 4/4/3/2/2/3           2     9  61.7   10.9  100.6   12.5  699.0 S 0.54 -
 370   13   13     6 0/0/0/0/0                 731.6   562.7    33.9    32.2   49.0   56.0     0 4/4/3/3/2/3           2     9  60.4   11.5  159.4   22.8  698.4 S 0.62 -
 380   13   13     6 0/0/0/0/0                 850.0   660.0    36.5    64.2   49.0   56.0     0 4/4/3/3/2/3           2    11  62.3   11.0   85.0   23.0  731.8 S 0.62 -
 390   13   13     6 0/0/0/0/0                 850.0   660.0    30.0    86.9   49.0   56.0     0 4/4/3/3/2/3           2     7  61.0   11.1   90.0   24.9  849.0 S 0.69 -
 400   13   13     6 0/0/0/0/0                 850.0   660.0     3.4    94.0   49.0   56.0     0 4/4/3/3/2/3           2     3  57.7   10.0   80.0    3.4  849.0 S 0.62 -
 410    2    2     6 0/11/0/0/0                850.0   660.0     0.0    94.0   49.0   56.0     0 4/4/3/3/2/3           2     1  58.5   10.6   85.0    0.0  849.0 S 0.50 -
 420    0    0     6 0/13/0/0/0                850.0   660.0     0.0    94.0   49.0   56.0     0 4/4/3/3/2/3           2     0  49.1    0.0    0.0    0.0  850.0 S 0.00 -
 430    0    0     6 0/13/0/0/0                850.0   660.0     0.0    94.0   49.0   56.0     0 4/4/3/3/2/3           2     0   0.0    0.0    0.0    0.0  850.0 S 0.00 -
 440    0    0     6 0/13/0/0/0                850.0   660.0     0.0    94.0   49.0   56.0     0 4/4/3/3/2/3           2     0   0.0    0.0    0.0    0.0  850.0 S 0.00 -
 450    0    0     6 0/13/0/0/0                850.0   660.0     0.0    94.0   49.0   56.0     0 4/4/3/3/2/3           2     0   0.0    0.0    0.0    0.0  850.0 S 0.00 -
 460    0    0     6 0/13/0/0/0                850.0   660.0     0.0    94.0   49.0   56.0     0 4/4/3/3/2/3           2     0   0.0    0.0    0.0    0.0  850.0 S 0.00 -
 470    0    0     6 0/13/0/0/0                850.0   660.0     0.0    94.0   49.0   56.0     0 4/4/3/3/2/3           2     0   0.0    0.0    0.0    0.0  850.0 S 0.00 -
 480    0    0     6 0/13/0/0/0                850.0   660.0     0.0    94.0   49.0   56.0     0 4/4/3/3/2/3           2     0   0.0    0.0    0.0    0.0  850.0 S 0.00 -
 490    0    0     6 0/13/0/0/0                850.0   660.0     0.0    94.0   49.0   56.0     0 4/4/3/3/2/3           2     0   0.0    0.0    0.0    0.0  850.0 S 0.00 -
 500    0    0     6 0/13/0/0/0                850.0   660.0     0.0    94.0   49.0   56.0     0 4/4/3/3/2/3           2     0   0.0    0.0    0.0    0.0  850.0 S 0.00 -
 510    0    0     6 0/13/0/0/0                850.0   660.0     0.0    94.0   49.0   56.0     0 4/4/3/3/2/3           2     0   0.0    0.0    0.0    0.0  850.0 S 0.00 -
 520    0    0     6 0/13/0/0/0                850.0   660.0     0.0    94.0   49.0   56.0     0 4/4/3/3/2/3           2     0   0.0    0.0    0.0    0.0  850.0 S 0.00 -
 530    0    0     6 0/13/0/0/0                850.0   660.0     0.0    94.0   49.0   56.0     0 4/4/3/3/2/3           2     0   0.0    0.0    0.0    0.0  850.0 S 0.00 -
 540    0    0     6 0/13/0/0/0                850.0   660.0     0.0    94.0   49.0   56.0     0 4/4/3/3/2/3           2     0   0.0    0.0    0.0    0.0  850.0 S 0.00 -
 550    0    0     6 0/13/0/0/0                850.0   660.0     0.0    94.0   49.0   56.0     0 4/4/3/3/2/3           2     0   0.0    0.0    0.0    0.0  850.0 S 0.00 -
 560    0    0     6 0/13/0/0/0                850.0   660.0     0.0    94.0   49.0   56.0     0 4/4/3/3/2/3           2     0   0.0    0.0    0.0    0.0  850.0 S 0.00 -
 570    0    0     6 0/13/0/0/0                850.0   660.0     0.0    94.0   49.0   56.0     0 4/4/3/3/2/3           2     0   0.0    0.0    0.0    0.0  850.0 S 0.00 -
 580    0    0     6 0/13/0/0/0                850.0   660.0     0.0    94.0   49.0   56.0     0 4/4/3/3/2/3           2     0   0.0    0.0    0.0    0.0  850.0 S 0.00 -
 590    0    0     6 0/13/0/0/0                850.0   660.0     0.0    94.0   49.0   56.0     0 4/4/3/3/2/3           2     0   0.0    0.0    0.0    0.0  850.0 S 0.00 -
 600    0    0     6 0/13/0/0/0                850.0   660.0     0.0    94.0   49.0   56.0     0 4/4/3/3/2/3           2     0   0.0    0.0    0.0    0.0  850.0 S 0.00 -
 610    0    0     6 0/13/0/0/0                850.0   660.0     0.0    94.0   49.0   56.0     0 4/4/3/3/2/3           2     0   0.0    0.0    0.0    0.0  850.0 S 0.00 -
 620    0    0     6 0/13/0/0/0                850.0   660.0     0.0    94.0   49.0   56.0     0 4/4/3/3/2/3           2     0   0.0    0.0    0.0    0.0  850.0 S 0.00 -
 630    0    0     6 0/13/0/0/0                850.0   660.0     0.0    94.0   49.0   56.0     0 4/4/3/3/2/3           2     0   0.0    0.0    0.0    0.0  850.0 S 0.00 -
 640    0    0     6 0/13/0/0/0                850.0   660.0     0.0    94.0   49.0   56.0     0 4/4/3/3/2/3           2     0   0.0    0.0    0.0    0.0  850.0 S 0.00 -
 650    0    0     6 0/13/0/0/0                850.0   660.0     0.0    94.0   49.0   56.0     0 4/4/3/3/2/3           2     0   0.0    0.0    0.0    0.0  850.0 S 0.00 -
 660    0    0     6 0/13/0/0/0                850.0   660.0     0.0    94.0   49.0   56.0     0 4/4/3/3/2/3           2     0   0.0    0.0    0.0    0.0  850.0 S 0.00 -
 670    0    0     6 0/13/0/0/0                850.0   660.0     0.0    94.0   49.0   56.0     0 4/4/3/3/2/3           2     0   0.0    0.0    0.0    0.0  850.0 S 0.00 -
 680    0    0     6 0/13/0/0/0                850.0   660.0     0.0    94.0   49.0   56.0     0 4/4/3/3/2/3           2     0   0.0    0.0    0.0    0.0  850.0 S 0.00 -
 690    0    0     6 0/13/0/0/0                850.0   660.0     0.0    94.0   49.0   56.0     0 4/4/3/3/2/3           2     0   0.0    0.0    0.0    0.0  850.0 S 0.00 -
 700    0    0     6 0/13/0/0/0                850.0   660.0     0.0    94.0   49.0   56.0     0 4/4/3/3/2/3           2     0   0.0    0.0    0.0    0.0  850.0 S 0.00 -
 710    0    0     6 0/13/0/0/0                850.0   660.0     0.0    94.0   49.0   56.0     0 4/4/3/3/2/3           2     0   0.0    0.0    0.0    0.0  850.0 S 0.00 -
 720    0    0     6 0/13/0/0/0                850.0   660.0     0.0    94.0   49.0   56.0     0 4/4/3/3/2/3           2     0   0.0    0.0    0.0    0.0  850.0 S 0.00 -
 730    0    0     6 0/13/0/0/0                850.0   660.0     0.0    94.0   49.0   56.0     0 4/4/3/3/2/3           2     0   0.0    0.0    0.0    0.0  850.0 S 0.00 -
 740    0    0     6 0/13/0/0/0                850.0   660.0     0.0    94.0   49.0   56.0     0 4/4/3/3/2/3           2     0   0.0    0.0    0.0    0.0  850.0 S 0.00 -
 750    0    0     6 0/13/0/0/0                850.0   660.0     0.0    94.0   49.0   56.0     0 4/4/3/3/2/3           2     0   0.0    0.0    0.0    0.0  850.0 S 0.00 -
 760    0    0     6 0/13/0/0/0                850.0   660.0     0.0    94.0   49.0   56.0     0 4/4/3/3/2/3           2     0   0.0    0.0    0.0    0.0  850.0 S 0.00 -
 770    0    0     6 0/13/0/0/0                850.0   660.0     0.0    94.0   49.0   56.0     0 4/4/3/3/2/3           2     0   0.0    0.0    0.0    0.0  850.0 S 0.00 -
 780    0    0     6 0/13/0/0/0                850.0   660.0     0.0    94.0   49.0   56.0     0 4/4/3/3/2/3           2     0   0.0    0.0    0.0    0.0  850.0 S 0.00 -
 790    0    0     6 0/13/0/0/0                850.0   660.0     0.0    94.0   49.0   56.0     0 4/4/3/3/2/3           2     0   0.0    0.0    0.0    0.0  850.0 S 0.00 -
 800    0    0     6 0/13/0/0/0                850.0   660.0     0.0    94.0   49.0   56.0     0 4/4/3/3/2/3           2     0   0.0    0.0    0.0    0.0  850.0 S 0.00 -
 810    0    0     6 0/13/0/0/0                850.0   660.0     0.0    94.0   49.0   56.0     0 4/4/3/3/2/3           2     0   0.0    0.0    0.0    0.0  850.0 S 0.00 -
 820    0    0     6 0/13/0/0/0                850.0   660.0     0.0    94.0   49.0   56.0     0 4/4/3/3/2/3           2     0   0.0    0.0    0.0    0.0  850.0 S 0.00 -
 830    0    0     6 0/13/0/0/0                850.0   660.0     0.0    94.0   49.0   56.0     0 4/4/3/3/2/3           2     0   0.0    0.0    0.0    0.0  850.0 S 0.00 -
 840    0    0     6 0/13/0/0/0                850.0   660.0     0.0    94.0   49.0   56.0     0 4/4/3/3/2/3           2     0   0.0    0.0    0.0    0.0  850.0 S 0.00 -
 850    0    0     6 0/13/0/0/0                850.0   660.0     0.0    94.0   49.0   56.0     0 4/4/3/3/2/3           2     0   0.0    0.0    0.0    0.0  850.0 S 0.00 -
 860    0    0     6 0/13/0/0/0                850.0   660.0     0.0    94.0   49.0   56.0     0 4/4/3/3/2/3           2     0   0.0    0.0    0.0    0.0  850.0 S 0.00 -
 870    0    0     6 0/13/0/0/0                850.0   660.0     0.0    94.0   49.0   56.0     0 4/4/3/3/2/3           2     0   0.0    0.0    0.0    0.0  850.0 S 0.00 -
 880    0    0     6 0/13/0/0/0                850.0   660.0     0.0    94.0   49.0   56.0     0 4/4/3/3/2/3           2     0   0.0    0.0    0.0    0.0  850.0 S 0.00 -
 890    0    0     6 0/13/0/0/0                850.0   660.0     0.0    94.0   49.0   56.0     0 4/4/3/3/2/3           2     0   0.0    0.0    0.0    0.0  850.0 S 0.00 -
 900    0    0     6 0/13/0/0/0                850.0   660.0     0.0    94.0   49.0   56.0     0 4/4/3/3/2/3           2     0   0.0    0.0    0.0    0.0  850.0 S 0.00 -
 910    0    0     6 0/13/0/0/0                850.0   660.0     0.0    94.0   49.0   56.0     0 4/4/3/3/2/3           2     0   0.0    0.0    0.0    0.0  850.0 S 0.00 -
 920    0    0     6 0/13/0/0/0                850.0   660.0     0.0    94.0   49.0   56.0     0 4/4/3/3/2/3           2     0   0.0    0.0    0.0    0.0  850.0 S 0.00 -
 930    0    0     6 0/13/0/0/0                850.0   660.0     0.0    94.0   49.0   56.0     0 4/4/3/3/2/3           2     0   0.0    0.0    0.0    0.0  850.0 S 0.00 -
 940    0    0     6 0/13/0/0/0                850.0   660.0     0.0    94.0   49.0   56.0     0 4/4/3/3/2/3           2     0   0.0    0.0    0.0    0.0  850.0 S 0.00 -
 950    0    0     6 0/13/0/0/0                850.0   660.0     0.0    94.0   49.0   56.0     0 4/4/3/3/2/3           2     0   0.0    0.0    0.0    0.0  850.0 S 0.00 -
 960    0    0     6 0/13/0/0/0                850.0   660.0     0.0    94.0   49.0   56.0     0 4/4/3/3/2/3           2     0   0.0    0.0    0.0    0.0  850.0 S 0.00 -
 970    0    0     6 0/13/0/0/0                850.0   660.0     0.0    94.0   49.0   56.0     0 4/4/3/3/2/3           2     0   0.0    0.0    0.0    0.0  850.0 S 0.00 -
 980    0    0     6 0/13/0/0/0                850.0   660.0     0.0    94.0   49.0   56.0     0 4/4/3/3/2/3           2     0   0.0    0.0    0.0    0.0  850.0 S 0.00 -
 990    0    0     6 0/13/0/0/0                850.0   660.0     0.0    94.0   49.0   56.0     0 4/4/3/3/2/3           2     0   0.0    0.0    0.0    0.0  850.0 S 0.00 -
1000    0    0     6 0/13/0/0/0                850.0   660.0     0.0    94.0   49.0   56.0     0 4/4/3/3/2/3           2     0   0.0    0.0    0.0    0.0  850.0 S 0.00 -
1010    0    0     6 0/13/0/0/0                850.0   660.0     0.0    94.0   49.0   56.0     0 4/4/3/3/2/3           2     0   0.0    0.0    0.0    0.0  850.0 S 0.00 -
1020    0    0     6 0/13/0/0/0                850.0   660.0     0.0    94.0   49.0   56.0     0 4/4/3/3/2/3           2     0   0.0    0.0    0.0    0.0  850.0 S 0.00 -
1030    0    0     6 0/13/0/0/0                850.0   660.0     0.0    94.0   49.0   56.0     0 4/4/3/3/2/3           2     0   0.0    0.0    0.0    0.0  850.0 S 0.00 -
1040    0    0     6 0/13/0/0/0                850.0   660.0     0.0    94.0   49.0   56.0     0 4/4/3/3/2/3           2     0   0.0    0.0    0.0    0.0  850.0 S 0.00 -
1050    0    0     6 0/13/0/0/0                850.0   660.0     0.0    94.0   49.0   56.0     0 4/4/3/3/2/3           2     0   0.0    0.0    0.0    0.0  850.0 S 0.00 -
1060    0    0     6 0/13/0/0/0                850.0   660.0     0.0    94.0   49.0   56.0     0 4/4/3/3/2/3           2     0   0.0    0.0    0.0    0.0  850.0 S 0.00 -
1070    0    0     6 0/13/0/0/0                850.0   660.0     0.0    94.0   49.0   56.0     0 4/4/3/3/2/3           2     0   0.0    0.0    0.0    0.0  850.0 S 0.00 -
1080    0    0     6 0/13/0/0/0                850.0   660.0     0.0    94.0   49.0   56.0     0 4/4/3/3/2/3           2     0   0.0    0.0    0.0    0.0  850.0 S 0.00 -
1090    0    0     6 0/13/0/0/0                850.0   660.0     0.0    94.0   49.0   56.0     0 4/4/3/3/2/3           2     0   0.0    0.0    0.0    0.0  850.0 S 0.00 -
1100    0    0     6 0/13/0/0/0                850.0   660.0     0.0    94.0   49.0   56.0     0 4/4/3/3/2/3           2     0   0.0    0.0    0.0    0.0  850.0 S 0.00 -
1110    0    0     6 0/13/0/0/0                850.0   660.0     0.0    94.0   49.0   56.0     0 4/4/3/3/2/3           2     0   0.0    0.0    0.0    0.0  850.0 S 0.00 -
1120    0    0     6 0/13/0/0/0                850.0   660.0     0.0    94.0   49.0   56.0     0 4/4/3/3/2/3           2     0   0.0    0.0    0.0    0.0  850.0 S 0.00 -
1130    0    0     6 0/13/0/0/0                850.0   660.0     0.0    94.0   49.0   56.0     0 4/4/3/3/2/3           2     0   0.0    0.0    0.0    0.0  850.0 S 0.00 -
1140    0    0     6 0/13/0/0/0                850.0   660.0     0.0    94.0   49.0   56.0     0 4/4/3/3/2/3           2     0   0.0    0.0    0.0    0.0  850.0 S 0.00 -
1150    0    0     6 0/13/0/0/0                850.0   660.0     0.0    94.0   49.0   56.0     0 4/4/3/3/2/3           2     0   0.0    0.0    0.0    0.0  850.0 S 0.00 -
1160    0    0     6 0/13/0/0/0                850.0   660.0     0.0    94.0   49.0   56.0     0 4/4/3/3/2/3           2     0   0.0    0.0    0.0    0.0  850.0 S 0.00 -
1170    0    0     6 0/13/0/0/0                850.0   660.0     0.0    94.0   49.0   56.0     0 4/4/3/3/2/3           2     0   0.0    0.0    0.0    0.0  850.0 S 0.00 -
1180    0    0     6 0/13/0/0/0                850.0   660.0     0.0    94.0   49.0   56.0     0 4/4/3/3/2/3           2     0   0.0    0.0    0.0    0.0  850.0 S 0.00 -
1190    0    0     6 0/13/0/0/0                850.0   660.0     0.0    94.0   49.0   56.0     0 4/4/3/3/2/3           2     0   0.0    0.0    0.0    0.0  850.0 S 0.00 -
1200    0    0     6 0/13/0/0/0                850.0   660.0     0.0    94.0   49.0   56.0     0 4/4/3/3/2/3           2     0   0.0    0.0    0.0    0.0  850.0 S 0.00 -
1210    0    0     6 0/13/0/0/0                850.0   660.0     0.0    94.0   49.0   56.0     0 4/4/3/3/2/3           2     0   0.0    0.0    0.0    0.0  850.0 S 0.00 -
1220    0    0     6 0/13/0/0/0                850.0   660.0     0.0    94.0   49.0   56.0     0 4/4/3/3/2/3           2     0   0.0    0.0    0.0    0.0  850.0 S 0.00 -
1230    0    0     6 0/13/0/0/0                850.0   660.0     0.0    94.0   49.0   56.0     0 4/4/3/3/2/3           2     0   0.0    0.0    0.0    0.0  850.0 S 0.00 -
1240    0    0     6 0/13/0/0/0                850.0   660.0     0.0    94.0   49.0   56.0     0 4/4/3/3/2/3           2     0   0.0    0.0    0.0    0.0  850.0 S 0.00 -
1250    0    0     6 0/13/0/0/0                850.0   660.0     0.0    94.0   49.0   56.0     0 4/4/3/3/2/3           2     0   0.0    0.0    0.0    0.0  850.0 S 0.00 -
1260    0    0     6 0/13/0/0/0                850.0   660.0     0.0    94.0   49.0   56.0     0 4/4/3/3/2/3           2     0   0.0    0.0    0.0    0.0  850.0 S 0.00 -
1270    0    0     6 0/13/0/0/0                850.0   660.0     0.0    94.0   49.0   56.0     0 4/4/3/3/2/3           2     0   0.0    0.0    0.0    0.0  850.0 S 0.00 -
1280    0    0     6 0/13/0/0/0                850.0   660.0     0.0    94.0   49.0   56.0     0 4/4/3/3/2/3           2     0   0.0    0.0    0.0    0.0  850.0 S 0.00 -
1290    0    0     6 0/13/0/0/0                850.0   660.0     0.0    94.0   49.0   56.0     0 4/4/3/3/2/3           2     0   0.0    0.0    0.0    0.0  850.0 S 0.00 -
1300    0    0     6 0/13/0/0/0                850.0   660.0     0.0    94.0   49.0   56.0     0 4/4/3/3/2/3           2     0   0.0    0.0    0.0    0.0  850.0 S 0.00 -
1310    0    0     6 0/13/0/0/0                850.0   660.0     0.0    94.0   49.0   56.0     0 4/4/3/3/2/3           2     0   0.0    0.0    0.0    0.0  850.0 S 0.00 -
1320    0    0     6 0/13/0/0/0                850.0   660.0     0.0    94.0   49.0   56.0     0 4/4/3/3/2/3           2     0   0.0    0.0    0.0    0.0  850.0 S 0.00 -
1330    0    0     6 0/13/0/0/0                850.0   660.0     0.0    94.0   49.0   56.0     0 4/4/3/3/2/3           2     0   0.0    0.0    0.0    0.0  850.0 S 0.00 -
1340    0    0     6 0/13/0/0/0                850.0   660.0     0.0    94.0   49.0   56.0     0 4/4/3/3/2/3           2     0   0.0    0.0    0.0    0.0  850.0 S 0.00 -
1350    0    0     6 0/13/0/0/0                850.0   660.0     0.0    94.0   49.0   56.0     0 4/4/3/3/2/3           2     0   0.0    0.0    0.0    0.0  850.0 S 0.00 -
1360    0    0     6 0/13/0/0/0                850.0   660.0     0.0    94.0   49.0   56.0     0 4/4/3/3/2/3           2     0   0.0    0.0    0.0    0.0  850.0 S 0.00 -
1370    0    0     6 0/13/0/0/0                850.0   660.0     0.0    94.0   49.0   56.0     0 4/4/3/3/2/3           2     0   0.0    0.0    0.0    0.0  850.0 S 0.00 -
1380    0    0     6 0/13/0/0/0                850.0   660.0     0.0    94.0   49.0   56.0     0 4/4/3/3/2/3           2     0   0.0    0.0    0.0    0.0  850.0 S 0.00 -
1390    0    0     6 0/13/0/0/0                850.0   660.0     0.0    94.0   49.0   56.0     0 4/4/3/3/2/3           2     0   0.0    0.0    0.0    0.0  850.0 S 0.00 -
1400    0    0     6 0/13/0/0/0                850.0   660.0     0.0    94.0   49.0   56.0     0 4/4/3/3/2/3           2     0   0.0    0.0    0.0    0.0  850.0 S 0.00 -
1410    0    0     6 0/13/0/0/0                850.0   660.0     0.0    94.0   49.0   56.0     0 4/4/3/3/2/3           2     0   0.0    0.0    0.0    0.0  850.0 S 0.00 -
1420    0    0     6 0/13/0/0/0                850.0   660.0     0.0    94.0   49.0   56.0     0 4/4/3/3/2/3           2     0   0.0    0.0    0.0    0.0  850.0 S 0.00 -
1430    0    0     6 0/13/0/0/0                850.0   660.0     0.0    94.0   49.0   56.0     0 4/4/3/3/2/3           2     0   0.0    0.0    0.0    0.0  850.0 S 0.00 -
1440    0    0     6 0/13/0/0/0                850.0   660.0     0.0    94.0   49.0   56.0     0 4/4/3/3/2/3           2     0   0.0    0.0    0.0    0.0  850.0 S 0.00 -
1450    0    0     6 0/13/0/0/0                850.0   660.0     0.0    94.0   49.0   56.0     0 4/4/3/3/2/3           2     0   0.0    0.0    0.0    0.0  850.0 S 0.00 -
1460    0    0     6 0/13/0/0/0                850.0   660.0     0.0    94.0   49.0   56.0     0 4/4/3/3/2/3           2     0   0.0    0.0    0.0    0.0  850.0 S 0.00 -
1470    0    0     6 0/13/0/0/0                850.0   660.0     0.0    94.0   49.0   56.0     0 4/4/3/3/2/3           2     0   0.0    0.0    0.0    0.0  850.0 S 0.00 -
1480    0    0     6 0/13/0/0/0                850.0   660.0     0.0    94.0   49.0   56.0     0 4/4/3/3/2/3           2     0   0.0    0.0    0.0    0.0  850.0 S 0.00 -
1490    0    0     6 0/13/0/0/0                850.0   660.0     0.0    94.0   49.0   56.0     0 4/4/3/3/2/3           2     0   0.0    0.0    0.0    0.0  850.0 S 0.00 -
1500    0    0     6 0/13/0/0/0                850.0   660.0     0.0    94.0   49.0   56.0     0 4/4/3/3/2/3           2     0   0.0    0.0    0.0    0.0  850.0 S 0.00 -

targets for seed 99 (1500 sols):
  T1 FAIL run min pop 0 (needs >= 5), final pop 0
  T2 PASS deaths 13 (air 0 thirst 13 hunger 0 eva 0 other 0), unexplained 0
  T3 PASS births 6, first_birth_sol 291, at_capacity 0, cooldown_violations 0, pop@30=7, pop@100=7, pop@300=12
  T4 PASS min O2 262.5, food 203.1; ice ran dry (pressure): min ice 0.0, ice>30 0.0, thirst deaths 13; max ice/target 0.74, regolith/target 0.99
  T5 PASS demand>supply 0.00% of steps (<=10), max shorts/sol 0 (<=2), max offline 0.0 h (<=24.7), first new reactor sol 11 (<=15)
  T6 PASS limited 7636.4 h = 20.64% (>=2% provisional; 4 of 5 seeds), site busy 20.7%; waiting_regolith 520.0 h, site_no_crew 7116.4 h
  T7 PASS turn_backs_air 0, exhausted 54, reachable>=2 at 100.0% of 1500 sol samples (>=95), trips 287
  T8 FAIL row avg energy 0.0..62.3 (40..90), row asleep 0.0..12.0% (5..30), max sleep 8.8 h (<=18)
  T9 N/A  checked by repeating the run and by tests/test_determinism.gd (compare the table sha256)
  T10 FAIL first settlement sol 298 (40..150), age_changes 1 (<=4), min gap between consecutive history entries 298 (>=20), history 2 entries (changes+1 = 2); report: sols_in_age landing 298 settlement 1202 council 0, age at end settlement, changes [sol 298 settled], fall back causes [none], not-ok sols 34 (by group, a sol can fail several: ice 11, food 1, oxygen 1, power 0, death 7, unrest 24)
  T11 FAIL (1) list lengths 1501/1501/1501/1501 ok; (2) lonely mean of last 50 readings 0.000 (max 0.35) ok; (3) friends_mean 0.00 (1.0..15.0) BAD; (4) first_friendship_sol 163 ok; (5) lines_dropped (total) 0 ok; report: web 0.00 second 0.00 lonely 0.00 friends_mean 0.00 friends share of colony 0.000 (pop 0)
  T12 PASS (1) list lengths 1501/1501/1501 ok; (2) C2 ok; (3) council changes 0 (<=4) ok; (4) proposals 0 ok; (5) one Council line per boundary ok; report: first Council sol <null>, meetings 0, proposals [], pledge sol <null> reason -, lines {"circles_few":1}, dropped 0; council_min_seeds 3 pledge_min_seeds 1
RESULT FAIL (target 9 determinism: table sha256 fadb1880193ace17)
