Godot Engine v4.5.stable.official.876b29033 - https://godotengine.org

# station zero balance run: seed=1234 sols=1500 overrides=[resources.throughput.commute_pause=false] fixed_step=0.05 data_hash=fcb5ff2f0fbf63a1
# deaths and births are cumulative; shorts, trips, energy, asleep, wait, min_* are for the 30-sol window
 sol  pop  min birth dead a/t/h/o/x           oxygen    food     ice   regol   dmnd   supp short bldg R/H/W/G/A/C  reach trips  avgE asleep%  waitH minIce  minO2 age web cn
  10    7    7     0 0/0/0/0/0                 382.9   296.2    51.8    49.3   13.0   28.0     0 2/1/1/1/0/0           2     9  54.2   10.2  170.4   48.5  261.5 L 1.00 -
  20    7    7     0 0/0/0/0/0                 549.1   420.0    77.9    35.3   17.0   28.0     0 2/3/1/1/0/0           2    14  58.1   12.8  102.3   47.1  383.0 L 1.00 -
  30    7    7     0 0/0/0/0/0                 550.0   420.0    83.4     3.7   23.0   28.0     0 2/3/2/1/0/0           2    15  56.0   12.1   92.6   70.4  548.9 L 1.00 -
  40    7    7     0 0/0/0/0/0                 550.0   420.0    92.5    50.5   24.0   28.0     0 2/3/2/1/0/1           2    10  57.7   11.6  145.7   79.9  548.3 L 1.00 -
  50    7    7     0 0/0/0/0/0                 550.0   420.0    98.4    64.9   24.0   42.0     0 3/3/2/1/0/1           2    14  54.6   11.1   66.4   85.4  548.1 L 1.00 -
  60    7    7     0 0/0/0/0/0                 550.0   420.0    93.3    38.3   26.0   42.0     0 3/3/2/1/1/1           2     8  58.5   12.0   76.3   91.8  548.0 L 1.00 -
  70    7    7     0 0/0/0/0/0                 550.0   420.0   110.5    36.7   28.0   42.0     0 3/3/2/1/1/1           2    15  54.6   11.7  124.3   92.8  549.0 L 1.00 -
  80    7    7     0 0/0/0/0/0                 550.0   420.0   105.3    43.5   31.0   42.0     0 3/4/2/1/1/1           2    11  59.8   11.8   96.8  105.1  549.0 L 1.00 -
  90    7    7     0 0/0/0/0/0                 700.0   532.8   105.1     7.6   35.0   42.0     0 3/4/2/2/1/1           2     8  55.3   10.8  191.3   99.2  549.0 L 1.00 -
 100    7    7     0 0/0/0/0/0                 700.0   540.0   109.8    66.2   36.0   42.0     0 3/4/2/2/1/2           2    14  60.7   11.6  152.7   93.5  699.0 L 0.43 -
 110    7    7     0 0/0/0/0/0                 700.0   540.0    97.6    76.6   39.0   42.0     0 3/5/2/2/1/2           2    15  57.6   12.0   80.9   97.6  699.0 L 0.86 -
 120    7    7     0 0/0/0/0/0                 700.0   540.0    98.5    53.9   39.0   56.0     0 4/5/2/2/1/2           2    10  57.0   12.3  113.4   92.4  699.0 L 0.86 -
 130    7    7     0 0/0/0/0/0                 700.0   540.0   108.4    11.8   41.0   56.0     0 4/5/2/2/1/2           2    15  57.0   10.7  159.4   93.0  698.2 L 0.86 -
 140    7    7     0 0/0/0/0/0                 700.0   540.0   118.5    79.6   41.0   56.0     0 4/5/2/2/1/2           2    10  55.2   11.8  234.1  107.0  699.0 L 0.86 -
 150    7    7     0 0/0/0/0/0                 700.0   540.0   122.3   103.5   41.0   56.0     0 4/5/2/2/1/2           2     7  56.6   10.9  223.3  113.7  698.4 L 0.57 -
 160    7    7     0 0/0/0/0/0                 700.0   540.0   113.5    59.0   45.0   56.0     0 4/7/2/2/1/2           2    11  59.4   11.7  169.7  113.5  698.4 L 0.43 -
 170    7    7     0 0/0/0/0/0                 700.0   540.0   106.3    26.0   47.0   56.0     0 4/7/2/2/1/2           2    10  57.7   11.7  143.7  106.3  699.0 L 0.43 -
 180    7    7     0 0/0/0/0/0                 700.0   540.0   106.5    64.9   48.0   56.0     0 4/7/2/2/1/3           2    10  57.8   10.7  175.2  101.2  699.0 L 0.43 -
 190    7    7     0 0/0/0/0/0                 850.0   660.0    99.7    82.3   52.0   56.0     0 4/7/2/3/1/3           2    18  53.8   12.3   91.8   99.7  699.0 L 0.57 -
 200    7    7     0 0/0/0/0/0                 850.0   660.0   103.7    64.0   52.0   70.0     0 5/7/2/3/1/3           2    12  54.6   11.5  101.7   90.1  848.6 L 0.57 -
 210    7    7     0 0/0/0/0/0                 850.0   660.0   100.9    23.0   54.0   70.0     0 5/7/2/3/1/3           2    15  57.7   11.2   88.6   98.3  848.8 L 0.57 -
 220    7    7     0 0/0/0/0/0                 850.0   660.0    93.8    94.4   55.0   70.0     0 5/8/2/3/1/3           2     9  56.3   12.0  208.0   90.5  849.0 L 0.57 -
 230    7    7     0 0/0/0/0/0                 850.0   660.0    91.4     9.3   57.0   70.0     0 5/8/2/3/1/3           2    10  57.3   10.7  107.4   88.3  848.8 L 0.57 -
 240    7    7     0 0/0/0/0/0                 850.0   660.0    89.7    62.8   57.0   70.0     0 5/8/2/3/1/3           2     8  54.1   11.0  221.2   86.9  849.0 L 0.43 -
 250    7    7     0 0/0/0/0/0                 850.0   660.0    86.8   114.6   58.0   70.0     0 5/9/2/3/1/3           2    10  56.5   11.2  162.4   86.1  849.0 L 0.43 -
 260    7    7     0 0/0/0/0/0                 850.0   660.0    84.9    61.2   61.0   70.0     0 5/10/2/3/1/3          2    12  57.7   11.9  206.4   84.9  848.8 L 0.71 -
 270    7    7     0 0/0/0/0/0                 850.0   660.0    89.0   133.8   61.0   70.0     0 5/10/2/3/1/3          2    17  55.4   10.7   35.0   82.2  849.0 L 0.71 -
 280    9    7     2 0/0/0/0/0                 850.0   660.0    76.3    63.4   64.0   70.0     0 5/11/2/3/1/3          2     9  57.1   11.8  197.2   76.3  849.0 L 0.78 -
 290   10    9     3 0/0/0/0/0                 850.0   660.0    95.7   115.1   64.0   70.0     0 5/11/2/3/1/3          2    14  61.6   10.7   55.0   76.3  849.0 L 0.80 -
 300   13   10     6 0/0/0/0/0                1000.0   780.0    88.3    30.5   68.0   70.0     0 5/11/2/4/1/3          2     9  61.0   11.3  150.7   83.7  849.0 L 0.85 -
 310   13   13     6 0/0/0/0/0                1000.0   780.0    89.5    96.7   68.0   70.0     0 5/11/2/4/1/3          2    17  61.7   11.2   40.0   85.3  999.0 S 1.00 -
 320   13   13     6 0/0/0/0/0                1000.0   780.0    73.9    48.2   68.0   84.0     0 6/11/2/4/1/3          2    11  62.8   11.2  159.9   73.0  999.0 S 0.77 -
 330   13   13     6 0/0/0/0/0                1000.0   780.0    81.0     1.5   70.0   84.0     0 6/11/2/4/1/3          2    17  60.0   10.8   47.8   72.1  999.0 S 0.77 -
 340   13   13     6 0/0/0/0/0                1149.0   900.0    63.8    38.4   72.0   84.0     0 6/11/2/5/1/3          2    10  61.2   11.3  197.6   63.8  999.0 S 0.77 -
 350   13   13     6 0/0/0/0/0                1150.0   900.0    70.5    79.8   72.0   84.0     0 6/11/2/5/1/3          2    13  61.8   10.3   35.0   55.2 1149.0 S 0.77 -
 360   13   13     6 0/0/0/0/0                1150.0   900.0    40.7    34.0   74.0   84.0     0 6/11/2/5/1/3          2     9  60.3   11.8  166.7   40.4 1149.0 S 0.77 -
 370   13   13     6 0/0/0/0/0                1300.0  1020.0    39.9    86.4   76.0   84.0     0 6/11/2/6/1/3          2    15  60.3   10.9   36.7   35.2 1149.0 S 0.77 -
 380   13   13     6 0/0/0/0/0                1300.0  1020.0    48.4   141.7   76.0   84.0     0 6/11/2/6/1/3          2    14  60.5   11.3   45.0   29.2 1299.0 S 0.77 -
 390   13   13     6 0/0/0/0/0                1300.0  1020.0    49.5     7.2   78.0   84.0     0 6/11/2/6/1/3          2     7  62.9   10.5  216.6   40.6 1299.0 S 0.92 -
 400   13   13     6 0/0/0/0/0                1300.0  1020.0    31.7    32.2   78.0   84.0     0 6/11/2/6/1/3          2     7  62.2   11.2  211.3   31.7 1299.0 S 0.92 -
 410   13   13     6 0/0/0/0/0                1300.0  1020.0    34.9    39.5   80.0   84.0     0 6/11/3/6/1/3          2     8  62.6   10.5  216.5   28.0 1299.0 S 0.77 -
 420   13   13     6 0/0/0/0/0                1300.0  1020.0    37.4    81.0   80.0   84.0     0 6/11/3/6/1/3          2    14  62.3   11.4   70.0   25.9 1299.0 S 0.62 -
 430   13   13     6 0/0/0/0/0                1300.0  1020.0    37.6   139.5   80.0   84.0     0 6/11/3/6/1/3          2    13  61.1   10.9    0.0   26.9 1299.0 S 0.54 -
 440   13   13     6 0/0/0/0/0                1300.0  1020.0    42.0    18.9   80.0   98.0     0 7/11/3/6/1/3          2     8  63.3   11.0   79.8   30.6 1299.0 S 0.54 -
 450   13   13     6 0/0/0/0/0                1299.8  1020.0    46.6    99.1   80.0   98.0     0 7/11/3/6/1/3          2    16  61.9   11.1   40.0   32.2 1299.0 S 0.62 -
 460   13   13     6 0/0/0/0/0                1300.0  1020.0    38.7    19.4   82.0   98.0     0 7/11/3/6/1/3          2    11  62.7   11.5   77.3   38.7 1299.0 S 0.62 -
 470   13   13     6 0/0/0/0/0                1300.0  1020.0    31.0    71.3   83.0   98.0     0 7/12/3/6/1/3          2    14  60.5   11.1   49.8   27.3 1299.0 S 0.62 -
 480   13   13     6 0/0/0/0/0                1300.0  1020.0    40.0    81.0   83.0   98.0     0 7/12/3/6/1/3          2    14  61.8   10.9   20.0   22.2 1299.0 S 0.77 -
 490   13   13     6 0/0/0/0/0                1300.0  1020.0    35.3   154.4   83.0   98.0     0 7/12/3/6/1/3          2    12  60.4   11.1   20.0   35.3 1299.0 S 0.77 -
 500   13   13     6 0/0/0/0/0                1300.0  1020.0    29.1    15.3   85.0   98.0     0 7/12/3/6/1/3          2     7  63.6   10.8  158.9   29.0 1299.0 S 0.77 -
 510   13   13     6 0/0/0/0/0                1450.0  1140.0    45.2    64.5   87.0   98.0     0 7/12/3/7/1/3          2    17  62.4   11.4   30.7   17.6 1299.0 S 0.62 -
 520   13   13     6 0/0/0/0/0                1450.0  1140.0    56.6    99.0   87.0   98.0     0 7/12/3/7/1/3          2    12  62.7   10.8   35.0   44.7 1449.0 S 0.62 -
 530   13   13     6 0/0/0/0/0                1450.0  1140.0    42.4     3.5   89.0   98.0     0 7/12/3/7/1/3          2    13  61.0   11.6   69.7   39.5 1449.0 S 0.69 -
 540   13   13     6 0/0/0/0/0                1450.0  1140.0    26.0    26.3   89.0   98.0     0 7/12/3/7/1/3          2     5  61.5   10.8  231.3   26.0 1449.0 S 1.00 -
 550   13   13     6 0/0/0/0/0                1450.0  1140.0    41.1    26.3   90.0   98.0     0 7/13/3/7/1/3          2    11  62.2   11.0  128.8   13.6 1449.0 S 0.85 -
 560   15   13     8 0/0/0/0/0                1450.0  1140.0    40.0    67.5   90.0   98.0     0 7/13/3/7/1/3          2    12  62.2   10.5  105.0   34.8 1449.0 S 0.73 -
 570   17   15    10 0/0/0/0/0                1450.0  1140.0    38.9   149.1   90.0   98.0     0 7/13/3/7/1/3          2    17  62.1   11.6   45.0   35.3 1448.9 S 0.88 -
 580   19   17    12 0/0/0/0/0                1600.0  1260.0    21.9    17.7   94.0   98.0     0 7/13/3/8/1/3          2     9  63.5   10.6   64.1   21.9 1449.0 S 0.89 -
 590   19   19    12 0/0/0/0/0                1600.0  1260.0    25.1    54.1   94.0   98.0     0 7/13/3/8/1/3          2    14  62.2   10.8   30.0   20.7 1599.0 S 0.89 -
 600   19   19    12 0/0/0/0/0                1600.0  1260.0    35.5    76.0   94.0   98.0     0 7/13/3/8/1/3          2    16  61.3   11.2   15.0   18.9 1599.0 S 0.89 -
 610   19   19    12 0/0/0/0/0                1600.0  1260.0    39.2   102.9   94.0   98.0     0 7/13/3/8/1/3          2    12  63.7   10.8   35.0   23.1 1599.0 S 0.89 -
 620   19   19    12 0/0/0/0/0                1600.0  1260.0    22.5   138.2   94.0   98.0     0 7/13/3/8/1/3          2    12  64.3   10.5   35.0   22.5 1599.0 S 0.84 -
 630   19   19    12 0/0/0/0/0                1600.0  1260.0    34.4    11.5   96.0   98.0     0 7/13/3/8/1/3          2    12  62.5   11.3   80.7   22.0 1599.0 S 0.79 -
 640   19   19    12 0/0/0/0/0                1600.0  1260.0    33.6    21.8   94.0  112.0     0 8/13/3/8/1/3          2    12  63.1   10.8  102.9   15.6 1599.0 S 0.74 -
 650   19   19    12 0/0/0/0/0                1600.0  1260.0    46.0    41.7   94.0  112.0     0 8/13/3/8/1/3          2    12  62.8   10.7   40.0   32.0 1599.0 S 0.74 -
 660   19   19    12 0/0/0/0/0                1600.0  1260.0    28.7   100.7   94.0  112.0     0 8/13/3/8/1/3          2    17  60.1   11.0   70.0   28.7 1599.0 S 0.74 -
 670   19   19    12 0/0/0/0/0                1600.0  1260.0    57.2   130.6   94.0  112.0     0 8/13/3/8/1/3          2    16  62.4   10.8   25.0   22.1 1599.0 S 0.84 -
 680   19   19    12 0/0/0/0/0                1600.0  1260.0    41.8    15.4   96.0  112.0     0 8/13/3/8/1/3          2    12  62.5   11.2   28.7   41.8 1599.0 S 0.84 -
 690   19   19    12 0/0/0/0/0                1600.0  1260.0    31.5    42.0   96.0  112.0     0 8/13/3/8/1/3          2    11  60.6   10.7  210.9   23.9 1599.0 S 0.84 -
 700   19   19    12 0/0/0/0/0                1750.0  1380.0    46.7    65.8   98.0  112.0     0 8/13/3/9/1/3          2    13  62.8   11.3   30.0   17.3 1599.0 S 0.84 -
 710   19   19    12 0/0/0/0/0                1750.0  1380.0    60.6    96.7   98.0  112.0     0 8/13/3/9/1/3          2    18  61.8   10.6   15.0   34.7 1749.0 S 0.89 -
 720   19   19    12 0/0/0/0/0                1750.0  1380.0    56.5   149.9   98.0  112.0     0 8/13/3/9/1/3          2    13  60.7   11.2   10.0   54.0 1749.0 S 0.89 -
 730   19   19    12 0/0/0/0/0                1750.0  1380.0    24.9    10.8  100.0  112.0     0 8/13/3/9/1/3          2     9  63.1   10.7  134.9   20.3 1749.0 S 0.84 -
 740   19   19    12 0/0/0/0/0                1750.0  1380.0    21.5    18.9  101.0  112.0     0 8/13/3/9/1/4          2    12  57.6   10.2   97.0    9.2 1749.0 S 0.79 -
 750   19   19    12 0/0/0/0/0                1750.0  1380.0    26.0    18.9  101.0  112.0     0 8/13/3/9/1/4          2     9  61.8   11.0   40.0   14.7 1749.0 S 0.79 -
 760   19   19    12 0/0/0/0/0                1750.0  1380.0    25.8    36.2  101.0  112.0     0 8/13/3/9/1/4          2    10  60.0   10.7   70.0   20.0 1749.0 S 0.79 -
 770   19   19    12 0/0/0/0/0                1750.0  1380.0    40.5    42.5  101.0  112.0     0 8/13/3/9/1/4          2    14  60.9   10.7   35.0   19.6 1749.0 S 0.79 -
 780   19   19    12 0/0/0/0/0                1750.0  1380.0    23.6    67.9  101.0  112.0     0 8/13/3/9/1/4          2     8  62.0   10.3   20.0   23.6 1749.0 S 0.79 -
 790   19   19    12 0/0/0/0/0                1750.0  1380.0    13.2    67.9  101.0  112.0     0 8/13/3/9/1/4          2    10  61.1   10.8   70.0   13.2 1749.0 S 0.79 -
 800   19   19    12 0/0/0/0/0                1750.0  1380.0    10.2    67.9  101.0  112.0     0 8/13/3/9/1/4          2     7  60.6   10.9   60.0   10.2 1749.0 S 0.79 -
 810   19   19    12 0/0/0/0/0                1750.0  1380.0    27.0    72.8  101.0  112.0     0 8/13/3/9/1/4          2    13  59.3   10.1   35.0    6.0 1749.0 S 0.79 -
 820   19   19    12 0/0/0/0/0                1750.0  1380.0    23.8    88.1  101.0  112.0     0 8/13/3/9/1/4          2    12  58.7   10.8   40.0   20.3 1749.0 S 0.79 -
 830   20   19    13 0/0/0/0/0                1750.0  1380.0    25.3    96.4  101.0  112.0     0 8/13/3/9/1/4          2    10  60.1   10.4   95.0   15.5 1749.0 S 0.85 -
 840   22   20    15 0/0/0/0/0                1750.0  1380.0    13.1   107.0  101.0  112.0     0 8/13/3/9/1/4          2     9  60.9   10.5   55.0    3.8 1749.0 S 0.91 -
 850   22   22    16 0/1/0/0/0                1750.0  1380.0    17.9   107.0  101.0  112.0     0 8/13/3/9/1/4          2    13  61.1   10.8   30.0    0.0 1749.0 S 0.86 -
 860   23   22    17 0/1/0/0/0                1750.0  1380.0    34.8   110.5  101.0  112.0     0 8/13/3/9/1/4          2    14  63.0   10.7   35.0   14.0 1749.0 S 0.91 -
 870   24   23    18 0/1/0/0/0                1750.0  1380.0     7.9   142.8  101.0  112.0     0 8/13/3/9/1/4          2     8  61.9   10.5   75.0    7.9 1749.0 S 0.88 -
 880   22   22    18 0/3/0/0/0                1750.0  1380.0    10.8   142.8  101.0  112.0     0 8/13/3/9/1/4          2    10  63.3   11.0   25.0    0.0 1749.0 L 0.86 -
 890   22   22    18 0/3/0/0/0                1750.0  1380.0    19.0   142.8  101.0  112.0     0 8/13/3/9/1/4          2    13  61.0   10.4    0.0    5.5 1749.0 L 0.82 -
 900   22   22    18 0/3/0/0/0                1750.0  1380.0    26.7   142.8  101.0  112.0     0 8/13/3/9/1/4          2    11  62.7   10.9   45.0   10.5 1749.0 L 0.82 -
 910   22   22    18 0/3/0/0/0                1750.0  1380.0    16.0   142.8  101.0  112.0     0 8/13/3/9/1/4          2     8  61.5   10.9   30.0    9.3 1748.6 L 0.82 -
 920   22   22    18 0/3/0/0/0                1750.0  1380.0    10.9   142.8  101.0  112.0     0 8/13/3/9/1/4          2    10  62.2   10.7    5.0    5.8 1749.0 S 0.82 -
 930   22   22    18 0/3/0/0/0                1750.0  1380.0    15.5   142.8  101.0  112.0     0 8/13/3/9/1/4          2    13  62.0   10.7   30.0    4.1 1749.0 S 0.82 -
 940   22   22    18 0/3/0/0/0                1750.0  1380.0     7.1   142.8  101.0  112.0     0 8/13/3/9/1/4          2     8  63.0   10.8   10.0    4.0 1749.0 S 0.82 -
 950   22   22    18 0/3/0/0/0                1750.0  1380.0    26.0   142.8  101.0  112.0     0 8/13/3/9/1/4          2    13  62.2   10.8    0.0    6.6 1749.0 S 0.82 -
 960   22   22    18 0/3/0/0/0                1750.0  1380.0    30.9   179.8  101.0  112.0     0 8/13/3/9/1/4          2    17  62.5   10.8   35.0   21.4 1748.6 S 0.82 -
 970   22   22    18 0/3/0/0/0                1750.0  1380.0    21.1    24.0  103.0  112.0     0 8/13/3/9/1/4          2    11  62.1   11.0   64.1   21.1 1749.0 S 0.82 -
 980   20   20    18 0/5/0/0/0                1750.0  1380.0     0.0    34.2  104.0  112.0     0 8/13/3/9/1/5          2     5  62.4   10.7  174.3    0.0 1749.0 S 0.80 -
 990   20   20    18 0/5/0/0/0                1750.0  1380.0    32.8    45.0  104.0  112.0     0 8/13/3/9/1/5          2    17  62.6   10.9    5.0    0.0 1749.0 S 0.85 -
1000   20   20    18 0/5/0/0/0                1750.0  1380.0    24.3    86.2  104.0  112.0     0 8/13/3/9/1/5          2    11  62.5   11.0   25.0   13.2 1749.0 S 0.85 -
1010   20   20    18 0/5/0/0/0                1750.0  1380.0    36.2   100.8  104.0  112.0     0 8/13/3/9/1/5          2    12  63.6   10.7   20.0   14.7 1749.0 S 0.95 -
1020   20   20    18 0/5/0/0/0                1750.0  1380.0    21.4   135.2  104.0  112.0     0 8/13/3/9/1/5          2    12  61.8   11.0   30.0   17.6 1749.0 S 0.95 -
1030   20   20    18 0/5/0/0/0                1750.0  1380.0    18.5   168.7  104.0  112.0     0 8/13/3/9/1/5          2    11  62.5   10.8   25.0   18.5 1749.0 S 0.95 -
1040   20   20    18 0/5/0/0/0                1750.0  1380.0    28.2   168.7  104.0  112.0     0 8/13/3/9/1/5          2    11  63.6   10.9    0.0   13.2 1749.0 S 0.95 -
1050   20   20    18 0/5/0/0/0                1750.0  1380.0    27.1     4.5  106.0  112.0     0 8/13/3/9/1/5          2    10  63.2   10.9  112.7   17.9 1749.0 S 1.00 -
1060   20   20    18 0/5/0/0/0                1900.0  1500.0    28.7    11.1  108.0  112.0     0 8/13/3/10/1/5         2    13  61.7   10.8  106.8   13.5 1749.0 S 0.95 -
1070   20   20    18 0/5/0/0/0                1900.0  1500.0    24.4    41.9  108.0  112.0     0 8/13/3/10/1/5         2    12  62.6   11.1   10.0   24.4 1899.0 S 0.90 -
1080   20   20    18 0/5/0/0/0                1900.0  1500.0    21.6    65.2  108.0  112.0     0 8/13/3/10/1/5         2    10  62.6   10.4   20.0   20.3 1899.0 S 0.95 -
1090   20   20    18 0/5/0/0/0                1900.0  1500.0     7.5    65.2  108.0  112.0     0 8/13/3/10/1/5         2    11  60.7   10.8   75.0    3.1 1899.0 S 0.90 -
1100   21   20    19 0/5/0/0/0                1900.0  1500.0    19.3    65.2  108.0  112.0     0 8/13/3/10/1/5         2    10  61.1   10.3   50.0    0.0 1899.0 S 0.81 -
1110   20   20    19 0/6/0/0/0                1900.0  1500.0     4.5    65.2  108.0  112.0     0 8/13/3/10/1/5         2     8  62.3   10.9   65.0    0.0 1899.0 S 0.85 -
1120   21   20    20 0/6/0/0/0                1900.0  1500.0    15.7    72.1  108.0  112.0     0 8/13/3/10/1/5         2    12  61.7   10.7   30.0    3.0 1899.0 L 0.86 -
1130   23   21    22 0/6/0/0/0                1900.0  1500.0     8.3    72.1  108.0  112.0     0 8/13/3/10/1/5         2    11  62.4   10.7   35.0    2.5 1899.0 L 0.78 -
1140   23   23    22 0/6/0/0/0                1900.0  1500.0     8.9    72.1  108.0  112.0     0 8/13/3/10/1/5         2    12  61.0   10.4   35.0    2.2 1899.0 L 0.87 -
1150   22   22    22 0/7/0/0/0                1900.0  1500.0     4.0    72.1  108.0  112.0     0 8/13/3/10/1/5         2    11  61.3   10.6   25.0    0.0 1899.0 L 0.82 -
1160   22   22    22 0/7/0/0/0                1900.0  1500.0     7.3    72.1  108.0  112.0     0 8/13/3/10/1/5         2    11  60.1   10.4   40.0    0.5 1899.0 L 0.82 -
1170   22   22    22 0/7/0/0/0                1900.0  1500.0    12.7    72.1  108.0  112.0     0 8/13/3/10/1/5         2    11  61.5   10.5   60.0    1.3 1899.0 L 0.82 -
1180   23   22    23 0/7/0/0/0                1900.0  1500.0     7.7    72.1  108.0  112.0     0 8/13/3/10/1/5         2    11  60.4   10.5   60.0    0.2 1899.0 L 0.78 -
1190   21   21    23 0/9/0/0/0                1900.0  1500.0     1.7    72.1  108.0  112.0     0 8/13/3/10/1/5         2    10  61.3   10.2   25.0    0.0 1899.0 L 0.81 -
1200   21   21    23 0/9/0/0/0                1900.0  1500.0     9.4    72.1  108.0  112.0     0 8/13/3/10/1/5         2    11  60.3   10.9   80.0    1.3 1899.0 L 0.81 -
1210   21   21    23 0/9/0/0/0                1900.0  1500.0    10.4    72.1  108.0  112.0     0 8/13/3/10/1/5         2     9  61.1   10.5   20.0    6.3 1899.0 L 0.76 -
1220   20   20    23 0/10/0/0/0               1900.0  1500.0     8.0    72.1  108.0  112.0     0 8/13/3/10/1/5         2    11  59.4   10.4   65.0    0.0 1899.0 L 0.80 -
1230   20   20    23 0/10/0/0/0               1900.0  1500.0    15.4    72.1  108.0  112.0     0 8/13/3/10/1/5         2    11  60.0   10.8   35.0    2.8 1899.0 L 0.80 -
1240   20   20    23 0/10/0/0/0               1900.0  1500.0    23.6    72.1  108.0  112.0     0 8/13/3/10/1/5         2    11  59.7   10.8   30.0   10.5 1899.0 L 0.80 -
1250   20   20    23 0/10/0/0/0               1900.0  1500.0    14.9    72.1  108.0  112.0     0 8/13/3/10/1/5         2     9  60.9   10.4   50.0    9.0 1899.0 L 0.80 -
1260   20   20    23 0/10/0/0/0               1900.0  1500.0    18.3    72.1  108.0  112.0     0 8/13/3/10/1/5         2    11  59.5   10.6   60.0   14.2 1899.0 S 0.80 -
1270   20   20    23 0/10/0/0/0               1900.0  1500.0    16.8    72.1  108.0  112.0     0 8/13/3/10/1/5         2     9  61.2   10.4   90.0    2.1 1899.0 S 0.75 -
1280   20   20    23 0/10/0/0/0               1900.0  1500.0    17.7    72.1  108.0  112.0     0 8/13/3/10/1/5         2     9  61.4   10.7   30.0    4.5 1899.0 S 0.80 -
1290   20   20    23 0/10/0/0/0               1900.0  1500.0    20.0    72.1  108.0  112.0     0 8/13/3/10/1/5         2    11  61.1   10.8   60.0    8.4 1899.0 S 0.80 -
1300   20   20    23 0/10/0/0/0               1900.0  1500.0    25.3    72.1  108.0  112.0     0 8/13/3/10/1/5         2     9  60.8   10.6   40.0   13.3 1899.0 S 0.80 -
1310   20   20    23 0/10/0/0/0               1900.0  1500.0    22.2    93.5  108.0  112.0     0 8/13/3/10/1/5         2    11  62.6   10.7   75.0   15.0 1899.0 S 0.80 -
1320   20   20    23 0/10/0/0/0               1900.0  1500.0    36.5   100.3  108.0  112.0     0 8/13/3/10/1/5         2    14  61.0   10.8   50.0   15.9 1899.0 S 0.85 -
1330   20   20    23 0/10/0/0/0               1900.0  1500.0    24.5   109.1  108.0  112.0     0 8/13/3/10/1/5         2     8  61.8   11.0   75.0   12.5 1899.0 S 0.80 -
1340   20   20    23 0/10/0/0/0               1900.0  1500.0    31.7   109.1  108.0  112.0     0 8/13/3/10/1/5         2    11  60.6   10.4   55.0   19.3 1899.0 S 0.80 -
1350   20   20    23 0/10/0/0/0               1900.0  1500.0     8.6   124.8  108.0  112.0     0 8/13/3/10/1/5         2     8  61.6   10.4   60.0    6.7 1899.0 S 0.80 -
1360   20   20    23 0/10/0/0/0               1900.0  1500.0    17.8   124.8  108.0  112.0     0 8/13/3/10/1/5         2    11  61.6   10.8   45.0    0.0 1899.0 S 0.80 -
1370   21   20    24 0/10/0/0/0               1900.0  1500.0    22.1   131.8  108.0  112.0     0 8/13/3/10/1/5         2    14  62.2   10.8   10.0    9.8 1899.0 S 0.86 -
1380   21   21    24 0/10/0/0/0               1900.0  1500.0    45.2   135.7  108.0  112.0     0 8/13/3/10/1/5         2    13  61.4   10.2   70.0   21.5 1899.0 S 0.90 -
1390   21   21    24 0/10/0/0/0               1900.0  1500.0    26.6   140.4  108.0  112.0     0 8/13/3/10/1/5         2     7  61.7   10.9  100.0   20.4 1899.0 S 0.81 -
1400   23   21    26 0/10/0/0/0               1900.0  1500.0     9.1   140.4  108.0  112.0     0 8/13/3/10/1/5         2     7  63.0   10.6   40.0    9.1 1899.0 S 0.91 -
1410   23   23    26 0/10/0/0/0               1900.0  1500.0     7.6   140.4  108.0  112.0     0 8/13/3/10/1/5         2    10  61.4   10.6   75.0    3.1 1899.0 S 0.91 -
1420   23   22    27 0/11/0/0/0               1900.0  1500.0     6.1   140.4  108.0  112.0     0 8/13/3/10/1/5         2    10  62.7   10.3   10.0    0.0 1899.0 S 0.96 -
1430   23   23    27 0/11/0/0/0               1900.0  1500.0    22.9   140.4  108.0  112.0     0 8/13/3/10/1/5         2    12  61.7   10.8   20.0    4.6 1899.0 S 0.91 -
1440   23   23    27 0/11/0/0/0               1900.0  1500.0    14.8   140.4  108.0  112.0     0 8/13/3/10/1/5         2    10  61.6   10.7   35.0    8.2 1899.0 L 0.87 -
1450   24   23    28 0/11/0/0/0               1900.0  1500.0    12.7   140.4  108.0  112.0     0 8/13/3/10/1/5         2     9  63.2   10.6   65.0    8.7 1899.0 L 0.83 -
1460   24   24    28 0/11/0/0/0               1900.0  1500.0    36.9   140.4  108.0  112.0     0 8/13/3/10/1/5         2    18  60.7   10.7   30.0    5.7 1899.0 L 0.75 -
1470   24   24    28 0/11/0/0/0               1900.0  1500.0    28.2   163.2  108.0  112.0     0 8/13/3/10/1/5         2    11  62.2   10.9   35.0   11.8 1899.0 L 0.75 -
1480   24   24    28 0/11/0/0/0               1900.0  1500.0     8.8   163.2  108.0  112.0     0 8/13/3/10/1/5         2     9  61.8   10.5   40.0    3.4 1899.0 S 0.75 -
1490   24   24    28 0/11/0/0/0               1900.0  1500.0     7.6   163.2  108.0  112.0     0 8/13/3/10/1/5         2    11  62.3   10.8   45.0    2.9 1899.0 S 0.75 -
1500   24   24    28 0/11/0/0/0               1900.0  1500.0    30.4   163.2  108.0  112.0     0 8/13/3/10/1/5         2    16  61.2   10.9    0.0    2.3 1899.0 S 0.79 -

targets for seed 1234 (1500 sols):
  T1 PASS run min pop 7 (needs >= 5), final pop 24
  T2 PASS deaths 11 (air 0 thirst 11 hunger 0 eva 0 other 0), unexplained 0
  T3 PASS births 28, first_birth_sol 278, at_capacity 0, cooldown_violations 0, pop@30=7, pop@100=7, pop@300=13
  T4 PASS min O2 261.5, food 203.1; ice ran dry (pressure): min ice 0.0, ice>30 0.0, thirst deaths 11; max ice/target 1.08, regolith/target 0.38
  T5 PASS demand>supply 0.00% of steps (<=10), max shorts/sol 0 (<=2), max offline 0.0 h (<=24.7), first new reactor sol 5 (<=15)
  T6 PASS limited 11130.6 h = 30.09% (>=2% provisional; 4 of 5 seeds), site busy 20.8%; waiting_regolith 4665.0 h, site_no_crew 6465.6 h
  T7 PASS turn_backs_air 0, exhausted 306, reachable>=2 at 100.0% of 1500 sol samples (>=95), trips 1717
  T8 PASS row avg energy 53.8..64.3 (40..90), row asleep 10.1..12.8% (5..30), max sleep 8.8 h (<=18)
  T9 N/A  checked by repeating the run and by tests/test_determinism.gd (compare the table sha256)
  T10 FAIL first settlement sol 306 (40..150), age_changes 7 (<=4), min gap between consecutive history entries 40 (>=20), history 8 entries (changes+1 = 8); report: sols_in_age landing 536 settlement 964 council 0, age at end settlement, changes [sol 306 settled; sol 875 fell_back (cause ice); sol 916 settled_again; sol 1111 fell_back (cause ice); sol 1260 settled_again; sol 1436 fell_back (cause ice); sol 1476 settled_again], fall back causes [sol 875 ice; sol 1111 ice; sol 1436 ice], not-ok sols 212 (by group, a sol can fail several: ice 168, food 1, oxygen 1, power 0, death 8, unrest 42)
  T11 PASS (1) list lengths 1501/1501/1501/1501 ok; (2) lonely mean of last 50 readings 0.129 (max 0.35) ok; (3) friends_mean 5.00 (1.0..15.0) ok; (4) first_friendship_sol 109 ok; (5) lines_dropped (total) 0 ok; report: web 0.79 second 0.08 lonely 0.12 friends_mean 5.00 friends share of colony 0.217 (pop 24)
  T12 PASS (1) list lengths 1501/1501/1501 ok; (2) C2 ok; (3) council changes 0 (<=4) ok; (4) proposals 0 ok; (5) one Council line per boundary ok; report: first Council sol <null>, meetings 0, proposals [], pledge sol <null> reason -, lines {"circles_few":6}, dropped 0; council_min_seeds 3 pledge_min_seeds 1
RESULT FAIL (target 9 determinism: table sha256 027c1ffe6fbae408)
