Godot Engine v4.5.stable.official.876b29033 - https://godotengine.org

# station zero balance run: seed=2026 sols=1500 overrides=[resources.throughput.commute_pause=false] fixed_step=0.05 data_hash=fcb5ff2f0fbf63a1
# deaths and births are cumulative; shorts, trips, energy, asleep, wait, min_* are for the 30-sol window
 sol  pop  min birth dead a/t/h/o/x           oxygen    food     ice   regol   dmnd   supp short bldg R/H/W/G/A/C  reach trips  avgE asleep%  waitH minIce  minO2 age web cn
  10    7    7     0 0/0/0/0/0                 389.9   296.2    60.1    72.2   13.0   14.0     0 1/1/1/1/0/0           2     6  56.9   10.6  170.7   60.1  263.5 L 1.00 -
  20    7    7     0 0/0/0/0/0                 550.0   420.0    70.4   122.8   11.0   28.0     0 2/1/1/1/0/0           2    12  54.7   11.1  113.3   56.9  390.0 L 1.00 -
  30    7    7     0 0/0/0/0/0                 550.0   420.0    89.0   173.9   11.0   28.0     0 2/1/1/1/0/0           2    13  57.2   11.9    0.0   68.4  549.0 L 1.00 -
  40    7    7     0 0/0/0/0/0                 550.0   420.0    84.4   153.9   14.0   28.0     0 2/2/1/1/0/0           2     8  57.2   10.8   42.3   79.1  549.0 L 1.00 -
  50    7    7     0 0/0/0/0/0                 550.0   420.0    89.5   188.9   14.0   28.0     0 2/2/1/1/0/0           2    10  57.8   10.6    0.0   82.8  548.6 L 1.00 -
  60    7    7     0 0/0/0/0/0                 550.0   420.0   114.4   162.2   16.0   28.0     0 2/2/1/1/0/0           2     8  54.1   10.4   19.2   88.8  549.0 L 1.00 -
  70    7    7     0 0/0/0/0/0                 550.0   420.0   102.4   191.8   16.0   28.0     0 2/2/1/1/0/0           2     7  52.0   11.6  218.5  102.4  548.6 L 1.00 -
  80    7    7     0 0/0/0/0/0                 550.0   420.0   113.6   141.3   20.0   28.0     0 2/3/1/1/0/1           2     6  57.6   10.6  114.6   98.0  548.9 L 1.00 -
  90    7    7     0 0/0/0/0/0                 550.0   420.0   102.9   149.1   22.0   28.0     0 2/3/1/1/0/1           2    10  51.3   11.5  211.3   99.2  549.0 L 1.00 -
 100    7    7     0 0/0/0/0/0                 550.0   420.0    93.8   173.4   22.0   28.0     0 2/3/1/1/1/1           2     5  54.0   11.1  238.6   93.8  548.4 L 1.00 -
 110    7    7     0 0/0/0/0/0                 550.0   420.0    95.3    65.7   27.0   28.0     0 2/4/1/1/1/1           2     6  58.1   10.5   97.2   89.4  548.9 L 1.00 -
 120    7    7     0 0/0/0/0/0                 550.0   420.0   103.2    59.5   27.0   42.0     0 3/4/1/1/1/1           2    13  52.4   11.6  166.5   88.5  548.3 L 1.00 -
 130    7    7     0 0/0/0/0/0                 550.0   420.0   102.4    73.5   27.0   42.0     0 3/4/1/1/1/1           2     7  56.8   10.7  229.0   98.2  548.1 L 1.00 -
 140    7    7     0 0/0/0/0/0                 550.0   420.0    89.3   151.1   28.0   42.0     0 3/5/1/1/1/1           2    11  49.8   11.8  127.8   89.3  549.0 L 1.00 -
 150    7    7     0 0/0/0/0/0                 550.0   420.0    76.3    35.5   34.0   42.0     0 3/5/2/1/1/1           2    10  56.5   11.3  184.7   76.3  548.2 L 0.86 -
 160    7    7     0 0/0/0/0/0                 550.0   420.0    96.5     1.4   37.0   42.0     0 3/6/2/1/1/1           2    14  53.9   10.9   54.2   74.7  549.0 L 0.86 -
 170    7    7     0 0/0/0/0/0                 550.0   420.0    87.7    68.1   39.0   42.0     0 3/6/3/1/1/1           2    10  54.1   11.8  199.1   84.4  548.7 L 0.86 -
 180    7    7     0 0/0/0/0/0                 550.0   420.0    88.7    23.2   41.0   42.0     0 3/6/3/1/1/1           2     9  59.8   12.2  154.0   84.7  548.7 L 0.86 -
 190    7    7     0 0/0/0/0/0                 549.8   420.0    82.7    23.2   41.0   56.0     0 4/6/3/1/1/1           2    16  53.5   10.7   87.7   82.2  548.7 L 0.86 -
 200    7    7     0 0/0/0/0/0                 700.0   540.0    91.3   112.7   43.0   56.0     0 4/6/3/2/1/1           2    13  53.1   11.4   56.4   82.5  549.0 L 0.71 -
 210    7    7     0 0/0/0/0/0                 700.0   540.0    82.6    59.8   45.0   56.0     0 4/6/3/2/1/1           2     8  54.6   11.2  199.0   76.6  699.0 L 0.71 -
 220    7    7     0 0/0/0/0/0                 700.0   540.0    84.5    32.6   47.0   56.0     0 4/6/3/2/2/1           2    15  53.6   11.3   86.6   76.3  698.6 L 0.71 -
 230    7    7     0 0/0/0/0/0                 700.0   540.0    79.8    99.3   47.0   56.0     0 4/6/3/2/3/1           2    11  54.9   11.8   97.5   76.3  698.7 L 0.71 -
 240    7    7     0 0/0/0/0/0                 700.0   540.0    88.6    45.9   49.0   56.0     0 4/6/3/2/3/1           2    12  54.5   11.2  117.1   78.0  698.5 L 0.71 -
 250    7    7     0 0/0/0/0/0                 700.0   540.0    83.1    80.6   49.0   56.0     0 4/6/3/2/3/1           2     8  57.3   10.4  217.2   78.5  699.0 L 0.71 -
 260    7    7     0 0/0/0/0/0                 722.9   556.4    76.1    53.5   54.0   56.0     0 4/7/3/3/3/1           2    11  52.8   12.0  113.6   76.1  699.0 L 0.71 -
 270    7    7     0 0/0/0/0/0                 850.0   660.0    81.5    38.7   56.0   56.0     0 4/7/3/3/3/1           2    17  56.5   11.6  114.6   73.2  723.1 L 0.71 -
 280    7    7     0 0/0/0/0/0                 850.0   660.0    78.8   106.9   54.0   70.0     0 5/7/3/3/3/1           2    11  53.5   10.8  106.1   70.6  849.0 L 0.71 -
 290    7    7     0 0/0/0/0/0                 850.0   660.0    86.8    24.9   56.0   70.0     0 5/7/3/3/3/1           2    10  55.2   11.1  183.8   72.2  849.0 L 0.71 -
 300    7    7     0 0/0/0/0/0                 850.0   660.0    84.9    68.5   57.0   70.0     0 5/8/3/3/3/1           2    11  56.2   11.4   95.9   82.5  849.0 L 0.71 -
 310   12    7     5 0/0/0/0/0                 850.0   660.0    95.2   110.3   57.0   70.0     0 5/8/3/3/3/1           2     9  60.1   11.4  100.0   84.0  849.0 L 0.92 -
 320   12   12     5 0/0/0/0/0                 850.0   660.0    65.6    55.7   59.0   70.0     0 5/8/3/3/3/1           2     9  56.9   10.6  218.9   65.6  849.0 S 0.92 -
 330   12   12     5 0/0/0/0/0                1000.0   780.0    59.7    94.6   61.0   70.0     0 5/8/3/4/3/1           2    12  59.8   11.3   36.0   57.6  849.0 S 0.92 -
 340   12   12     5 0/0/0/0/0                1000.0   780.0    64.3     2.2   63.0   70.0     0 5/8/3/4/3/1           2    10  61.1   10.4  101.0   56.9  999.0 S 0.42 -
 350   13   12     6 0/0/0/0/0                1000.0   780.0    58.5    45.8   63.0   70.0     0 5/8/3/4/3/1           2    10  58.7   11.2  226.1   58.5  999.0 S 0.46 -
 360   13   13     6 0/0/0/0/0                1000.0   780.0    26.5   103.3   63.0   70.0     0 5/8/3/4/3/1           2     8  61.0   10.7  234.7   26.5  999.0 S 0.46 -
 370   13   13     6 0/0/0/0/0                1000.0   780.0    50.2     2.6   65.0   70.0     0 5/8/3/4/4/1           2    15  60.2   11.2   39.1   24.5  999.0 S 0.77 -
 380   13   13     6 0/0/0/0/0                1000.0   780.0    38.5    36.5   65.0   70.0     0 5/8/3/4/4/1           2    10  59.6   10.9  223.3   32.6  999.0 S 0.77 -
 390   13   13     6 0/0/0/0/0                1000.0   780.0    65.6    86.4   66.0   70.0     0 5/9/3/4/4/1           2    17  59.2   11.1   59.9   25.2  998.7 S 0.38 -
 400   13   13     6 0/0/0/0/0                1000.0   780.0    67.2     8.1   68.0   70.0     0 5/9/3/4/4/1           2    12  60.6   10.7   73.9   55.2  999.0 S 0.38 -
 410   13   13     6 0/0/0/0/0                1000.0   780.0    45.1    46.0   68.0   70.0     0 5/9/3/4/4/1           2     7  59.7   11.3  219.1   45.1  999.0 S 0.38 -
 420   13   13     6 0/0/0/0/0                1000.0   780.0    29.2   130.6   66.0   84.0     0 6/9/3/4/4/1           2    16  60.3   10.9   30.2   29.2  999.0 S 0.38 -
 430   13   13     6 0/0/0/0/0                1000.0   780.0    28.3    15.5   68.0   84.0     0 6/9/3/4/4/1           2     8  62.9   11.1  188.8   20.8  999.0 S 0.38 -
 440   13   13     6 0/0/0/0/0                1000.0   780.0    35.9    36.7   69.0   84.0     0 6/10/3/4/4/1          2    12  61.7   11.0  113.5   24.8  999.0 S 0.38 -
 450   13   13     6 0/0/0/0/0                1000.0   780.0    38.0    87.9   69.0   84.0     0 6/10/3/4/4/1          2    12  60.9   11.2  110.0   33.9  999.0 S 0.38 -
 460   13   13     6 0/0/0/0/0                1000.0   780.0    37.6   134.4   69.0   84.0     0 6/10/3/4/4/1          2    14  61.4   11.2   70.0   33.3  999.0 S 0.38 -
 470   13   13     6 0/0/0/0/0                1000.0   780.0    32.9    31.2   72.0   84.0     0 6/10/3/4/4/2          2    11  60.8   10.7  162.8   32.1  999.0 S 0.38 -
 480   13   13     6 0/0/0/0/0                1000.0   780.0    39.1    83.3   72.0   84.0     0 6/10/3/4/4/2          2    15  58.0   11.0   30.0   30.3  999.0 S 0.38 -
 490   13   13     6 0/0/0/0/0                1000.0   780.0    53.8   130.7   72.0   84.0     0 6/10/3/4/4/2          2    14  60.8   10.9   25.0   35.4  999.0 S 0.38 -
 500   13   13     6 0/0/0/0/0                1000.0   780.0    38.0    34.2   74.0   84.0     0 6/10/3/4/4/2          2     7  62.3   10.7  245.0   37.0  999.0 S 0.38 -
 510   13   13     6 0/0/0/0/0                1150.0   900.0    46.0    55.4   76.0   84.0     0 6/10/3/5/4/2          2    10  60.7   11.5   37.2   22.5  999.0 S 0.38 -
 520   13   13     6 0/0/0/0/0                1150.0   900.0    41.8   106.2   76.0   84.0     0 6/10/3/5/4/2          2    15  59.6   10.6   80.0   35.5 1149.0 S 0.38 -
 530   13   13     6 0/0/0/0/0                1150.0   900.0    39.9    10.5   78.0   84.0     0 6/10/3/5/4/2          2    11  59.9   11.6  102.8   39.9 1149.0 S 0.38 -
 540   13   13     6 0/0/0/0/0                1150.0   900.0    28.6    39.7   79.0   84.0     0 6/11/3/5/4/2          2     8  61.8   10.5   14.3   19.3 1149.0 S 0.38 -
 550   13   13     6 0/0/0/0/0                1150.0   900.0    32.0    83.3   79.0   84.0     0 6/11/3/5/4/2          2    14  60.3   10.4   40.0   26.2 1149.0 S 0.38 -
 560   13   13     6 0/0/0/0/0                1150.0   900.0    60.0   133.6   79.0   84.0     0 6/11/3/5/4/2          2    17  59.0   11.3   30.0   30.1 1149.0 S 0.46 -
 570   13   13     6 0/0/0/0/0                1150.0   900.0    33.0     7.3   81.0   84.0     0 6/11/3/5/4/2          2     6  62.1   11.1  131.1   33.0 1149.0 S 0.46 -
 580   15   13     8 0/0/0/0/0                1150.0   900.0    26.4    30.9   81.0   84.0     0 6/11/3/5/4/2          2     8  62.0   10.8  221.7   18.4 1149.0 S 0.47 -
 590   16   15     9 0/0/0/0/0                1150.0   900.0    38.0    38.2   81.0   84.0     0 6/11/3/5/5/2          2     9  62.1   10.7  121.5   17.2 1149.0 S 0.50 -
 600   17   16    10 0/0/0/0/0                1150.0   900.0    36.1   105.9   81.0   84.0     0 6/11/3/5/5/2          2    17  59.1   11.2   10.0   28.7 1149.0 S 0.59 -
 610   17   17    10 0/0/0/0/0                1150.0   900.0    38.7   131.0   81.0   84.0     0 6/11/3/5/5/2          2    11  61.0   10.1   70.0   20.1 1149.0 S 0.59 -
 620   17   17    10 0/0/0/0/0                1150.0   900.0    12.9    18.3   83.0   84.0     0 6/11/3/5/5/2          2     8  60.5   11.0  193.4   12.9 1149.0 S 0.65 -
 630   18   17    11 0/0/0/0/0                1150.0   900.0    20.8    18.3   81.0   98.0     0 7/11/3/5/5/2          2    10  62.6   10.8   94.6    3.9 1149.0 S 0.56 -
 640   18   18    11 0/0/0/0/0                1150.0   900.0    25.9    33.5   81.0   98.0     0 7/11/3/5/5/2          2    12  62.3   10.6   45.0   15.4 1149.0 S 0.56 -
 650   19   18    12 0/0/0/0/0                1150.0   900.0    22.3    57.2   81.0   98.0     0 7/11/3/5/5/2          2    12  62.9   11.2   50.0   17.8 1149.0 S 0.58 -
 660   19   19    12 0/0/0/0/0                1150.0   900.0    43.2    86.5   81.0   98.0     0 7/11/3/5/5/2          2    14  60.8   10.8   15.0   20.7 1149.0 S 0.58 -
 670   19   19    12 0/0/0/0/0                1150.0   900.0    28.5   130.9   81.0   98.0     0 7/11/3/5/5/2          2    12  60.7   10.3    0.0   28.5 1149.0 S 0.58 -
 680   19   19    12 0/0/0/0/0                1150.0   900.0    38.1   160.6   81.0   98.0     0 7/11/3/5/5/2          2    14  61.5   11.2   10.0   22.3 1149.0 S 0.58 -
 690   19   19    12 0/0/0/0/0                1150.0   900.0    16.0    16.1   83.0   98.0     0 7/11/3/5/5/2          2     5  62.5   10.9  209.3    9.7 1149.0 S 0.63 -
 700   18   18    12 0/1/0/0/0                1300.0  1020.0     5.5    33.5   85.0   98.0     0 7/11/3/6/5/2          2    10  60.7   10.5   66.8    0.0 1149.0 S 0.61 -
 710   17   17    12 0/2/0/0/0                1300.0  1020.0    28.9    33.5   85.0   98.0     0 7/11/3/6/5/2          2    14  60.4   10.6   25.0    0.0 1299.0 S 0.53 -
 720   17   17    12 0/2/0/0/0                1300.0  1020.0    15.5    79.5   85.0   98.0     0 7/11/3/6/5/2          2    10  59.8   10.9   45.0   15.5 1299.0 S 0.53 -
 730   17   17    12 0/2/0/0/0                1300.0  1020.0    33.5    79.5   85.0   98.0     0 7/11/3/6/5/2          2     9  62.6   11.0   35.0   13.8 1299.0 S 0.47 -
 740   17   17    12 0/2/0/0/0                1300.0  1020.0    31.4    94.5   85.0   98.0     0 7/11/3/6/5/2          2    11  61.7   10.8    5.0   24.0 1299.0 S 0.47 -
 750   17   17    12 0/2/0/0/0                1300.0  1020.0    28.0   118.2   85.0   98.0     0 7/11/3/6/5/2          2    10  61.6   10.6   25.0   21.5 1299.0 S 0.47 -
 760   17   17    12 0/2/0/0/0                1300.0  1020.0    37.7   147.3   85.0   98.0     0 7/11/3/6/5/2          2    12  58.5   10.8   20.0   22.7 1299.0 S 0.53 -
 770   17   17    12 0/2/0/0/0                1300.0  1020.0    23.6    16.8   87.0   98.0     0 7/11/3/6/5/2          2     9  62.5   10.9  113.0   20.6 1299.0 S 0.53 -
 780   17   17    12 0/2/0/0/0                1450.0  1140.0    15.5    16.8   89.0   98.0     0 7/11/3/7/5/2          2     8  62.8   11.0  145.5    7.3 1299.0 S 0.47 -
 790   17   17    12 0/2/0/0/0                1450.0  1140.0    26.1    57.0   89.0   98.0     0 7/11/3/7/5/2          2    12  61.2   10.6   45.0   15.1 1449.0 S 0.47 -
 800   17   17    12 0/2/0/0/0                1450.0  1140.0    41.9    85.1   89.0   98.0     0 7/11/3/7/5/2          2    18  61.7   11.3   75.0   16.3 1449.0 S 0.59 -
 810   17   17    12 0/2/0/0/0                1450.0  1140.0    41.5   141.9   89.0   98.0     0 7/11/3/7/5/2          2    14  61.1   11.0   50.0   39.4 1449.0 S 0.59 -
 820   17   17    12 0/2/0/0/0                1450.0  1140.0    27.2     8.8   91.0   98.0     0 7/11/3/7/5/2          2     7  61.1   10.7   56.1   27.2 1449.0 S 0.59 -
 830   17   17    12 0/2/0/0/0                1450.0  1140.0    17.4     8.8   91.0   98.0     0 7/11/3/7/5/2          2     5  63.0   10.8  234.3   17.4 1449.0 S 0.59 -
 840   14   14    12 0/5/0/0/0                1450.0  1140.0     0.0    19.8   91.0   98.0     0 7/11/3/7/5/2          2     4  63.2   11.4  246.6    0.0 1449.0 S 0.57 -
 850    5    5    13 0/15/0/0/0               1450.0  1140.0     0.0    19.8   91.0   98.0     0 7/11/3/7/5/2          2     2  63.0   10.3  241.6    0.0 1449.0 L 0.60 -
 860    0    0    13 0/20/0/0/0               1450.0  1140.0     0.0    19.8   91.0   98.0     0 7/11/3/7/5/2          2     0  54.7    9.2  238.0    0.0 1449.0 L 0.00 -
 870    0    0    13 0/20/0/0/0               1450.0  1140.0     0.0    19.8   91.0   98.0     0 7/11/3/7/5/2          2     0   0.0    0.0  246.6    0.0 1450.0 L 0.00 -
 880    0    0    13 0/20/0/0/0               1450.0  1140.0     0.0    19.8   91.0   98.0     0 7/11/3/7/5/2          2     0   0.0    0.0  246.6    0.0 1450.0 L 0.00 -
 890    0    0    13 0/20/0/0/0               1450.0  1140.0     0.0    19.8   91.0   98.0     0 7/11/3/7/5/2          2     0   0.0    0.0  246.6    0.0 1450.0 L 0.00 -
 900    0    0    13 0/20/0/0/0               1450.0  1140.0     0.0    19.8   91.0   98.0     0 7/11/3/7/5/2          2     0   0.0    0.0  246.6    0.0 1450.0 L 0.00 -
 910    0    0    13 0/20/0/0/0               1450.0  1140.0     0.0    19.8   91.0   98.0     0 7/11/3/7/5/2          2     0   0.0    0.0  246.6    0.0 1450.0 L 0.00 -
 920    0    0    13 0/20/0/0/0               1450.0  1140.0     0.0    19.8   91.0   98.0     0 7/11/3/7/5/2          2     0   0.0    0.0  246.6    0.0 1450.0 L 0.00 -
 930    0    0    13 0/20/0/0/0               1450.0  1140.0     0.0    19.8   91.0   98.0     0 7/11/3/7/5/2          2     0   0.0    0.0  246.6    0.0 1450.0 L 0.00 -
 940    0    0    13 0/20/0/0/0               1450.0  1140.0     0.0    19.8   91.0   98.0     0 7/11/3/7/5/2          2     0   0.0    0.0  246.6    0.0 1450.0 L 0.00 -
 950    0    0    13 0/20/0/0/0               1450.0  1140.0     0.0    19.8   91.0   98.0     0 7/11/3/7/5/2          2     0   0.0    0.0  246.6    0.0 1450.0 L 0.00 -
 960    0    0    13 0/20/0/0/0               1450.0  1140.0     0.0    19.8   91.0   98.0     0 7/11/3/7/5/2          2     0   0.0    0.0  246.6    0.0 1450.0 L 0.00 -
 970    0    0    13 0/20/0/0/0               1450.0  1140.0     0.0    19.8   91.0   98.0     0 7/11/3/7/5/2          2     0   0.0    0.0  246.6    0.0 1450.0 L 0.00 -
 980    0    0    13 0/20/0/0/0               1450.0  1140.0     0.0    19.8   91.0   98.0     0 7/11/3/7/5/2          2     0   0.0    0.0  246.6    0.0 1450.0 L 0.00 -
 990    0    0    13 0/20/0/0/0               1450.0  1140.0     0.0    19.8   91.0   98.0     0 7/11/3/7/5/2          2     0   0.0    0.0  246.6    0.0 1450.0 L 0.00 -
1000    0    0    13 0/20/0/0/0               1450.0  1140.0     0.0    19.8   91.0   98.0     0 7/11/3/7/5/2          2     0   0.0    0.0  246.6    0.0 1450.0 L 0.00 -
1010    0    0    13 0/20/0/0/0               1450.0  1140.0     0.0    19.8   91.0   98.0     0 7/11/3/7/5/2          2     0   0.0    0.0  246.6    0.0 1450.0 L 0.00 -
1020    0    0    13 0/20/0/0/0               1450.0  1140.0     0.0    19.8   91.0   98.0     0 7/11/3/7/5/2          2     0   0.0    0.0  246.6    0.0 1450.0 L 0.00 -
1030    0    0    13 0/20/0/0/0               1450.0  1140.0     0.0    19.8   91.0   98.0     0 7/11/3/7/5/2          2     0   0.0    0.0  246.6    0.0 1450.0 L 0.00 -
1040    0    0    13 0/20/0/0/0               1450.0  1140.0     0.0    19.8   91.0   98.0     0 7/11/3/7/5/2          2     0   0.0    0.0  246.6    0.0 1450.0 L 0.00 -
1050    0    0    13 0/20/0/0/0               1450.0  1140.0     0.0    19.8   91.0   98.0     0 7/11/3/7/5/2          2     0   0.0    0.0  246.6    0.0 1450.0 L 0.00 -
1060    0    0    13 0/20/0/0/0               1450.0  1140.0     0.0    19.8   91.0   98.0     0 7/11/3/7/5/2          2     0   0.0    0.0  246.6    0.0 1450.0 L 0.00 -
1070    0    0    13 0/20/0/0/0               1450.0  1140.0     0.0    19.8   91.0   98.0     0 7/11/3/7/5/2          2     0   0.0    0.0  246.6    0.0 1450.0 L 0.00 -
1080    0    0    13 0/20/0/0/0               1450.0  1140.0     0.0    19.8   91.0   98.0     0 7/11/3/7/5/2          2     0   0.0    0.0  246.6    0.0 1450.0 L 0.00 -
1090    0    0    13 0/20/0/0/0               1450.0  1140.0     0.0    19.8   91.0   98.0     0 7/11/3/7/5/2          2     0   0.0    0.0  246.6    0.0 1450.0 L 0.00 -
1100    0    0    13 0/20/0/0/0               1450.0  1140.0     0.0    19.8   91.0   98.0     0 7/11/3/7/5/2          2     0   0.0    0.0  246.6    0.0 1450.0 L 0.00 -
1110    0    0    13 0/20/0/0/0               1450.0  1140.0     0.0    19.8   91.0   98.0     0 7/11/3/7/5/2          2     0   0.0    0.0  246.6    0.0 1450.0 L 0.00 -
1120    0    0    13 0/20/0/0/0               1450.0  1140.0     0.0    19.8   91.0   98.0     0 7/11/3/7/5/2          2     0   0.0    0.0  246.6    0.0 1450.0 L 0.00 -
1130    0    0    13 0/20/0/0/0               1450.0  1140.0     0.0    19.8   91.0   98.0     0 7/11/3/7/5/2          2     0   0.0    0.0  246.6    0.0 1450.0 L 0.00 -
1140    0    0    13 0/20/0/0/0               1450.0  1140.0     0.0    19.8   91.0   98.0     0 7/11/3/7/5/2          2     0   0.0    0.0  246.6    0.0 1450.0 L 0.00 -
1150    0    0    13 0/20/0/0/0               1450.0  1140.0     0.0    19.8   91.0   98.0     0 7/11/3/7/5/2          2     0   0.0    0.0  246.6    0.0 1450.0 L 0.00 -
1160    0    0    13 0/20/0/0/0               1450.0  1140.0     0.0    19.8   91.0   98.0     0 7/11/3/7/5/2          2     0   0.0    0.0  246.6    0.0 1450.0 L 0.00 -
1170    0    0    13 0/20/0/0/0               1450.0  1140.0     0.0    19.8   91.0   98.0     0 7/11/3/7/5/2          2     0   0.0    0.0  246.6    0.0 1450.0 L 0.00 -
1180    0    0    13 0/20/0/0/0               1450.0  1140.0     0.0    19.8   91.0   98.0     0 7/11/3/7/5/2          2     0   0.0    0.0  246.6    0.0 1450.0 L 0.00 -
1190    0    0    13 0/20/0/0/0               1450.0  1140.0     0.0    19.8   91.0   98.0     0 7/11/3/7/5/2          2     0   0.0    0.0  246.6    0.0 1450.0 L 0.00 -
1200    0    0    13 0/20/0/0/0               1450.0  1140.0     0.0    19.8   91.0   98.0     0 7/11/3/7/5/2          2     0   0.0    0.0  246.6    0.0 1450.0 L 0.00 -
1210    0    0    13 0/20/0/0/0               1450.0  1140.0     0.0    19.8   91.0   98.0     0 7/11/3/7/5/2          2     0   0.0    0.0  246.6    0.0 1450.0 L 0.00 -
1220    0    0    13 0/20/0/0/0               1450.0  1140.0     0.0    19.8   91.0   98.0     0 7/11/3/7/5/2          2     0   0.0    0.0  246.6    0.0 1450.0 L 0.00 -
1230    0    0    13 0/20/0/0/0               1450.0  1140.0     0.0    19.8   91.0   98.0     0 7/11/3/7/5/2          2     0   0.0    0.0  246.6    0.0 1450.0 L 0.00 -
1240    0    0    13 0/20/0/0/0               1450.0  1140.0     0.0    19.8   91.0   98.0     0 7/11/3/7/5/2          2     0   0.0    0.0  246.6    0.0 1450.0 L 0.00 -
1250    0    0    13 0/20/0/0/0               1450.0  1140.0     0.0    19.8   91.0   98.0     0 7/11/3/7/5/2          2     0   0.0    0.0  246.6    0.0 1450.0 L 0.00 -
1260    0    0    13 0/20/0/0/0               1450.0  1140.0     0.0    19.8   91.0   98.0     0 7/11/3/7/5/2          2     0   0.0    0.0  246.6    0.0 1450.0 L 0.00 -
1270    0    0    13 0/20/0/0/0               1450.0  1140.0     0.0    19.8   91.0   98.0     0 7/11/3/7/5/2          2     0   0.0    0.0  246.6    0.0 1450.0 L 0.00 -
1280    0    0    13 0/20/0/0/0               1450.0  1140.0     0.0    19.8   91.0   98.0     0 7/11/3/7/5/2          2     0   0.0    0.0  246.6    0.0 1450.0 L 0.00 -
1290    0    0    13 0/20/0/0/0               1450.0  1140.0     0.0    19.8   91.0   98.0     0 7/11/3/7/5/2          2     0   0.0    0.0  246.6    0.0 1450.0 L 0.00 -
1300    0    0    13 0/20/0/0/0               1450.0  1140.0     0.0    19.8   91.0   98.0     0 7/11/3/7/5/2          2     0   0.0    0.0  246.6    0.0 1450.0 L 0.00 -
1310    0    0    13 0/20/0/0/0               1450.0  1140.0     0.0    19.8   91.0   98.0     0 7/11/3/7/5/2          2     0   0.0    0.0  246.6    0.0 1450.0 L 0.00 -
1320    0    0    13 0/20/0/0/0               1450.0  1140.0     0.0    19.8   91.0   98.0     0 7/11/3/7/5/2          2     0   0.0    0.0  246.6    0.0 1450.0 L 0.00 -
1330    0    0    13 0/20/0/0/0               1450.0  1140.0     0.0    19.8   91.0   98.0     0 7/11/3/7/5/2          2     0   0.0    0.0  246.6    0.0 1450.0 L 0.00 -
1340    0    0    13 0/20/0/0/0               1450.0  1140.0     0.0    19.8   91.0   98.0     0 7/11/3/7/5/2          2     0   0.0    0.0  246.6    0.0 1450.0 L 0.00 -
1350    0    0    13 0/20/0/0/0               1450.0  1140.0     0.0    19.8   91.0   98.0     0 7/11/3/7/5/2          2     0   0.0    0.0  246.6    0.0 1450.0 L 0.00 -
1360    0    0    13 0/20/0/0/0               1450.0  1140.0     0.0    19.8   91.0   98.0     0 7/11/3/7/5/2          2     0   0.0    0.0  246.6    0.0 1450.0 L 0.00 -
1370    0    0    13 0/20/0/0/0               1450.0  1140.0     0.0    19.8   91.0   98.0     0 7/11/3/7/5/2          2     0   0.0    0.0  246.6    0.0 1450.0 L 0.00 -
1380    0    0    13 0/20/0/0/0               1450.0  1140.0     0.0    19.8   91.0   98.0     0 7/11/3/7/5/2          2     0   0.0    0.0  246.6    0.0 1450.0 L 0.00 -
1390    0    0    13 0/20/0/0/0               1450.0  1140.0     0.0    19.8   91.0   98.0     0 7/11/3/7/5/2          2     0   0.0    0.0  246.6    0.0 1450.0 L 0.00 -
1400    0    0    13 0/20/0/0/0               1450.0  1140.0     0.0    19.8   91.0   98.0     0 7/11/3/7/5/2          2     0   0.0    0.0  246.6    0.0 1450.0 L 0.00 -
1410    0    0    13 0/20/0/0/0               1450.0  1140.0     0.0    19.8   91.0   98.0     0 7/11/3/7/5/2          2     0   0.0    0.0  246.6    0.0 1450.0 L 0.00 -
1420    0    0    13 0/20/0/0/0               1450.0  1140.0     0.0    19.8   91.0   98.0     0 7/11/3/7/5/2          2     0   0.0    0.0  246.6    0.0 1450.0 L 0.00 -
1430    0    0    13 0/20/0/0/0               1450.0  1140.0     0.0    19.8   91.0   98.0     0 7/11/3/7/5/2          2     0   0.0    0.0  246.6    0.0 1450.0 L 0.00 -
1440    0    0    13 0/20/0/0/0               1450.0  1140.0     0.0    19.8   91.0   98.0     0 7/11/3/7/5/2          2     0   0.0    0.0  246.6    0.0 1450.0 L 0.00 -
1450    0    0    13 0/20/0/0/0               1450.0  1140.0     0.0    19.8   91.0   98.0     0 7/11/3/7/5/2          2     0   0.0    0.0  246.6    0.0 1450.0 L 0.00 -
1460    0    0    13 0/20/0/0/0               1450.0  1140.0     0.0    19.8   91.0   98.0     0 7/11/3/7/5/2          2     0   0.0    0.0  246.6    0.0 1450.0 L 0.00 -
1470    0    0    13 0/20/0/0/0               1450.0  1140.0     0.0    19.8   91.0   98.0     0 7/11/3/7/5/2          2     0   0.0    0.0  246.6    0.0 1450.0 L 0.00 -
1480    0    0    13 0/20/0/0/0               1450.0  1140.0     0.0    19.8   91.0   98.0     0 7/11/3/7/5/2          2     0   0.0    0.0  246.6    0.0 1450.0 L 0.00 -
1490    0    0    13 0/20/0/0/0               1450.0  1140.0     0.0    19.8   91.0   98.0     0 7/11/3/7/5/2          2     0   0.0    0.0  246.6    0.0 1450.0 L 0.00 -
1500    0    0    13 0/20/0/0/0               1450.0  1140.0     0.0    19.8   91.0   98.0     0 7/11/3/7/5/2          2     0   0.0    0.0  246.6    0.0 1450.0 L 0.00 -

targets for seed 2026 (1500 sols):
  T1 FAIL run min pop 0 (needs >= 5), final pop 0
  T2 PASS deaths 20 (air 0 thirst 20 hunger 0 eva 0 other 0), unexplained 0
  T3 PASS births 13, first_birth_sol 303, at_capacity 0, cooldown_violations 0, pop@30=7, pop@100=7, pop@300=7
  T4 PASS min O2 263.5, food 203.1; ice ran dry (pressure): min ice 0.0, ice>30 0.0, thirst deaths 20; max ice/target 0.96, regolith/target 0.92
  T5 PASS demand>supply 0.00% of steps (<=10), max shorts/sol 0 (<=2), max offline 0.0 h (<=24.7), first new reactor sol 15 (<=15)
  T6 PASS limited 25248.7 h = 68.26% (>=2% provisional; 4 of 5 seeds), site busy 67.2%; waiting_regolith 1470.0 h, site_no_crew 23778.7 h
  T7 PASS turn_backs_air 0, exhausted 159, reachable>=2 at 100.0% of 1500 sol samples (>=95), trips 904
  T8 FAIL row avg energy 0.0..63.2 (40..90), row asleep 0.0..12.2% (5..30), max sleep 8.8 h (<=18)
  T9 N/A  checked by repeating the run and by tests/test_determinism.gd (compare the table sha256)
  T10 FAIL first settlement sol 317 (40..150), age_changes 2 (<=4), min gap between consecutive history entries 317 (>=20), history 3 entries (changes+1 = 3); report: sols_in_age landing 967 settlement 533 council 0, age at end landing, changes [sol 317 settled; sol 850 fell_back (cause ice)], fall back causes [sol 850 ice], not-ok sols 95 (by group, a sol can fail several: ice 29, food 1, oxygen 1, power 0, death 12, unrest 66)
  T11 FAIL (1) list lengths 1501/1501/1501/1501 ok; (2) lonely mean of last 50 readings 0.000 (max 0.35) ok; (3) friends_mean 0.00 (1.0..15.0) BAD; (4) first_friendship_sol 175 ok; (5) lines_dropped (total) 0 ok; report: web 0.00 second 0.00 lonely 0.00 friends_mean 0.00 friends share of colony 0.000 (pop 0)
  T12 PASS (1) list lengths 1501/1501/1501 ok; (2) C2 ok; (3) council changes 0 (<=4) ok; (4) proposals 0 ok; (5) one Council line per boundary ok; report: first Council sol <null>, meetings 0, proposals [], pledge sol <null> reason -, lines {"circles_few":2}, dropped 0; council_min_seeds 3 pledge_min_seeds 1
RESULT FAIL (target 9 determinism: table sha256 00f545df7157dbcf)
