Godot Engine v4.5.stable.official.876b29033 - https://godotengine.org

# station zero balance run: seed=42 sols=1500 overrides=[resources.throughput.commute_pause=false] fixed_step=0.05 data_hash=fcb5ff2f0fbf63a1
# deaths and births are cumulative; shorts, trips, energy, asleep, wait, min_* are for the 30-sol window
 sol  pop  min birth dead a/t/h/o/x           oxygen    food     ice   regol   dmnd   supp short bldg R/H/W/G/A/C  reach trips  avgE asleep%  waitH minIce  minO2 age web cn
  10    7    7     0 0/0/0/0/0                 378.9   296.2    63.5    36.2   14.0   28.0     0 2/2/1/1/0/0           2    10  55.1   11.3  140.6   56.8  259.7 L 1.00 -
  20    7    7     0 0/0/0/0/0                 700.0   540.0    61.2    25.7   20.0   28.0     0 2/2/1/2/0/0           2    13  55.6   10.9  138.9   57.3  379.0 L 1.00 -
  30    7    7     0 0/0/0/0/0                 700.0   540.0    60.6    52.4   21.0   28.0     0 2/3/1/2/0/0           2    10  53.6   11.7  195.5   58.4  698.6 L 1.00 -
  40    7    7     0 0/0/0/0/0                 700.0   540.0    72.7    23.8   27.0   28.0     0 2/3/2/2/0/0           2    13  57.9   12.5  141.6   57.6  699.0 L 1.00 -
  50    7    7     0 0/0/0/0/0                 700.0   540.0    81.5    78.7   25.0   42.0     0 3/3/2/2/0/0           2    13  57.0   11.3  116.7   64.0  699.0 L 0.86 -
  60    7    7     0 0/0/0/0/0                 700.0   540.0    83.8    27.9   28.0   42.0     0 3/4/2/2/0/0           2     9  58.8   12.0  133.0   78.8  698.2 L 0.86 -
  70    7    7     0 0/0/0/0/0                 700.0   540.0    94.9    50.2   30.0   42.0     0 3/4/2/2/0/0           2    15  55.9   11.4  160.1   83.6  699.0 L 0.86 -
  80    7    7     0 0/0/0/0/0                 700.0   540.0    84.8    57.0   32.0   42.0     0 3/4/2/2/1/0           2    13  55.4   12.0  125.2   84.1  699.0 L 0.43 -
  90    7    7     0 0/0/0/0/0                 700.0   540.0    94.6    51.3   35.0   42.0     0 3/5/2/2/1/0           2    14  58.0   11.7  142.1   82.1  699.0 L 0.43 -
 100    7    7     0 0/0/0/0/0                 700.0   540.0   115.3     9.3   39.0   42.0     0 3/5/3/2/1/0           2    13  58.7   11.5  123.6   93.2  699.0 L 0.43 -
 110    7    7     0 0/0/0/0/0                 700.0   540.0   116.3    39.7   41.0   42.0     0 3/5/3/2/2/0           2    18  56.4   11.6  104.8  109.5  698.7 L 0.43 -
 120    7    7     0 0/0/0/0/0                 700.0   540.0   120.2    93.7   39.0   56.0     0 4/5/3/2/2/0           2    13  55.2   11.5  149.8  114.8  699.0 L 0.43 -
 130    7    7     0 0/0/0/0/0                 850.0   660.0   108.6    12.7   45.0   56.0     0 4/5/3/3/2/0           2    11  55.5   11.0  110.7  108.6  699.0 L 0.43 -
 140    7    7     0 0/0/0/0/0                1000.0   780.0   102.9    15.7   49.0   56.0     0 4/5/3/4/2/0           2    16  58.5   12.8   96.9   94.5  849.0 L 0.43 -
 150    7    7     0 0/0/0/0/0                1000.0   780.0    91.8   107.2   49.0   56.0     0 4/5/3/4/2/0           2    12  53.7   10.6  229.9   91.8  999.0 L 0.43 -
 160    7    7     0 0/0/0/0/0                1000.0   780.0    84.9    51.9   51.0   56.0     0 4/5/3/4/3/0           2     8  56.1   11.3  205.5   78.9  999.0 L 0.86 -
 170    7    7     0 0/0/0/0/0                1150.0   900.0    74.1    85.3   53.0   56.0     0 4/5/3/5/3/0           2     9  55.5   10.9  168.7   74.1  999.0 L 0.86 -
 180    7    7     0 0/0/0/0/0                1150.0   900.0    90.4    26.7   53.0   70.0     0 5/5/3/5/3/0           2    10  58.6   11.9  171.2   72.5 1149.0 L 0.86 -
 190    7    7     0 0/0/0/0/0                1150.0   900.0    99.3     6.4   55.0   70.0     0 5/5/3/5/3/0           2    15  54.6   11.5   75.4   87.1 1149.0 L 0.43 -
 200    7    7     0 0/0/0/0/0                1300.0  1020.0    98.9    62.8   57.0   70.0     0 5/5/3/6/3/0           2    11  55.7   11.9  151.6   92.1 1149.0 L 0.43 -
 210    7    7     0 0/0/0/0/0                1300.0  1020.0    98.0    18.0   59.0   70.0     0 5/5/3/6/3/0           2    11  60.5   11.6  118.6   94.9 1299.0 L 0.71 -
 220    7    7     0 0/0/0/0/0                1300.0  1020.0    87.3    68.0   60.0   70.0     0 5/5/3/6/3/1           2    13  58.5   10.3  131.4   85.3 1299.0 L 0.57 -
 230    7    7     0 0/0/0/0/0                1300.0  1020.0    86.9    48.8   62.0   70.0     0 5/5/3/6/3/1           2    14  55.7   12.2   83.0   82.0 1299.0 L 0.57 -
 240    7    7     0 0/0/0/0/0                1300.0  1020.0   106.3    99.2   63.0   70.0     0 5/5/3/6/3/2           2    13  54.8   11.2  140.5   82.6 1299.0 L 0.57 -
 250    7    7     0 0/0/0/0/0                1300.0  1020.0    95.3    40.8   66.0   70.0     0 5/6/3/6/3/2           2    11  60.2   11.3  106.5   93.9 1299.0 L 0.57 -
 260    7    7     0 0/0/0/0/0                1300.0  1020.0    87.7   114.5   66.0   70.0     0 5/6/3/6/3/2           2    11  57.6   11.8   95.0   86.9 1299.0 L 0.57 -
 270    7    7     0 0/0/0/0/0                1300.0  1020.0   108.1    60.3   68.0   70.0     0 5/6/3/6/3/2           2    14  57.9   11.4   94.5   87.2 1298.8 L 0.57 -
 280    8    7     1 0/0/0/0/0                1300.0  1020.0   100.5   127.9   66.0   84.0     0 6/6/3/6/3/2           2    13  56.4   11.7   81.3   96.0 1298.8 L 0.62 -
 290   11    8     4 0/0/0/0/0                1300.0  1020.0    82.1    60.1   68.0   84.0     0 6/6/3/6/3/2           2     7  59.4   10.7  221.2   82.1 1299.0 L 0.73 -
 300   12   11     5 0/0/0/0/0                1450.0  1140.0    74.9   111.4   70.0   84.0     0 6/6/3/7/3/2           2    12  62.6   10.8   32.2   74.9 1299.0 S 1.00 -
 310   12   12     5 0/0/0/0/0                1450.0  1140.0    61.1    60.1   72.0   84.0     0 6/6/3/7/3/2           2    12  60.8   11.2  146.8   58.2 1449.0 S 0.92 -
 320   12   12     5 0/0/0/0/0                1600.0  1260.0    61.1   112.9   74.0   84.0     0 6/6/3/8/3/2           2    15  59.3   11.2   95.8   55.1 1449.0 S 0.83 -
 330   12   12     5 0/0/0/0/0                1600.0  1260.0    51.9    50.3   76.0   84.0     0 6/6/3/8/3/2           2    14  61.3   11.0   93.5   49.7 1599.0 S 0.75 -
 340   13   12     6 0/0/0/0/0                1600.0  1260.0    47.3    65.9   76.0   84.0     0 6/6/3/8/3/2           2     8  57.8   10.3  226.8   40.8 1599.0 S 0.77 -
 350   13   13     6 0/0/0/0/0                1658.6  1301.9    29.0    96.2   78.0   84.0     0 6/6/3/9/3/2           2     7  59.5   10.7  227.2   24.2 1599.0 S 0.69 -
 360   13   13     6 0/0/0/0/0                1750.0  1380.0    47.5     8.3   80.0   84.0     0 6/6/3/9/3/2           2    17  59.0   11.4   42.6   21.8 1659.2 S 0.77 -
 370   13   13     6 0/0/0/0/0                1750.0  1380.0    36.5    16.2   80.0   84.0     0 6/6/3/9/3/2           2     5  60.8   10.6  205.8   34.3 1749.0 S 0.77 -
 380   13   13     6 0/0/0/0/0                1750.0  1380.0    28.7    71.5   81.0   84.0     0 6/6/3/9/3/3           2    12  63.1   11.3   40.0   25.6 1748.6 S 0.85 -
 390   13   13     6 0/0/0/0/0                1750.0  1380.0    44.5    97.8   81.0   84.0     0 6/6/3/9/3/3           2    15  61.5   10.5   40.0   25.3 1748.6 S 0.77 -
 400   13   13     6 0/0/0/0/0                1750.0  1380.0    33.6    20.2   83.0   84.0     0 6/6/3/9/3/3           2    11  62.5   11.5   78.9   33.6 1749.0 S 0.46 -
 410   13   13     6 0/0/0/0/0                1750.0  1380.0    34.9    49.0   83.0   84.0     0 6/6/3/9/3/3           2     9  61.0   10.6  217.3   28.7 1748.6 S 0.54 -
 420   13   13     6 0/0/0/0/0                1750.0  1380.0    42.0    59.5   81.0   98.0     0 7/6/3/9/3/3           2     9  61.7   11.1   73.3   21.1 1749.0 S 0.54 -
 430   13   13     6 0/0/0/0/0                1750.0  1380.0    40.8   125.9   81.0   98.0     0 7/6/3/9/3/3           2    12  62.0   10.7    5.0   36.0 1749.0 S 0.69 -
 440   13   13     6 0/0/0/0/0                1750.0  1380.0    40.0    38.2   83.0   98.0     0 7/6/3/9/3/3           2    15  61.2   10.8  100.3   34.2 1749.0 S 0.69 -
 450   13   13     6 0/0/0/0/0                1750.0  1380.0    28.0    66.2   83.0   98.0     0 7/6/3/9/4/3           2     8  62.2   11.3  119.8   20.4 1748.0 S 0.69 -
 460   13   13     6 0/0/0/0/0                1750.0  1380.0    62.4    98.3   83.0   98.0     0 7/6/3/9/4/3           2    16  59.4   10.9   10.0   26.8 1749.0 S 0.69 -
 470   13   13     6 0/0/0/0/0                1750.0  1380.0    68.6   156.2   83.0   98.0     0 7/6/3/9/4/3           2    14  63.0   10.8   50.0   55.7 1749.0 S 0.62 -
 480   13   13     6 0/0/0/0/0                1750.0  1380.0    62.8    72.7   85.0   98.0     0 7/6/3/9/4/3           2    14  60.3   11.2   66.7   62.0 1749.0 S 0.62 -
 490   13   13     6 0/0/0/0/0                1750.0  1380.0    30.7   127.8   85.0   98.0     0 7/6/3/9/4/3           2     8  62.2   10.6  215.3   30.7 1749.0 S 0.62 -
 500   13   13     6 0/0/0/0/0                1900.0  1500.0    28.8   157.7   87.0   98.0     0 7/6/3/10/4/3          2     9  62.0   11.0  156.4   17.5 1749.0 S 0.69 -
 510   13   13     6 0/0/0/0/0                1900.0  1500.0    22.0     9.2   89.0   98.0     0 7/6/3/10/4/3          2     7  62.5   10.8  230.8   21.7 1899.0 S 0.77 -
 520   13   13     6 0/0/0/0/0                1900.0  1500.0     7.7    16.6   89.0   98.0     0 7/6/3/10/4/3          2     5  60.1   10.7  233.5    7.7 1899.0 S 0.85 -
 530   13   13     6 0/0/0/0/0                1900.0  1500.0    10.5    16.6   89.0   98.0     0 7/6/3/10/4/3          2     8  62.1   10.5  237.1    4.8 1899.0 S 0.85 -
 540   13   13     6 0/0/0/0/0                1900.0  1500.0    31.8    30.4   90.0   98.0     0 7/7/3/10/4/3          2    13  61.4   11.5   77.6    7.8 1899.0 S 0.85 -
 550   14   13     7 0/0/0/0/0                1900.0  1500.0    23.5   109.4   90.0   98.0     0 7/7/3/10/4/3          2    12  61.7   10.6   85.0   20.8 1899.0 S 0.79 -
 560   17   14    10 0/0/0/0/0                1900.0  1500.0    32.5   140.7   90.0   98.0     0 7/7/3/10/4/3          2    12  61.6   10.7   60.0   22.6 1899.0 S 0.82 -
 570   17   17    10 0/0/0/0/0                1900.0  1500.0    29.1    24.3   92.0   98.0     0 7/7/3/10/4/3          2    10  63.8   10.7  131.1   27.1 1899.0 S 0.82 -
 580   17   17    10 0/0/0/0/0                1900.0  1500.0    11.9    29.4   92.0   98.0     0 7/7/3/10/4/3          2     6  61.1   10.8  238.6    5.1 1899.0 S 0.82 -
 590   17   17    10 0/0/0/0/0                1900.0  1500.0    14.4    29.4   92.0   98.0     0 7/7/3/10/4/3          2     8  61.4   10.3  241.6    0.5 1899.0 S 0.71 -
 600    9    9    11 0/9/0/0/0                1900.0  1500.0     0.0    29.4   92.0   98.0     0 7/7/3/10/4/3          2     3  61.9   10.9  220.5    0.0 1899.0 S 0.33 -
 610    6    5    12 0/13/0/0/0               2050.0  1620.0    32.3    29.4   94.0   98.0     0 7/7/3/11/4/3          2     9  54.9   10.2   20.0    0.0 1900.0 L 0.33 -
 620    6    6    12 0/13/0/0/0               2050.0  1620.0    37.6    43.6   94.0   98.0     0 7/7/3/11/4/3          2     7  58.0   10.1   25.0   29.2 2049.0 L 0.83 -
 630    6    6    12 0/13/0/0/0               2050.0  1620.0    54.8    59.7   94.0   98.0     0 7/7/3/11/4/3          2     6  63.2   12.3    5.0   37.2 2049.0 L 0.83 -
 640    6    6    12 0/13/0/0/0               2050.0  1620.0    60.8    97.4   94.0   98.0     0 7/7/3/11/4/3          2     9  59.0   11.5   20.0   46.0 2049.0 L 1.00 -
 650    6    6    12 0/13/0/0/0               2050.0  1620.0    64.9   114.3   94.0   98.0     0 7/7/3/11/4/3          2     7  57.9   10.1   15.0   58.1 2048.8 L 1.00 -
 660    6    6    12 0/13/0/0/0               2050.0  1620.0    61.5   148.7   94.0   98.0     0 7/7/3/11/4/3          2     5  62.0   10.9   55.0   61.5 2049.0 L 1.00 -
 670    6    6    12 0/13/0/0/0               2050.0  1620.0    54.0    63.8   96.0   98.0     0 7/7/3/11/4/3          2    10  57.6   11.1  190.5   48.6 2049.0 L 1.00 -
 680    6    6    12 0/13/0/0/0               2050.0  1620.0    45.7    82.8   96.0   98.0     0 7/7/3/11/4/3          2     4  59.5   11.4  214.8   45.7 2049.0 L 1.00 -
 690    6    6    12 0/13/0/0/0               2050.0  1620.0    42.0   111.0   94.0  112.0     0 8/7/3/11/4/3          2     5  59.0   10.7   56.8   37.8 2049.0 L 1.00 -
 700    6    6    12 0/13/0/0/0               2050.0  1620.0    45.6   133.7   94.0  112.0     0 8/7/3/11/4/3          2     8  55.9   10.6   25.0   40.0 2049.0 L 1.00 -
 710    6    6    12 0/13/0/0/0               2050.0  1620.0    52.2   152.4   94.0  112.0     0 8/7/3/11/4/3          2     5  59.3   11.4   85.0   45.3 2049.0 L 1.00 -
 720    6    6    12 0/13/0/0/0               2050.0  1620.0    52.7    25.4   96.0  112.0     0 8/7/3/11/4/3          2     9  57.8   10.0   92.1   49.6 2049.0 L 1.00 -
 730    6    6    12 0/13/0/0/0               2050.0  1620.0    42.9    30.8   96.0  112.0     0 8/7/3/11/4/3          2     2  60.4   11.3  246.6   42.9 2049.0 L 1.00 -
 740    6    6    12 0/13/0/0/0               2050.0  1620.0    43.1    41.5   96.0  112.0     0 8/7/3/11/4/3          2     4  61.7   10.6  243.1   32.9 2049.0 L 1.00 -
 750    6    6    12 0/13/0/0/0               2050.0  1620.0    38.5    47.6   96.0  112.0     0 8/7/3/11/4/3          2     3  57.5   11.1  243.1   33.1 2049.0 L 1.00 -
 760    6    6    12 0/13/0/0/0               2050.0  1620.0    47.4    55.8   96.0  112.0     0 8/7/3/11/4/3          2     4  58.1   10.5  246.6   36.1 2049.0 L 1.00 -
 770    6    6    12 0/13/0/0/0               2050.0  1620.0    32.6    74.7   96.0  112.0     0 8/7/3/11/4/3          2     4  60.8   10.8  240.3   32.6 2049.0 L 1.00 -
 780    6    6    12 0/13/0/0/0               2050.0  1620.0    25.9    90.0   96.0  112.0     0 8/7/3/11/4/3          2     4  61.2   10.1  246.6   22.2 2049.0 L 1.00 -
 790    6    6    12 0/13/0/0/0               2050.0  1620.0    41.9    90.0   96.0  112.0     0 8/7/3/11/4/3          2     5  55.8   10.9  246.6   25.5 2049.0 L 0.83 -
 800    6    6    12 0/13/0/0/0               2050.0  1620.0    27.1   105.6   96.0  112.0     0 8/7/3/11/4/3          2     2  59.6   10.6  244.8   27.1 2049.0 L 0.83 -
 810    6    6    12 0/13/0/0/0               2050.0  1620.0    27.8   114.5   96.0  112.0     0 8/7/3/11/4/3          2     4  58.3   11.6  246.6   24.2 2049.0 L 0.83 -
 820    6    6    12 0/13/0/0/0               2050.0  1620.0    41.8   114.5   96.0  112.0     0 8/7/3/11/4/3          2     6  51.8    9.7  231.5   25.8 2049.0 L 0.83 -
 830    6    6    12 0/13/0/0/0               2050.0  1620.0    52.3   130.4   97.0  112.0     0 8/8/3/11/4/3          2     6  58.1   10.9   68.2   36.4 2049.0 L 0.83 -
 840    7    6    13 0/13/0/0/0               2050.0  1620.0    57.8   172.8   97.0  112.0     0 8/8/3/11/4/3          2     9  57.9   11.2   55.0   47.1 2049.0 L 0.86 -
 850    7    7    13 0/13/0/0/0               2050.0  1620.0    55.3    33.0   99.0  112.0     0 8/8/3/11/4/3          2     7  59.6   10.8  153.2   55.3 2049.0 L 0.86 -
 860    8    7    14 0/13/0/0/0               2050.0  1620.0    54.6    42.2   99.0  112.0     0 8/8/3/11/5/3          2     6  60.1   11.6   62.8   45.8 2049.0 L 0.75 -
 870    8    8    14 0/13/0/0/0               2050.0  1620.0    41.0   114.0   99.0  112.0     0 8/8/3/11/5/3          2    10  62.3   10.6   50.0   41.0 2049.0 L 0.88 -
 880    8    8    14 0/13/0/0/0               2050.0  1620.0    30.3     0.2  101.0  112.0     0 8/8/3/11/5/3          2     9  59.3   11.3   60.6   30.3 2049.0 L 0.88 -
 890    9    8    15 0/13/0/0/0               2050.0  1620.0    41.6     0.2  101.0  112.0     0 8/8/3/11/6/3          2     7  59.9   10.6  131.5   21.1 2049.0 L 0.67 -
 900    9    9    15 0/13/0/0/0               2050.0  1620.0    40.3    71.8  101.0  112.0     0 8/8/3/11/6/3          2    12  58.1   11.1   25.0   34.5 2049.0 L 0.67 -
 910    9    9    15 0/13/0/0/0               2050.0  1620.0    23.4   107.6  101.0  112.0     0 8/8/3/11/6/3          2     7  61.9   10.7   30.0   23.4 2049.0 L 0.78 -
 920    9    9    15 0/13/0/0/0               2050.0  1620.0    49.9   133.9  101.0  112.0     0 8/8/3/11/6/3          2    11  58.8   10.6   10.0   22.7 2049.0 L 0.78 -
 930    9    9    15 0/13/0/0/0               2050.0  1620.0    50.0   151.0  101.0  112.0     0 8/8/3/11/6/3          2     6  60.0   11.4   30.0   38.1 2049.0 L 0.78 -
 940    9    9    15 0/13/0/0/0               2050.0  1620.0    51.9   172.7  101.0  112.0     0 8/8/3/11/6/3          2     9  61.3   10.5   25.0   45.3 2049.0 L 0.78 -
 950    9    9    15 0/13/0/0/0               2200.0  1740.0    37.4    19.9  105.0  112.0     0 8/8/3/12/6/3          2     3  63.6   11.3  187.3   37.4 2049.0 L 0.78 -
 960    9    9    15 0/13/0/0/0               2200.0  1740.0    39.3    52.4  105.0  112.0     0 8/8/3/12/6/3          2     9  59.8   10.9   15.0   32.8 2199.0 L 0.78 -
 970    9    9    15 0/13/0/0/0               2200.0  1740.0    39.4    91.3  105.0  112.0     0 8/8/3/12/6/3          2     8  62.9   11.0   70.0   25.7 2199.0 L 0.78 -
 980    9    9    15 0/13/0/0/0               2200.0  1740.0    29.7   141.1  105.0  112.0     0 8/8/3/12/6/3          2     9  63.0   11.0   25.0   23.6 2199.0 L 0.78 -
 990    9    9    15 0/13/0/0/0               2200.0  1740.0    45.1   171.3  105.0  112.0     0 8/8/3/12/6/3          2     8  61.9   10.9   20.0   22.6 2199.0 L 0.78 -
1000    9    9    15 0/13/0/0/0               2200.0  1740.0    28.0    31.2  107.0  112.0     0 8/8/3/12/6/3          2     8  60.7   10.9  119.8   28.0 2199.0 L 0.78 -
1010    9    9    15 0/13/0/0/0               2200.0  1740.0    30.3    38.3  108.0  112.0     0 8/9/3/12/6/3          2     6  60.7   10.9  161.2   14.9 2199.0 L 0.78 -
1020    9    9    15 0/13/0/0/0               2200.0  1740.0    37.2    65.0  108.0  112.0     0 8/9/3/12/6/3          2    10  59.3   10.7   35.0   25.2 2199.0 L 0.78 -
1030    9    9    15 0/13/0/0/0               2200.0  1740.0    38.0   100.9  108.0  112.0     0 8/9/3/12/6/3          2     8  60.6   11.0   75.0   24.3 2199.0 L 0.78 -
1040    9    9    15 0/13/0/0/0               2200.0  1740.0    39.2   132.0  108.0  112.0     0 8/9/3/12/6/3          2     8  59.8   11.2   15.0   32.3 2199.0 L 0.78 -
1050    9    9    15 0/13/0/0/0               2200.0  1740.0    36.4   169.9  108.0  112.0     0 8/9/3/12/6/3          2     9  63.0   10.8   15.0   36.4 2199.0 L 0.78 -
1060    9    9    15 0/13/0/0/0               2200.0  1740.0    33.4    12.1  110.0  112.0     0 8/9/3/12/6/3          2     7  60.2   10.5  204.4   29.7 2199.0 L 0.78 -
1070    9    9    15 0/13/0/0/0               2200.0  1740.0    31.7    41.4  110.0  112.0     0 8/9/3/12/6/3          2     6  60.2   11.0  226.2   28.6 2199.0 L 0.78 -
1080    9    9    15 0/13/0/0/0               2200.0  1740.0    20.4    41.4  110.0  112.0     0 8/9/3/12/6/3          2     2  58.0   10.3  227.0   18.6 2199.0 L 0.78 -
1090    9    9    15 0/13/0/0/0               2200.0  1740.0    29.1    62.5  108.0  126.0     0 9/9/3/12/6/3          2     9  59.1   11.1   35.7   18.4 2199.0 L 0.78 -
1100    9    9    15 0/13/0/0/0               2200.0  1740.0    32.1    70.7  108.0  126.0     0 9/9/3/12/6/3          2     7  61.8   11.5   20.0   25.7 2199.0 L 0.78 -
1110   10    9    16 0/13/0/0/0               2200.0  1740.0    19.6    86.8  108.0  126.0     0 9/9/3/12/6/3          2     4  64.4   10.8   20.0   14.2 2199.0 S 0.80 -
1120   10   10    16 0/13/0/0/0               2200.0  1740.0    42.7   101.5  108.0  126.0     0 9/9/3/12/6/3          2     8  62.5   10.6   10.0   17.7 2199.0 S 0.80 -
1130   11   10    17 0/13/0/0/0               2200.0  1740.0    30.8   119.4  108.0  126.0     0 9/9/3/12/6/3          2     5  61.4   11.1   30.0   29.2 2199.0 S 0.82 -
1140   11   11    17 0/13/0/0/0               2200.0  1740.0    34.5   158.0  108.0  126.0     0 9/9/3/12/6/3          2     9  63.6   10.4   30.0   27.3 2199.0 S 0.82 -
1150   11   11    17 0/13/0/0/0               2200.0  1740.0    33.6   173.2  108.0  126.0     0 9/9/3/12/6/3          2     8  60.9   11.2    0.0   23.2 2199.0 S 0.82 -
1160   12   11    18 0/13/0/0/0               2200.0  1740.0    27.4   173.2  108.0  126.0     0 9/9/3/12/6/3          2     5  62.8   10.5    5.0   19.0 2199.0 S 1.00 -
1170   12   12    18 0/13/0/0/0               2200.0  1740.0    20.4   184.1  108.0  126.0     0 9/9/3/12/6/3          2     4  62.0   10.7   35.0   13.5 2199.0 S 1.00 -
1180   12   12    18 0/13/0/0/0               2200.0  1740.0    17.6   184.1  108.0  126.0     0 9/9/3/12/6/3          2     5  62.1   10.4    5.0   14.3 2199.0 S 1.00 -
1190   12   12    18 0/13/0/0/0               2200.0  1740.0    19.7   191.3  108.0  126.0     0 9/9/3/12/6/3          2     8  61.2   11.1    0.0   15.4 2199.0 S 1.00 -
1200   12   12    18 0/13/0/0/0               2200.0  1740.0    32.2   191.3  108.0  126.0     0 9/9/3/12/6/3          2     6  62.7   10.5   10.0   15.4 2199.0 S 1.00 -
1210   12   12    18 0/13/0/0/0               2200.0  1740.0    28.6   191.3  108.0  126.0     0 9/9/3/12/6/3          2     5  63.3   10.7    0.0   21.3 2199.0 S 1.00 -
1220   12   12    18 0/13/0/0/0               2200.0  1740.0     6.4     1.8  110.0  126.0     0 9/9/3/12/6/3          2     2  62.6   10.2  184.9    6.4 2199.0 S 1.00 -
1230    6    6    18 0/19/0/0/0               2200.0  1740.0     4.3     1.8  110.0  126.0     0 9/9/3/12/6/3          2     3  60.6   10.8  226.1    0.0 2199.0 S 0.83 -
1240    1    1    18 0/24/0/0/0               2200.0  1740.0     0.0     1.8  110.0  126.0     0 9/9/3/12/6/3          2     1  59.7   10.9  246.6    0.0 2199.0 L 1.00 -
1250    0    0    18 0/25/0/0/0               2200.0  1740.0     0.0     1.8  110.0  126.0     0 9/9/3/12/6/3          2     0  60.2   29.8  246.6    0.0 2200.0 L 0.00 -
1260    0    0    18 0/25/0/0/0               2200.0  1740.0     0.0     1.8  110.0  126.0     0 9/9/3/12/6/3          2     0   0.0    0.0  246.6    0.0 2200.0 L 0.00 -
1270    0    0    18 0/25/0/0/0               2200.0  1740.0     0.0     1.8  110.0  126.0     0 9/9/3/12/6/3          2     0   0.0    0.0  246.6    0.0 2200.0 L 0.00 -
1280    0    0    18 0/25/0/0/0               2200.0  1740.0     0.0     1.8  110.0  126.0     0 9/9/3/12/6/3          2     0   0.0    0.0  246.6    0.0 2200.0 L 0.00 -
1290    0    0    18 0/25/0/0/0               2200.0  1740.0     0.0     1.8  110.0  126.0     0 9/9/3/12/6/3          2     0   0.0    0.0  246.6    0.0 2200.0 L 0.00 -
1300    0    0    18 0/25/0/0/0               2200.0  1740.0     0.0     1.8  110.0  126.0     0 9/9/3/12/6/3          2     0   0.0    0.0  246.6    0.0 2200.0 L 0.00 -
1310    0    0    18 0/25/0/0/0               2200.0  1740.0     0.0     1.8  110.0  126.0     0 9/9/3/12/6/3          2     0   0.0    0.0  246.6    0.0 2200.0 L 0.00 -
1320    0    0    18 0/25/0/0/0               2200.0  1740.0     0.0     1.8  110.0  126.0     0 9/9/3/12/6/3          2     0   0.0    0.0  246.6    0.0 2200.0 L 0.00 -
1330    0    0    18 0/25/0/0/0               2200.0  1740.0     0.0     1.8  110.0  126.0     0 9/9/3/12/6/3          2     0   0.0    0.0  246.6    0.0 2200.0 L 0.00 -
1340    0    0    18 0/25/0/0/0               2200.0  1740.0     0.0     1.8  110.0  126.0     0 9/9/3/12/6/3          2     0   0.0    0.0  246.6    0.0 2200.0 L 0.00 -
1350    0    0    18 0/25/0/0/0               2200.0  1740.0     0.0     1.8  110.0  126.0     0 9/9/3/12/6/3          2     0   0.0    0.0  246.6    0.0 2200.0 L 0.00 -
1360    0    0    18 0/25/0/0/0               2200.0  1740.0     0.0     1.8  110.0  126.0     0 9/9/3/12/6/3          2     0   0.0    0.0  246.6    0.0 2200.0 L 0.00 -
1370    0    0    18 0/25/0/0/0               2200.0  1740.0     0.0     1.8  110.0  126.0     0 9/9/3/12/6/3          2     0   0.0    0.0  246.6    0.0 2200.0 L 0.00 -
1380    0    0    18 0/25/0/0/0               2200.0  1740.0     0.0     1.8  110.0  126.0     0 9/9/3/12/6/3          2     0   0.0    0.0  246.6    0.0 2200.0 L 0.00 -
1390    0    0    18 0/25/0/0/0               2200.0  1740.0     0.0     1.8  110.0  126.0     0 9/9/3/12/6/3          2     0   0.0    0.0  246.6    0.0 2200.0 L 0.00 -
1400    0    0    18 0/25/0/0/0               2200.0  1740.0     0.0     1.8  110.0  126.0     0 9/9/3/12/6/3          2     0   0.0    0.0  246.6    0.0 2200.0 L 0.00 -
1410    0    0    18 0/25/0/0/0               2200.0  1740.0     0.0     1.8  110.0  126.0     0 9/9/3/12/6/3          2     0   0.0    0.0  246.6    0.0 2200.0 L 0.00 -
1420    0    0    18 0/25/0/0/0               2200.0  1740.0     0.0     1.8  110.0  126.0     0 9/9/3/12/6/3          2     0   0.0    0.0  246.6    0.0 2200.0 L 0.00 -
1430    0    0    18 0/25/0/0/0               2200.0  1740.0     0.0     1.8  110.0  126.0     0 9/9/3/12/6/3          2     0   0.0    0.0  246.6    0.0 2200.0 L 0.00 -
1440    0    0    18 0/25/0/0/0               2200.0  1740.0     0.0     1.8  110.0  126.0     0 9/9/3/12/6/3          2     0   0.0    0.0  246.6    0.0 2200.0 L 0.00 -
1450    0    0    18 0/25/0/0/0               2200.0  1740.0     0.0     1.8  110.0  126.0     0 9/9/3/12/6/3          2     0   0.0    0.0  246.6    0.0 2200.0 L 0.00 -
1460    0    0    18 0/25/0/0/0               2200.0  1740.0     0.0     1.8  110.0  126.0     0 9/9/3/12/6/3          2     0   0.0    0.0  246.6    0.0 2200.0 L 0.00 -
1470    0    0    18 0/25/0/0/0               2200.0  1740.0     0.0     1.8  110.0  126.0     0 9/9/3/12/6/3          2     0   0.0    0.0  246.6    0.0 2200.0 L 0.00 -
1480    0    0    18 0/25/0/0/0               2200.0  1740.0     0.0     1.8  110.0  126.0     0 9/9/3/12/6/3          2     0   0.0    0.0  246.6    0.0 2200.0 L 0.00 -
1490    0    0    18 0/25/0/0/0               2200.0  1740.0     0.0     1.8  110.0  126.0     0 9/9/3/12/6/3          2     0   0.0    0.0  246.6    0.0 2200.0 L 0.00 -
1500    0    0    18 0/25/0/0/0               2200.0  1740.0     0.0     1.8  110.0  126.0     0 9/9/3/12/6/3          2     0   0.0    0.0  246.6    0.0 2200.0 L 0.00 -

targets for seed 42 (1500 sols):
  T1 FAIL run min pop 0 (needs >= 5), final pop 0
  T2 PASS deaths 25 (air 0 thirst 25 hunger 0 eva 0 other 0), unexplained 0
  T3 PASS births 18, first_birth_sol 277, at_capacity 0, cooldown_violations 0, pop@30=7, pop@100=7, pop@300=12
  T4 PASS min O2 259.7, food 203.1; ice ran dry (pressure): min ice 0.0, ice>30 0.0, thirst deaths 25; max ice/target 1.03, regolith/target 0.38
  T5 PASS demand>supply 0.00% of steps (<=10), max shorts/sol 0 (<=2), max offline 0.0 h (<=24.7), first new reactor sol 4 (<=15)
  T6 PASS limited 20560.4 h = 55.58% (>=2% provisional; 4 of 5 seeds), site busy 53.1%; waiting_regolith 2295.0 h, site_no_crew 18265.4 h
  T7 PASS turn_backs_air 0, exhausted 184, reachable>=2 at 100.0% of 1500 sol samples (>=95), trips 1090
  T8 FAIL row avg energy 0.0..64.4 (40..90), row asleep 0.0..29.8% (5..30), max sleep 8.8 h (<=18)
  T9 N/A  checked by repeating the run and by tests/test_determinism.gd (compare the table sha256)
  T10 FAIL first settlement sol 291 (40..150), age_changes 4 (<=4), min gap between consecutive history entries 131 (>=20), history 5 entries (changes+1 = 5); report: sols_in_age landing 1053 settlement 447 council 0, age at end landing, changes [sol 291 settled; sol 607 fell_back (cause ice); sol 1107 settled_again; sol 1238 fell_back (cause ice)], fall back causes [sol 607 ice; sol 1238 ice], not-ok sols 134 (by group, a sol can fail several: ice 31, food 1, oxygen 1, power 0, death 13, unrest 101)
  T11 FAIL (1) list lengths 1501/1501/1501/1501 ok; (2) lonely mean of last 50 readings 0.000 (max 0.35) ok; (3) friends_mean 0.00 (1.0..15.0) BAD; (4) first_friendship_sol 116 ok; (5) lines_dropped (total) 0 ok; report: web 0.00 second 0.00 lonely 0.00 friends_mean 0.00 friends share of colony 0.000 (pop 0)
  T12 PASS (1) list lengths 1501/1501/1501 ok; (2) C2 ok; (3) council changes 0 (<=4) ok; (4) proposals 0 ok; (5) one Council line per boundary ok; report: first Council sol <null>, meetings 0, proposals [], pledge sol <null> reason -, lines {"circles_few":3}, dropped 0; council_min_seeds 3 pledge_min_seeds 1
RESULT FAIL (target 9 determinism: table sha256 64df4661492ef643)
