Godot Engine v4.5.stable.official.876b29033 - https://godotengine.org

# station zero balance run: seed=7 sols=1500 overrides=[resources.throughput.commute_pause=false] fixed_step=0.05 data_hash=fcb5ff2f0fbf63a1
# deaths and births are cumulative; shorts, trips, energy, asleep, wait, min_* are for the 30-sol window
 sol  pop  min birth dead a/t/h/o/x           oxygen    food     ice   regol   dmnd   supp short bldg R/H/W/G/A/C  reach trips  avgE asleep%  waitH minIce  minO2 age web cn
  10    7    7     0 0/0/0/0/0                 379.9   296.2    65.9   116.7   11.0   28.0     0 2/1/1/1/0/0           2    14  52.4   11.2  130.3   60.8  260.5 L 1.00 -
  20    7    7     0 0/0/0/0/0                 550.0   420.0    78.0   120.8   14.0   28.0     0 2/2/1/1/0/0           2    11  55.1   10.8   44.9   62.9  380.0 L 1.00 -
  30    7    7     0 0/0/0/0/0                 550.0   420.0    79.5   129.8   17.0   28.0     0 2/3/1/1/0/0           2    15  53.7   11.6   89.8   69.2  548.0 L 1.00 -
  40    7    7     0 0/0/0/0/0                 549.6   420.0    90.3   157.2   20.0   28.0     0 2/3/1/1/0/1           2    16  56.2   12.5   21.0   79.4  548.3 L 1.00 -
  50    7    7     0 0/0/0/0/0                 550.0   420.0    91.2   130.3   22.0   28.0     0 2/3/1/1/0/1           2     6  55.9   10.5  129.8   88.8  549.0 L 1.00 -
  60    7    7     0 0/0/0/0/0                 550.0   420.0    90.3   181.1   22.0   28.0     0 2/3/1/1/1/1           2    10  59.4   11.6   33.6   83.4  549.0 L 1.00 -
  70    7    7     0 0/0/0/0/0                 550.0   420.0    86.3   149.7   24.0   28.0     0 2/3/1/1/1/1           2     5  57.2   11.2   97.0   86.3  548.1 L 1.00 -
  80    7    7     0 0/0/0/0/0                 550.0   420.0    80.0   130.2   27.0   28.0     0 2/3/1/1/1/2           2     8  55.0   11.1  199.7   80.0  548.8 L 0.86 -
  90    7    7     0 0/0/0/0/0                 550.0   420.0    94.5   182.6   25.0   42.0     0 3/3/1/1/1/2           2    14  56.3   11.0    0.0   77.0  548.1 L 0.86 -
 100    7    7     0 0/0/0/0/0                 597.0   455.2    92.1   151.1   29.0   42.0     0 3/3/1/2/1/2           2     9  57.2   11.9   55.5   92.1  548.3 L 0.86 -
 110    7    7     0 0/0/0/0/0                 700.0   540.0    94.8   136.2   31.0   42.0     0 3/3/1/2/1/2           2    10  60.8   11.1   37.6   90.1  597.1 L 0.86 -
 120    7    7     0 0/0/0/0/0                 700.0   540.0    82.5   165.2   31.0   42.0     0 3/3/1/2/1/2           2     3  53.1   10.1  236.5   80.8  699.0 L 0.86 -
 130    7    7     0 0/0/0/0/0                 700.0   540.0    78.4   210.8   32.0   42.0     0 3/3/1/2/1/3           2     9  52.7   11.0  170.1   73.0  698.5 L 0.86 -
 140    7    7     0 0/0/0/0/0                 700.0   540.0    82.3   173.2   34.0   42.0     0 3/3/1/2/1/3           2    11  58.3   11.4    7.4   76.9  699.0 L 1.00 -
 150    7    7     0 0/0/0/0/0                 700.0   540.0    83.6   225.1   35.0   42.0     0 3/4/1/2/1/3           2    12  58.1   11.3   14.5   79.0  699.0 L 1.00 -
 160    7    7     0 0/0/0/0/0                 700.0   540.0    82.4   245.9   35.0   42.0     0 3/4/1/2/1/3           2     6  61.0   10.9    0.0   76.2  699.0 L 1.00 -
 170    7    7     0 0/0/0/0/0                 700.0   540.0    82.0   284.9   35.0   42.0     0 3/4/1/2/1/3           2    10  56.5   10.7    0.0   75.9  699.0 L 0.86 -
 180    7    7     0 0/0/0/0/0                 700.0   540.0   106.6   297.2   35.0   42.0     0 3/4/1/2/1/3           2     6  55.3   10.8    0.0   82.0  699.0 L 0.86 -
 190    7    7     0 0/0/0/0/0                 700.0   540.0    98.5   240.0   38.0   42.0     0 3/5/1/2/1/3           2     6  56.6   11.2   62.7   98.5  699.0 L 0.86 -
 200    7    7     0 0/0/0/0/0                 700.0   540.0    89.5   256.0   38.0   42.0     0 3/5/1/2/1/3           2     4  57.1   10.8    0.0   89.5  699.0 L 0.86 -
 210    7    7     0 0/0/0/0/0                 700.0   540.0   105.6   270.9   38.0   42.0     0 3/5/1/2/1/3           2     9  60.4   10.9    0.0   85.8  699.0 L 0.86 -
 220    7    7     0 0/0/0/0/0                 700.0   540.0    94.4   209.7   40.0   42.0     0 3/5/1/2/1/3           2     2  53.6   10.0  201.4   94.4  699.0 L 0.86 -
 230    7    7     0 0/0/0/0/0                 700.0   540.0    89.2   222.5   38.0   56.0     0 4/5/1/2/1/3           2     5  55.8   11.4  196.0   88.2  699.0 L 0.71 -
 240    7    7     0 0/0/0/0/0                 700.0   540.0   125.4   270.8   38.0   56.0     0 4/5/1/2/1/3           2    14  57.0   10.2    0.0   88.4  699.0 L 0.71 -
 250    7    7     0 0/0/0/0/0                 700.0   540.0   112.5   294.8   38.0   56.0     0 4/5/1/2/1/3           2     4  60.9   11.6    0.0  112.5  699.0 L 0.71 -
 260    7    7     0 0/0/0/0/0                 700.0   540.0   118.1   316.3   38.0   56.0     0 4/5/1/2/1/3           2     8  58.7   10.2    0.0  107.3  699.0 L 0.71 -
 270    7    7     0 0/0/0/0/0                 700.0   540.0   113.9   275.9   40.0   56.0     0 4/5/1/2/1/3           2     9  55.5   10.7  153.2  113.9  699.0 L 0.71 -
 280    7    7     0 0/0/0/0/0                 700.0   540.0   102.8   275.9   40.0   56.0     0 4/5/1/2/1/3           2     0  57.3   10.8  222.4  102.8  699.0 L 0.71 -
 290   10    7     3 0/0/0/0/0                 700.0   540.0    94.1   311.6   41.0   56.0     0 4/6/1/2/1/3           2     7  56.2   10.7  150.4   94.1  699.0 L 0.80 -
 300   13   10     6 0/0/0/0/0                 700.0   540.0    76.5   330.8   41.0   56.0     0 4/6/1/2/1/3           2     7  62.3   10.4    0.0   76.5  699.0 L 1.00 -
 310   13   13     6 0/0/0/0/0                 700.0   540.0    69.6   253.0   43.0   56.0     0 4/6/1/2/1/3           2     6  62.7   10.6  114.6   69.6  699.0 L 1.00 -
 320   13   13     6 0/0/0/0/0                 700.0   540.0    50.6   277.6   43.0   56.0     0 4/6/1/2/1/3           2     5  59.8   10.5  212.5   45.8  698.4 L 1.00 -
 330   13   13     6 0/0/0/0/0                 700.0   540.0    33.4   228.7   46.0   56.0     0 4/7/1/2/1/3           2    11  62.9   11.3  127.2   30.3  698.2 L 0.92 -
 340   13   13     6 0/0/0/0/0                 700.0   540.0     9.3   228.7   46.0   56.0     0 4/7/1/2/1/3           2     2  60.2   10.7  243.9    9.3  699.0 L 0.92 -
 350   13   13     6 0/0/0/0/0                 700.0   540.0    24.2   228.7   46.0   56.0     0 4/7/1/2/1/3           2     8  61.1   11.2  228.9    1.9  699.0 L 0.85 -
 360   13   13     6 0/0/0/0/0                 700.0   540.0    13.5   228.7   46.0   56.0     0 4/7/1/2/1/3           2     4  61.0   10.6  227.6   10.0  698.2 L 0.85 -
 370   13   13     6 0/0/0/0/0                 700.0   540.0    29.9   228.7   46.0   56.0     0 4/7/1/2/2/3           2    12  59.4   11.0   98.6    0.0  699.0 L 0.46 -
 380   13   13     6 0/0/0/0/0                 700.0   540.0    51.7   281.0   46.0   56.0     0 4/7/1/2/2/3           2    15  62.3   10.9    0.0   29.6  699.0 L 0.46 -
 390   13   13     6 0/0/0/0/0                 700.0   540.0    44.4   333.0   46.0   56.0     0 4/7/1/2/2/3           2    10  63.6   11.3    0.0   40.2  699.0 L 0.85 -
 400   13   13     6 0/0/0/0/0                 700.0   540.0    58.3   370.2   46.0   56.0     0 4/7/1/2/2/3           2    13  61.9   11.2    0.0   40.7  699.0 L 0.85 -
 410   13   13     6 0/0/0/0/0                 700.0   540.0    84.8   385.3   46.0   56.0     0 4/7/1/2/2/3           2    16  60.0   10.9    0.0   53.8  699.0 L 0.85 -
 420   13   13     6 0/0/0/0/0                 700.0   540.0    83.2   395.9   46.0   56.0     0 4/7/1/2/2/3           2     7  61.3   10.8    0.0   74.2  699.0 L 0.85 -
 430   13   13     6 0/0/0/0/0                 700.0   540.0    94.3   406.0   46.0   56.0     0 4/7/1/2/2/3           2     9  61.3   10.8    0.0   79.8  699.0 L 0.46 -
 440   13   13     6 0/0/0/0/0                 700.0   540.0   103.1   461.0   46.0   56.0     0 4/7/1/2/2/3           2    14  61.2   11.5    0.0   92.9  699.0 L 0.85 -
 450   13   13     6 0/0/0/0/0                 700.0   540.0    94.4   461.0   46.0   56.0     0 4/7/1/2/2/3           2     5  61.6   10.9    0.0   91.2  699.0 L 0.85 -
 460   13   13     6 0/0/0/0/0                 700.0   540.0    80.0   485.3   46.0   56.0     0 4/7/1/2/2/3           2     7  63.0   10.3    0.0   78.0  699.0 L 0.85 -
 470   13   13     6 0/0/0/0/0                 700.0   540.0    85.7   507.3   46.0   56.0     0 4/7/1/2/2/3           2    10  64.6   10.8    0.0   72.2  699.0 L 0.85 -
 480   13   13     6 0/0/0/0/0                 700.0   540.0    75.2   507.3   46.0   56.0     0 4/7/1/2/2/3           2     6  61.4   10.9    0.0   68.8  699.0 L 0.85 -
 490   13   13     6 0/0/0/0/0                 700.0   540.0    85.8   507.3   46.0   56.0     0 4/7/1/2/2/3           2     8  61.3   10.9    0.0   69.0  699.0 L 0.85 -
 500   13   13     6 0/0/0/0/0                 700.0   540.0    93.5   507.3   46.0   56.0     0 4/7/1/2/2/3           2     6  63.0   11.0    0.0   84.4  699.0 L 0.85 -
 510   13   13     6 0/0/0/0/0                 700.0   540.0   105.0   507.3   46.0   56.0     0 4/7/1/2/2/3           2     8  62.4   11.2    0.0   86.9  699.0 L 0.92 -
 520   13   13     6 0/0/0/0/0                 700.0   540.0    88.3   403.3   48.0   56.0     0 4/7/1/2/2/3           2     3  62.0   10.2  105.9   84.3  699.0 L 0.92 -
 530   13   13     6 0/0/0/0/0                 700.0   540.0    78.4   312.9   52.0   56.0     0 4/7/2/2/2/3           2     6  58.0   10.9  231.1   78.4  699.0 L 0.92 -
 540   13   13     6 0/0/0/0/0                 700.0   540.0    51.4   319.2   52.0   56.0     0 4/7/2/2/2/3           2     2  61.3   10.1  245.5   51.4  699.0 L 0.92 -
 550   13   13     6 0/0/0/0/0                 700.0   540.0    31.6   319.2   52.0   56.0     0 4/7/2/2/2/3           2     2  62.0   11.1  234.0   31.1  699.0 L 0.92 -
 560   15   13     8 0/0/0/0/0                 700.0   540.0    12.3   333.4   52.0   56.0     0 4/7/2/2/2/3           2     4  61.9   11.1  237.3   12.3  699.0 S 0.93 -
 570   17   15    10 0/0/0/0/0                 700.0   540.0     3.7   244.9   55.0   56.0     0 4/7/2/2/2/4           2     9  61.6   10.2  239.4    3.7  699.0 S 0.94 -
 580    6    6    11 0/12/0/0/0                700.0   540.0     0.0   244.9   55.0   56.0     0 4/7/2/2/2/4           2     1  61.3   10.6  238.5    0.0  699.0 S 0.33 -
 590    0    0    11 0/18/0/0/0                700.0   540.0     0.0   244.9   55.0   56.0     0 4/7/2/2/2/4           2     1  60.6    9.5  246.6    0.0  699.0 S 0.00 -
 600    0    0    11 0/18/0/0/0                700.0   540.0     0.0   244.9   55.0   56.0     0 4/7/2/2/2/4           2     0   0.0    0.0  246.6    0.0  700.0 S 0.00 -
 610    0    0    11 0/18/0/0/0                700.0   540.0     0.0   244.9   55.0   56.0     0 4/7/2/2/2/4           2     0   0.0    0.0  246.6    0.0  700.0 S 0.00 -
 620    0    0    11 0/18/0/0/0                700.0   540.0     0.0   244.9   55.0   56.0     0 4/7/2/2/2/4           2     0   0.0    0.0  246.6    0.0  700.0 S 0.00 -
 630    0    0    11 0/18/0/0/0                700.0   540.0     0.0   244.9   55.0   56.0     0 4/7/2/2/2/4           2     0   0.0    0.0  246.6    0.0  700.0 S 0.00 -
 640    0    0    11 0/18/0/0/0                700.0   540.0     0.0   244.9   55.0   56.0     0 4/7/2/2/2/4           2     0   0.0    0.0  246.6    0.0  700.0 S 0.00 -
 650    0    0    11 0/18/0/0/0                700.0   540.0     0.0   244.9   55.0   56.0     0 4/7/2/2/2/4           2     0   0.0    0.0  246.6    0.0  700.0 S 0.00 -
 660    0    0    11 0/18/0/0/0                700.0   540.0     0.0   244.9   55.0   56.0     0 4/7/2/2/2/4           2     0   0.0    0.0  246.6    0.0  700.0 S 0.00 -
 670    0    0    11 0/18/0/0/0                700.0   540.0     0.0   244.9   55.0   56.0     0 4/7/2/2/2/4           2     0   0.0    0.0  246.6    0.0  700.0 S 0.00 -
 680    0    0    11 0/18/0/0/0                700.0   540.0     0.0   244.9   55.0   56.0     0 4/7/2/2/2/4           2     0   0.0    0.0  246.6    0.0  700.0 S 0.00 -
 690    0    0    11 0/18/0/0/0                700.0   540.0     0.0   244.9   55.0   56.0     0 4/7/2/2/2/4           2     0   0.0    0.0  246.6    0.0  700.0 S 0.00 -
 700    0    0    11 0/18/0/0/0                700.0   540.0     0.0   244.9   55.0   56.0     0 4/7/2/2/2/4           2     0   0.0    0.0  246.6    0.0  700.0 S 0.00 -
 710    0    0    11 0/18/0/0/0                700.0   540.0     0.0   244.9   55.0   56.0     0 4/7/2/2/2/4           2     0   0.0    0.0  246.6    0.0  700.0 S 0.00 -
 720    0    0    11 0/18/0/0/0                700.0   540.0     0.0   244.9   55.0   56.0     0 4/7/2/2/2/4           2     0   0.0    0.0  246.6    0.0  700.0 S 0.00 -
 730    0    0    11 0/18/0/0/0                700.0   540.0     0.0   244.9   55.0   56.0     0 4/7/2/2/2/4           2     0   0.0    0.0  246.6    0.0  700.0 S 0.00 -
 740    0    0    11 0/18/0/0/0                700.0   540.0     0.0   244.9   55.0   56.0     0 4/7/2/2/2/4           2     0   0.0    0.0  246.6    0.0  700.0 S 0.00 -
 750    0    0    11 0/18/0/0/0                700.0   540.0     0.0   244.9   55.0   56.0     0 4/7/2/2/2/4           2     0   0.0    0.0  246.6    0.0  700.0 S 0.00 -
 760    0    0    11 0/18/0/0/0                700.0   540.0     0.0   244.9   55.0   56.0     0 4/7/2/2/2/4           2     0   0.0    0.0  246.6    0.0  700.0 S 0.00 -
 770    0    0    11 0/18/0/0/0                700.0   540.0     0.0   244.9   55.0   56.0     0 4/7/2/2/2/4           2     0   0.0    0.0  246.6    0.0  700.0 S 0.00 -
 780    0    0    11 0/18/0/0/0                700.0   540.0     0.0   244.9   55.0   56.0     0 4/7/2/2/2/4           2     0   0.0    0.0  246.6    0.0  700.0 S 0.00 -
 790    0    0    11 0/18/0/0/0                700.0   540.0     0.0   244.9   55.0   56.0     0 4/7/2/2/2/4           2     0   0.0    0.0  246.6    0.0  700.0 S 0.00 -
 800    0    0    11 0/18/0/0/0                700.0   540.0     0.0   244.9   55.0   56.0     0 4/7/2/2/2/4           2     0   0.0    0.0  246.6    0.0  700.0 S 0.00 -
 810    0    0    11 0/18/0/0/0                700.0   540.0     0.0   244.9   55.0   56.0     0 4/7/2/2/2/4           2     0   0.0    0.0  246.6    0.0  700.0 S 0.00 -
 820    0    0    11 0/18/0/0/0                700.0   540.0     0.0   244.9   55.0   56.0     0 4/7/2/2/2/4           2     0   0.0    0.0  246.6    0.0  700.0 S 0.00 -
 830    0    0    11 0/18/0/0/0                700.0   540.0     0.0   244.9   55.0   56.0     0 4/7/2/2/2/4           2     0   0.0    0.0  246.6    0.0  700.0 S 0.00 -
 840    0    0    11 0/18/0/0/0                700.0   540.0     0.0   244.9   55.0   56.0     0 4/7/2/2/2/4           2     0   0.0    0.0  246.6    0.0  700.0 S 0.00 -
 850    0    0    11 0/18/0/0/0                700.0   540.0     0.0   244.9   55.0   56.0     0 4/7/2/2/2/4           2     0   0.0    0.0  246.6    0.0  700.0 S 0.00 -
 860    0    0    11 0/18/0/0/0                700.0   540.0     0.0   244.9   55.0   56.0     0 4/7/2/2/2/4           2     0   0.0    0.0  246.6    0.0  700.0 S 0.00 -
 870    0    0    11 0/18/0/0/0                700.0   540.0     0.0   244.9   55.0   56.0     0 4/7/2/2/2/4           2     0   0.0    0.0  246.6    0.0  700.0 S 0.00 -
 880    0    0    11 0/18/0/0/0                700.0   540.0     0.0   244.9   55.0   56.0     0 4/7/2/2/2/4           2     0   0.0    0.0  246.6    0.0  700.0 S 0.00 -
 890    0    0    11 0/18/0/0/0                700.0   540.0     0.0   244.9   55.0   56.0     0 4/7/2/2/2/4           2     0   0.0    0.0  246.6    0.0  700.0 S 0.00 -
 900    0    0    11 0/18/0/0/0                700.0   540.0     0.0   244.9   55.0   56.0     0 4/7/2/2/2/4           2     0   0.0    0.0  246.6    0.0  700.0 S 0.00 -
 910    0    0    11 0/18/0/0/0                700.0   540.0     0.0   244.9   55.0   56.0     0 4/7/2/2/2/4           2     0   0.0    0.0  246.6    0.0  700.0 S 0.00 -
 920    0    0    11 0/18/0/0/0                700.0   540.0     0.0   244.9   55.0   56.0     0 4/7/2/2/2/4           2     0   0.0    0.0  246.6    0.0  700.0 S 0.00 -
 930    0    0    11 0/18/0/0/0                700.0   540.0     0.0   244.9   55.0   56.0     0 4/7/2/2/2/4           2     0   0.0    0.0  246.6    0.0  700.0 S 0.00 -
 940    0    0    11 0/18/0/0/0                700.0   540.0     0.0   244.9   55.0   56.0     0 4/7/2/2/2/4           2     0   0.0    0.0  246.6    0.0  700.0 S 0.00 -
 950    0    0    11 0/18/0/0/0                700.0   540.0     0.0   244.9   55.0   56.0     0 4/7/2/2/2/4           2     0   0.0    0.0  246.6    0.0  700.0 S 0.00 -
 960    0    0    11 0/18/0/0/0                700.0   540.0     0.0   244.9   55.0   56.0     0 4/7/2/2/2/4           2     0   0.0    0.0  246.6    0.0  700.0 S 0.00 -
 970    0    0    11 0/18/0/0/0                700.0   540.0     0.0   244.9   55.0   56.0     0 4/7/2/2/2/4           2     0   0.0    0.0  246.6    0.0  700.0 S 0.00 -
 980    0    0    11 0/18/0/0/0                700.0   540.0     0.0   244.9   55.0   56.0     0 4/7/2/2/2/4           2     0   0.0    0.0  246.6    0.0  700.0 S 0.00 -
 990    0    0    11 0/18/0/0/0                700.0   540.0     0.0   244.9   55.0   56.0     0 4/7/2/2/2/4           2     0   0.0    0.0  246.6    0.0  700.0 S 0.00 -
1000    0    0    11 0/18/0/0/0                700.0   540.0     0.0   244.9   55.0   56.0     0 4/7/2/2/2/4           2     0   0.0    0.0  246.6    0.0  700.0 S 0.00 -
1010    0    0    11 0/18/0/0/0                700.0   540.0     0.0   244.9   55.0   56.0     0 4/7/2/2/2/4           2     0   0.0    0.0  246.6    0.0  700.0 S 0.00 -
1020    0    0    11 0/18/0/0/0                700.0   540.0     0.0   244.9   55.0   56.0     0 4/7/2/2/2/4           2     0   0.0    0.0  246.6    0.0  700.0 S 0.00 -
1030    0    0    11 0/18/0/0/0                700.0   540.0     0.0   244.9   55.0   56.0     0 4/7/2/2/2/4           2     0   0.0    0.0  246.6    0.0  700.0 S 0.00 -
1040    0    0    11 0/18/0/0/0                700.0   540.0     0.0   244.9   55.0   56.0     0 4/7/2/2/2/4           2     0   0.0    0.0  246.6    0.0  700.0 S 0.00 -
1050    0    0    11 0/18/0/0/0                700.0   540.0     0.0   244.9   55.0   56.0     0 4/7/2/2/2/4           2     0   0.0    0.0  246.6    0.0  700.0 S 0.00 -
1060    0    0    11 0/18/0/0/0                700.0   540.0     0.0   244.9   55.0   56.0     0 4/7/2/2/2/4           2     0   0.0    0.0  246.6    0.0  700.0 S 0.00 -
1070    0    0    11 0/18/0/0/0                700.0   540.0     0.0   244.9   55.0   56.0     0 4/7/2/2/2/4           2     0   0.0    0.0  246.6    0.0  700.0 S 0.00 -
1080    0    0    11 0/18/0/0/0                700.0   540.0     0.0   244.9   55.0   56.0     0 4/7/2/2/2/4           2     0   0.0    0.0  246.6    0.0  700.0 S 0.00 -
1090    0    0    11 0/18/0/0/0                700.0   540.0     0.0   244.9   55.0   56.0     0 4/7/2/2/2/4           2     0   0.0    0.0  246.6    0.0  700.0 S 0.00 -
1100    0    0    11 0/18/0/0/0                700.0   540.0     0.0   244.9   55.0   56.0     0 4/7/2/2/2/4           2     0   0.0    0.0  246.6    0.0  700.0 S 0.00 -
1110    0    0    11 0/18/0/0/0                700.0   540.0     0.0   244.9   55.0   56.0     0 4/7/2/2/2/4           2     0   0.0    0.0  246.6    0.0  700.0 S 0.00 -
1120    0    0    11 0/18/0/0/0                700.0   540.0     0.0   244.9   55.0   56.0     0 4/7/2/2/2/4           2     0   0.0    0.0  246.6    0.0  700.0 S 0.00 -
1130    0    0    11 0/18/0/0/0                700.0   540.0     0.0   244.9   55.0   56.0     0 4/7/2/2/2/4           2     0   0.0    0.0  246.6    0.0  700.0 S 0.00 -
1140    0    0    11 0/18/0/0/0                700.0   540.0     0.0   244.9   55.0   56.0     0 4/7/2/2/2/4           2     0   0.0    0.0  246.6    0.0  700.0 S 0.00 -
1150    0    0    11 0/18/0/0/0                700.0   540.0     0.0   244.9   55.0   56.0     0 4/7/2/2/2/4           2     0   0.0    0.0  246.6    0.0  700.0 S 0.00 -
1160    0    0    11 0/18/0/0/0                700.0   540.0     0.0   244.9   55.0   56.0     0 4/7/2/2/2/4           2     0   0.0    0.0  246.6    0.0  700.0 S 0.00 -
1170    0    0    11 0/18/0/0/0                700.0   540.0     0.0   244.9   55.0   56.0     0 4/7/2/2/2/4           2     0   0.0    0.0  246.6    0.0  700.0 S 0.00 -
1180    0    0    11 0/18/0/0/0                700.0   540.0     0.0   244.9   55.0   56.0     0 4/7/2/2/2/4           2     0   0.0    0.0  246.6    0.0  700.0 S 0.00 -
1190    0    0    11 0/18/0/0/0                700.0   540.0     0.0   244.9   55.0   56.0     0 4/7/2/2/2/4           2     0   0.0    0.0  246.6    0.0  700.0 S 0.00 -
1200    0    0    11 0/18/0/0/0                700.0   540.0     0.0   244.9   55.0   56.0     0 4/7/2/2/2/4           2     0   0.0    0.0  246.6    0.0  700.0 S 0.00 -
1210    0    0    11 0/18/0/0/0                700.0   540.0     0.0   244.9   55.0   56.0     0 4/7/2/2/2/4           2     0   0.0    0.0  246.6    0.0  700.0 S 0.00 -
1220    0    0    11 0/18/0/0/0                700.0   540.0     0.0   244.9   55.0   56.0     0 4/7/2/2/2/4           2     0   0.0    0.0  246.6    0.0  700.0 S 0.00 -
1230    0    0    11 0/18/0/0/0                700.0   540.0     0.0   244.9   55.0   56.0     0 4/7/2/2/2/4           2     0   0.0    0.0  246.6    0.0  700.0 S 0.00 -
1240    0    0    11 0/18/0/0/0                700.0   540.0     0.0   244.9   55.0   56.0     0 4/7/2/2/2/4           2     0   0.0    0.0  246.6    0.0  700.0 S 0.00 -
1250    0    0    11 0/18/0/0/0                700.0   540.0     0.0   244.9   55.0   56.0     0 4/7/2/2/2/4           2     0   0.0    0.0  246.6    0.0  700.0 S 0.00 -
1260    0    0    11 0/18/0/0/0                700.0   540.0     0.0   244.9   55.0   56.0     0 4/7/2/2/2/4           2     0   0.0    0.0  246.6    0.0  700.0 S 0.00 -
1270    0    0    11 0/18/0/0/0                700.0   540.0     0.0   244.9   55.0   56.0     0 4/7/2/2/2/4           2     0   0.0    0.0  246.6    0.0  700.0 S 0.00 -
1280    0    0    11 0/18/0/0/0                700.0   540.0     0.0   244.9   55.0   56.0     0 4/7/2/2/2/4           2     0   0.0    0.0  246.6    0.0  700.0 S 0.00 -
1290    0    0    11 0/18/0/0/0                700.0   540.0     0.0   244.9   55.0   56.0     0 4/7/2/2/2/4           2     0   0.0    0.0  246.6    0.0  700.0 S 0.00 -
1300    0    0    11 0/18/0/0/0                700.0   540.0     0.0   244.9   55.0   56.0     0 4/7/2/2/2/4           2     0   0.0    0.0  246.6    0.0  700.0 S 0.00 -
1310    0    0    11 0/18/0/0/0                700.0   540.0     0.0   244.9   55.0   56.0     0 4/7/2/2/2/4           2     0   0.0    0.0  246.6    0.0  700.0 S 0.00 -
1320    0    0    11 0/18/0/0/0                700.0   540.0     0.0   244.9   55.0   56.0     0 4/7/2/2/2/4           2     0   0.0    0.0  246.6    0.0  700.0 S 0.00 -
1330    0    0    11 0/18/0/0/0                700.0   540.0     0.0   244.9   55.0   56.0     0 4/7/2/2/2/4           2     0   0.0    0.0  246.6    0.0  700.0 S 0.00 -
1340    0    0    11 0/18/0/0/0                700.0   540.0     0.0   244.9   55.0   56.0     0 4/7/2/2/2/4           2     0   0.0    0.0  246.6    0.0  700.0 S 0.00 -
1350    0    0    11 0/18/0/0/0                700.0   540.0     0.0   244.9   55.0   56.0     0 4/7/2/2/2/4           2     0   0.0    0.0  246.6    0.0  700.0 S 0.00 -
1360    0    0    11 0/18/0/0/0                700.0   540.0     0.0   244.9   55.0   56.0     0 4/7/2/2/2/4           2     0   0.0    0.0  246.6    0.0  700.0 S 0.00 -
1370    0    0    11 0/18/0/0/0                700.0   540.0     0.0   244.9   55.0   56.0     0 4/7/2/2/2/4           2     0   0.0    0.0  246.6    0.0  700.0 S 0.00 -
1380    0    0    11 0/18/0/0/0                700.0   540.0     0.0   244.9   55.0   56.0     0 4/7/2/2/2/4           2     0   0.0    0.0  246.6    0.0  700.0 S 0.00 -
1390    0    0    11 0/18/0/0/0                700.0   540.0     0.0   244.9   55.0   56.0     0 4/7/2/2/2/4           2     0   0.0    0.0  246.6    0.0  700.0 S 0.00 -
1400    0    0    11 0/18/0/0/0                700.0   540.0     0.0   244.9   55.0   56.0     0 4/7/2/2/2/4           2     0   0.0    0.0  246.6    0.0  700.0 S 0.00 -
1410    0    0    11 0/18/0/0/0                700.0   540.0     0.0   244.9   55.0   56.0     0 4/7/2/2/2/4           2     0   0.0    0.0  246.6    0.0  700.0 S 0.00 -
1420    0    0    11 0/18/0/0/0                700.0   540.0     0.0   244.9   55.0   56.0     0 4/7/2/2/2/4           2     0   0.0    0.0  246.6    0.0  700.0 S 0.00 -
1430    0    0    11 0/18/0/0/0                700.0   540.0     0.0   244.9   55.0   56.0     0 4/7/2/2/2/4           2     0   0.0    0.0  246.6    0.0  700.0 S 0.00 -
1440    0    0    11 0/18/0/0/0                700.0   540.0     0.0   244.9   55.0   56.0     0 4/7/2/2/2/4           2     0   0.0    0.0  246.6    0.0  700.0 S 0.00 -
1450    0    0    11 0/18/0/0/0                700.0   540.0     0.0   244.9   55.0   56.0     0 4/7/2/2/2/4           2     0   0.0    0.0  246.6    0.0  700.0 S 0.00 -
1460    0    0    11 0/18/0/0/0                700.0   540.0     0.0   244.9   55.0   56.0     0 4/7/2/2/2/4           2     0   0.0    0.0  246.6    0.0  700.0 S 0.00 -
1470    0    0    11 0/18/0/0/0                700.0   540.0     0.0   244.9   55.0   56.0     0 4/7/2/2/2/4           2     0   0.0    0.0  246.6    0.0  700.0 S 0.00 -
1480    0    0    11 0/18/0/0/0                700.0   540.0     0.0   244.9   55.0   56.0     0 4/7/2/2/2/4           2     0   0.0    0.0  246.6    0.0  700.0 S 0.00 -
1490    0    0    11 0/18/0/0/0                700.0   540.0     0.0   244.9   55.0   56.0     0 4/7/2/2/2/4           2     0   0.0    0.0  246.6    0.0  700.0 S 0.00 -
1500    0    0    11 0/18/0/0/0                700.0   540.0     0.0   244.9   55.0   56.0     0 4/7/2/2/2/4           2     0   0.0    0.0  246.6    0.0  700.0 S 0.00 -

targets for seed 7 (1500 sols):
  T1 FAIL run min pop 0 (needs >= 5), final pop 0
  T2 PASS deaths 18 (air 0 thirst 18 hunger 0 eva 0 other 0), unexplained 0
  T3 PASS births 11, first_birth_sol 284, at_capacity 0, cooldown_violations 0, pop@30=7, pop@100=7, pop@300=13
  T4 PASS min O2 260.5, food 203.1; ice ran dry (pressure): min ice 0.0, ice>30 0.0, thirst deaths 18; max ice/target 1.05, regolith/target 1.31
  T5 PASS demand>supply 0.00% of steps (<=10), max shorts/sol 0 (<=2), max offline 0.0 h (<=24.7), first new reactor sol 7 (<=15)
  T6 PASS limited 27725.5 h = 74.96% (>=2% provisional; 4 of 5 seeds), site busy 76.6%; waiting_regolith 0.0 h, site_no_crew 27725.5 h
  T7 PASS turn_backs_air 0, exhausted 118, reachable>=2 at 100.0% of 1500 sol samples (>=95), trips 460
  T8 FAIL row avg energy 0.0..64.6 (40..90), row asleep 0.0..12.5% (5..30), max sleep 8.8 h (<=18)
  T9 N/A  checked by repeating the run and by tests/test_determinism.gd (compare the table sha256)
  T10 FAIL first settlement sol 555 (40..150), age_changes 1 (<=4), min gap between consecutive history entries 555 (>=20), history 2 entries (changes+1 = 2); report: sols_in_age landing 555 settlement 945 council 0, age at end settlement, changes [sol 555 settled], fall back causes [none], not-ok sols 65 (by group, a sol can fail several: ice 23, food 1, oxygen 1, power 0, death 8, unrest 41)
  T11 FAIL (1) list lengths 1501/1501/1501/1501 ok; (2) lonely mean of last 50 readings 0.000 (max 0.35) ok; (3) friends_mean 0.00 (1.0..15.0) BAD; (4) first_friendship_sol 137 ok; (5) lines_dropped (total) 0 ok; report: web 0.00 second 0.00 lonely 0.00 friends_mean 0.00 friends share of colony 0.000 (pop 0)
  T12 PASS (1) list lengths 1501/1501/1501 ok; (2) C2 ok; (3) council changes 0 (<=4) ok; (4) proposals 0 ok; (5) one Council line per boundary ok; report: first Council sol <null>, meetings 0, proposals [], pledge sol <null> reason -, lines {}, dropped 0; council_min_seeds 3 pledge_min_seeds 1
RESULT FAIL (target 9 determinism: table sha256 59d05909548b45dd)
