Godot Engine v4.5.stable.official.876b29033 - https://godotengine.org

# station zero balance run: seed=99 sols=1500 overrides=[resources.throughput.commute_pause=false] fixed_step=0.05 data_hash=fcb5ff2f0fbf63a1
# deaths and births are cumulative; shorts, trips, energy, asleep, wait, min_* are for the 30-sol window
 sol  pop  min birth dead a/t/h/o/x           oxygen    food     ice   regol   dmnd   supp short bldg R/H/W/G/A/C  reach trips  avgE asleep%  waitH minIce  minO2 age web cn
  10    7    7     0 0/0/0/0/0                 379.9   296.2    63.2    91.0   13.0   14.0     0 1/1/1/1/0/0           2    13  53.7   10.2  202.9   59.4  262.5 L 1.00 -
  20    7    7     0 0/0/0/0/0                 550.0   420.0    68.8    79.9   13.0   28.0     0 2/1/1/1/0/0           2     6  55.5   11.1  159.3   58.9  380.0 L 1.00 -
  30    7    7     0 0/0/0/0/0                 550.0   420.0    85.8   122.7   14.0   28.0     0 2/2/1/1/0/0           2    16  53.6   11.7  133.3   62.4  548.7 L 1.00 -
  40    7    7     0 0/0/0/0/0                 550.0   420.0    95.0    63.6   19.0   28.0     0 2/2/1/1/0/1           2     9  57.5   11.5  176.9   85.1  549.0 L 1.00 -
  50    7    7     0 0/0/0/0/0                 550.0   420.0    95.6    44.8   22.0   28.0     0 2/3/1/1/0/1           2    13  55.3   11.2  165.7   89.2  548.1 L 0.71 -
  60    7    7     0 0/0/0/0/0                 549.3   420.0    90.9    94.4   23.0   28.0     0 2/3/1/1/0/2           2    11  59.8   11.6   74.6   86.9  549.0 L 0.71 -
  70    7    7     0 0/0/0/0/0                 550.0   420.0    92.9    83.9   25.0   28.0     0 2/3/1/1/0/2           2    11  57.8   11.7   26.3   88.7  549.0 L 0.71 -
  80    7    7     0 0/0/0/0/0                 550.0   420.0   103.4    78.8   29.0   28.0     1 2/2/2/1/0/2           2    12  54.4   10.8  203.1   89.4  548.3 L 0.71 -
  90    7    7     0 0/0/0/0/0                 550.0   420.0   123.4    78.8   29.0   28.0     0 2/2/2/1/0/2           2     6  56.7   12.2  226.7  100.9  549.0 L 0.71 -
 100    7    7     0 0/0/0/0/0                 550.0   420.0   141.9   113.0   27.0   42.0     0 3/3/2/1/0/2           2    12  57.6   11.0   57.2  120.1  548.6 L 0.71 -
 110    7    7     0 0/0/0/0/0                 550.0   420.0   136.3    84.1   30.0   42.0     0 3/4/2/1/0/2           2     8  56.0   11.6  141.0  131.4  548.1 L 0.71 -
 120    7    7     0 0/0/0/0/0                 550.0   420.0   129.9    93.3   32.0   42.0     0 3/4/2/1/1/2           2    14  58.0   11.3   29.0  129.9  548.1 L 0.71 -
 130    7    7     0 0/0/0/0/0                 550.0   420.0   131.2   152.6   32.0   42.0     0 3/4/2/1/1/2           2    13  58.2   11.6    0.0  120.9  548.3 L 0.86 -
 140    7    7     0 0/0/0/0/0                 550.0   420.0   139.2   210.4   32.0   42.0     0 3/4/2/1/1/2           2    10  61.7   11.8    0.0  130.5  548.6 L 0.86 -
 150    7    7     0 0/0/0/0/0                 550.0   420.0   144.4   239.1   32.0   42.0     0 3/4/2/1/1/2           2     9  62.5   11.2    0.0  137.8  549.0 L 0.86 -
 160    7    7     0 0/0/0/0/0                 549.7   420.0   157.8   258.4   32.0   42.0     0 3/4/2/1/1/2           2     8  61.1   10.5    0.0  143.8  549.0 L 0.86 -
 170    7    7     0 0/0/0/0/0                 550.0   420.0   145.6   207.0   34.0   42.0     0 3/4/2/1/1/2           2     5  61.3   11.0   52.3  145.6  548.2 L 0.86 -
 180    7    7     0 0/0/0/0/0                 550.0   420.0   132.4   266.8   35.0   42.0     0 3/5/2/1/1/2           2     8  59.0   12.0   56.3  130.0  549.0 L 0.86 -
 190    7    7     0 0/0/0/0/0                 550.0   420.0   118.9   297.8   35.0   42.0     0 3/5/2/1/1/2           2     5  60.1   10.1    0.0  118.9  548.9 L 0.86 -
 200    7    7     0 0/0/0/0/0                 550.0   420.0   107.8   324.9   35.0   42.0     0 3/5/2/1/1/2           2     5  62.4   11.6    0.0  104.9  549.0 L 0.86 -
 210    7    7     0 0/0/0/0/0                 550.0   420.0   108.5   262.1   37.0   42.0     0 3/5/2/1/1/2           2     6  60.2    9.8  139.8  106.1  549.0 L 0.86 -
 220    7    7     0 0/0/0/0/0                 555.6   424.0    91.3   290.5   39.0   42.0     0 3/5/2/2/1/2           2     2  55.8   11.4  212.5   91.3  548.2 L 0.86 -
 230    7    7     0 0/0/0/0/0                 700.0   540.0    91.3   276.0   39.0   56.0     0 4/5/2/2/1/2           2    12  55.2   12.4   80.7   83.8  555.8 L 0.71 -
 240    7    7     0 0/0/0/0/0                 700.0   540.0    96.2   312.6   39.0   56.0     0 4/5/2/2/1/2           2     9  62.0   10.9    0.0   86.6  699.0 L 0.71 -
 250    7    7     0 0/0/0/0/0                 700.0   540.0   108.5   246.2   41.0   56.0     0 4/5/2/2/1/2           2     9  59.2   10.8  117.1   95.8  699.0 L 0.71 -
 260    7    7     0 0/0/0/0/0                 700.0   540.0   101.6   194.7   44.0   56.0     0 4/6/2/2/1/2           2     6  59.7   11.7   52.4   98.7  699.0 L 0.71 -
 270    7    7     0 0/0/0/0/0                 850.0   660.0    99.9   201.3   46.0   56.0     0 4/6/2/3/1/2           2     4  59.1   10.5   91.1   97.8  699.0 L 0.71 -
 280    7    7     0 0/0/0/0/0                 850.0   660.0    99.1   256.1   46.0   56.0     0 4/6/2/3/1/2           2    10  58.6   11.7    0.0   91.4  849.0 L 0.71 -
 290    7    7     0 0/0/0/0/0                 850.0   660.0    88.6   193.7   49.0   56.0     0 4/6/2/3/1/3           2     6  60.1   11.0   69.7   88.6  849.0 L 0.71 -
 300   10    7     3 0/0/0/0/0                 850.0   660.0   103.9   202.1   49.0   56.0     0 4/6/2/3/1/3           2     9  61.3   11.1    0.0   84.9  849.0 L 0.50 -
 310   12   10     5 0/0/0/0/0                 850.0   660.0   102.0   260.4   49.0   56.0     0 4/6/2/3/1/3           2    12  61.7   10.5    0.0   98.2  849.0 S 1.00 -
 320   12   12     5 0/0/0/0/0                 850.0   660.0   106.7   292.1   49.0   56.0     0 4/6/2/3/1/3           2    10  61.7   11.5    0.0   87.1  849.0 S 1.00 -
 330   13   12     6 0/0/0/0/0                 850.0   660.0   102.7   313.6   49.0   56.0     0 4/6/2/3/1/3           2     7  63.8   10.4    0.0   95.4  849.0 S 0.92 -
 340   13   13     6 0/0/0/0/0                 850.0   660.0    86.9   333.0   49.0   56.0     0 4/6/2/3/1/3           2     6  63.2   10.4    0.0   86.9  849.0 S 0.92 -
 350   13   13     6 0/0/0/0/0                 850.0   660.0    95.0   341.8   49.0   56.0     0 4/6/2/3/1/3           2     8  62.2   11.3    0.0   80.6  849.0 S 0.92 -
 360   13   13     6 0/0/0/0/0                 850.0   660.0    79.3   366.8   49.0   56.0     0 4/6/2/3/1/3           2    10  61.7   10.9    0.0   75.2  849.0 S 0.92 -
 370   13   13     6 0/0/0/0/0                 850.0   660.0    93.3   366.8   49.0   56.0     0 4/6/2/3/1/3           2    10  60.6   10.9    0.0   76.9  848.0 S 0.92 -
 380   13   13     6 0/0/0/0/0                 850.0   660.0   102.7   400.4   49.0   56.0     0 4/6/2/3/1/3           2    12  59.8   10.9    0.0   87.6  849.0 S 0.92 -
 390   13   13     6 0/0/0/0/0                 850.0   660.0   101.1   409.8   49.0   56.0     0 4/6/2/3/1/3           2     6  60.8   11.1    0.0   97.5  849.0 S 0.85 -
 400   13   13     6 0/0/0/0/0                 850.0   660.0    93.9   414.5   49.0   56.0     0 4/6/2/3/1/3           2     7  63.3   10.4    0.0   85.5  849.0 S 0.85 -
 410   13   13     6 0/0/0/0/0                 850.0   660.0    98.8   420.8   49.0   56.0     0 4/6/2/3/1/3           2     7  62.6   11.1    0.0   92.9  849.0 S 0.92 -
 420   13   13     6 0/0/0/0/0                 850.0   660.0    93.7   457.3   49.0   56.0     0 4/6/2/3/1/3           2    11  63.6   10.6    0.0   89.9  848.2 S 0.92 -
 430   13   13     6 0/0/0/0/0                 850.0   660.0    95.3   476.0   49.0   56.0     0 4/6/2/3/1/3           2    10  62.4   10.9    0.0   87.2  849.0 S 0.92 -
 440   13   13     6 0/0/0/0/0                 850.0   660.0    89.5   490.3   49.0   56.0     0 4/6/2/3/1/3           2     7  62.0   11.1    0.0   87.0  849.0 S 0.92 -
 450   13   13     6 0/0/0/0/0                 850.0   660.0   100.9   490.3   49.0   56.0     0 4/6/2/3/1/3           2     9  61.9   11.0    0.0   87.4  849.0 S 0.85 -
 460   13   13     6 0/0/0/0/0                 850.0   660.0    87.0   508.5   49.0   56.0     0 4/6/2/3/1/3           2     5  62.5   10.6    0.0   82.8  849.0 S 0.85 -
 470   13   13     6 0/0/0/0/0                 850.0   660.0   100.6   508.5   49.0   56.0     0 4/6/2/3/1/3           2    10  62.2   10.6    0.0   81.5  849.0 S 0.85 -
 480   13   13     6 0/0/0/0/0                 850.0   660.0   107.7   508.5   49.0   56.0     0 4/6/2/3/1/3           2     8  60.0   11.4    0.0   99.1  849.0 S 0.85 -
 490   13   13     6 0/0/0/0/0                 850.0   660.0    97.3   508.5   49.0   56.0     0 4/6/2/3/1/3           2     2  62.7   10.4    0.0   97.3  849.0 S 0.85 -
 500   13   13     6 0/0/0/0/0                 850.0   660.0   103.8   508.5   49.0   56.0     0 4/6/2/3/1/3           2     7  62.7   10.7    0.0   91.1  849.0 S 0.92 -
 510   13   13     6 0/0/0/0/0                 850.0   660.0    95.4   508.5   49.0   56.0     0 4/6/2/3/1/3           2     5  62.7   11.0    0.0   95.4  849.0 S 0.92 -
 520   13   13     6 0/0/0/0/0                 850.0   660.0    82.8   508.5   49.0   56.0     0 4/6/2/3/1/3           2     5  62.4   11.1    0.0   82.8  849.0 S 0.92 -
 530   13   13     6 0/0/0/0/0                 850.0   660.0    61.9   422.7   51.0   56.0     0 4/6/2/3/1/3           2     4  61.4   10.5  190.8   61.9  849.0 S 0.92 -
 540   13   13     6 0/0/0/0/0                 850.0   660.0    42.5   339.0   54.0   56.0     0 4/6/2/3/1/4           2     7  60.1   10.6  209.9   42.5  849.0 S 0.92 -
 550   13   13     6 0/0/0/0/0                 850.0   660.0    52.3   358.6   52.0   70.0     0 5/6/2/3/1/4           2    11  59.8   11.3   38.8   38.3  849.0 S 0.85 -
 560   13   13     6 0/0/0/0/0                 850.0   660.0    53.8   282.9   54.0   70.0     0 5/6/2/3/1/4           2    12  60.9   10.6  106.3   46.4  848.0 S 0.85 -
 570   13   13     6 0/0/0/0/0                 850.0   660.0    51.8   189.6   57.0   70.0     0 5/7/2/3/1/4           2     9  58.5   11.0  206.8   44.3  849.0 S 0.77 -
 580   17   13    10 0/0/0/0/0                1000.0   780.0    34.6    96.1   61.0   70.0     0 5/7/2/4/1/4           2     8  61.4   11.2  177.8   34.1  849.0 S 0.82 -
 590   18   17    11 0/0/0/0/0                1000.0   780.0    12.6    15.5   64.0   70.0     0 5/8/2/4/1/4           2     9  62.0   10.8  101.5   12.6  999.0 S 0.78 -
 600   17   17    11 0/1/0/0/0                1000.0   780.0     2.0    15.5   64.0   70.0     0 5/8/2/4/1/4           2     9  59.9   10.4  210.2    0.0  999.0 S 0.88 -
 610   17   17    12 0/2/0/0/0                1000.0   780.0     4.8    15.5   64.0   70.0     0 5/8/2/4/1/4           2     7  61.5   10.3  244.0    0.0  999.0 S 0.82 -
 620   14   14    12 0/5/0/0/0                1000.0   780.0     2.5    15.5   64.0   70.0     0 5/8/2/4/1/4           2     8  60.5   11.1  246.6    0.0  999.0 L 0.79 -
 630   14   14    12 0/5/0/0/0                1000.0   780.0    33.4    15.5   65.0   70.0     0 5/9/2/4/1/4           2    12  61.3   10.5  110.4    0.0  999.0 L 0.79 -
 640   14   14    12 0/5/0/0/0                1000.0   780.0    38.1    46.7   65.0   70.0     0 5/9/2/4/1/4           2    11  60.3   11.0   15.0   33.4  999.0 L 0.79 -
 650   14   14    12 0/5/0/0/0                1000.0   780.0    29.6   110.2   65.0   70.0     0 5/9/2/4/1/4           2    13  61.5   10.8    5.0   29.6  999.0 L 0.79 -
 660   14   14    12 0/5/0/0/0                1000.0   780.0    42.1     4.9   67.0   70.0     0 5/9/2/4/1/4           2    11  62.0   11.1   15.5   28.7  999.0 S 0.79 -
 670   14   14    12 0/5/0/0/0                1000.0   780.0    29.2    31.6   67.0   70.0     0 5/9/2/4/1/4           2     7  61.9   11.1  224.9   24.9  999.0 S 0.79 -
 680   14   14    12 0/5/0/0/0                1000.0   780.0    18.2    37.7   68.0   70.0     0 5/10/2/4/1/4          2     7  61.8   10.3  156.8   13.9  999.0 S 0.79 -
 690   14   14    12 0/5/0/0/0                1000.0   780.0    30.1    68.2   68.0   70.0     0 5/10/2/4/1/4          2    14  60.4   11.4   20.0   17.7  999.0 S 0.86 -
 700   14   14    12 0/5/0/0/0                1000.0   780.0    24.7    97.5   68.0   70.0     0 5/10/2/4/1/4          2     8  63.4   11.0   10.0   21.2  999.0 S 0.86 -
 710   14   14    12 0/5/0/0/0                1000.0   780.0    33.3    10.3   70.0   70.0     0 5/10/2/4/1/4          2    11  60.8   10.6   83.4   22.1  999.0 S 0.86 -
 720   14   14    12 0/5/0/0/0                1000.0   780.0    21.4    10.3   68.0   84.0     0 6/10/2/4/1/4          2     9  61.0   10.8  159.3   13.2  999.0 S 0.86 -
 730   14   14    12 0/5/0/0/0                1000.0   780.0    33.7    32.3   68.0   84.0     0 6/10/2/4/1/4          2    10  60.6   11.4   30.0   20.0  999.0 S 0.86 -
 740   14   14    12 0/5/0/0/0                1000.0   780.0    19.6    63.7   68.0   84.0     0 6/10/2/4/1/4          2    11  62.4   10.4   20.0   17.6  999.0 S 0.86 -
 750   14   14    12 0/5/0/0/0                1000.0   780.0    30.6    82.9   68.0   84.0     0 6/10/2/4/1/4          2    11  61.5   11.3    5.0   17.5  999.0 S 0.79 -
 760   14   14    12 0/5/0/0/0                1000.0   780.0    37.2    97.9   68.0   84.0     0 6/10/2/4/1/4          2     9  62.8   10.9    0.0   29.3  999.0 S 0.79 -
 770   14   14    12 0/5/0/0/0                1000.0   780.0    35.1   119.0   68.0   84.0     0 6/10/2/4/1/4          2     8  62.7   11.0    0.0   25.1  999.0 S 0.86 -
 780   14   14    12 0/5/0/0/0                1000.0   780.0    28.5    35.7   70.0   84.0     0 6/10/2/4/1/4          2    12  61.4   10.9  102.5   22.3  998.2 S 0.86 -
 790   14   14    12 0/5/0/0/0                1000.0   780.0    40.4    43.0   70.0   84.0     0 6/10/2/4/2/4          2    11  60.7   11.3   39.2   23.3  999.0 S 0.86 -
 800   14   14    12 0/5/0/0/0                1000.0   780.0    38.1    75.6   70.0   84.0     0 6/10/2/4/2/4          2     9  62.3   10.8   10.0   22.9  999.0 S 0.86 -
 810   14   14    12 0/5/0/0/0                1000.0   780.0    40.8   103.9   70.0   84.0     0 6/10/2/4/2/4          2    13  60.5   10.8   10.0   27.2  999.0 S 0.86 -
 820   14   14    12 0/5/0/0/0                1000.0   780.0    16.4    34.5   72.0   84.0     0 6/10/2/4/3/4          2    11  61.9   11.2   71.0   15.6  999.0 S 0.86 -
 830   14   14    12 0/5/0/0/0                1000.0   780.0    33.7    34.5   72.0   84.0     0 6/10/2/4/3/4          2     8  61.2   11.0    0.0   13.9  999.0 S 0.86 -
 840   14   14    12 0/5/0/0/0                1000.0   780.0    23.2    87.3   72.0   84.0     0 6/10/2/4/3/4          2    15  59.5   10.7   10.0   18.8  999.0 S 0.86 -
 850   15   14    13 0/5/0/0/0                1000.0   780.0    21.5    89.3   72.0   84.0     0 6/10/2/4/3/4          2     9  60.5   10.7   10.0   15.3  999.0 S 0.87 -
 860   17   15    15 0/5/0/0/0                1000.0   780.0    44.2   107.9   72.0   84.0     0 6/10/2/4/3/4          2    15  61.2   10.5   15.0   20.8  999.0 S 0.94 -
 870   17   17    15 0/5/0/0/0                1000.0   780.0    54.4   150.6   72.0   84.0     0 6/10/2/4/3/4          2    14  60.9   11.6    5.0   43.9  999.0 S 0.88 -
 880   18   17    16 0/5/0/0/0                1000.0   780.0    20.1    41.7   75.0   84.0     0 6/10/2/4/3/5          2     6  62.5   10.7  148.1   18.6  999.0 S 0.94 -
 890   18   18    16 0/5/0/0/0                1000.0   780.0    28.2    41.7   75.0   84.0     0 6/10/2/4/3/5          2    12  62.8   10.7   10.0   11.0  999.0 S 0.94 -
 900   18   18    16 0/5/0/0/0                1000.0   780.0    31.8    56.9   75.0   84.0     0 6/10/2/4/3/5          2    13  62.7   10.7    5.0   25.3  999.0 S 0.94 -
 910   19   18    17 0/5/0/0/0                1000.0   780.0    44.2    84.3   75.0   84.0     0 6/10/2/4/3/5          2    13  60.5   11.2    0.0   19.6  998.5 S 0.84 -
 920   19   19    17 0/5/0/0/0                1000.0   780.0    21.9   119.1   75.0   84.0     0 6/10/2/4/3/5          2    12  61.8   10.7    0.0   21.9  999.0 S 0.89 -
 930   19   19    17 0/5/0/0/0                1000.0   780.0    29.4   123.2   75.0   84.0     0 6/10/2/4/3/5          2    12  62.0   10.5    0.0   19.1  999.0 S 0.89 -
 940   19   19    17 0/5/0/0/0                1000.0   780.0    23.9   150.4   75.0   84.0     0 6/10/2/4/3/5          2    12  62.2   10.7    0.0   12.4  999.0 S 0.89 -
 950   19   19    17 0/5/0/0/0                1000.0   780.0    22.2     2.4   79.0   84.0     0 6/10/3/4/3/5          2     8  61.3   11.4   82.2   21.6  999.0 S 0.89 -
 960   19   19    17 0/5/0/0/0                1000.0   780.0    30.7    13.7   79.0   84.0     0 6/10/3/4/3/5          2    10  61.7   10.7    5.0   16.5  999.0 S 0.89 -
 970   19   19    17 0/5/0/0/0                1000.0   780.0    28.6    20.3   79.0   84.0     0 6/10/3/4/3/5          2    11  63.0   11.1    5.0   20.5  999.0 S 0.89 -
 980   19   19    17 0/5/0/0/0                1000.0   780.0    31.4    36.2   79.0   84.0     0 6/10/3/4/3/5          2     9  62.7   10.8    5.0   22.0  999.0 S 0.89 -
 990   19   19    17 0/5/0/0/0                1000.0   780.0     9.2    52.4   79.0   84.0     0 6/10/3/4/3/5          2     7  63.9   10.7    5.0    3.2  999.0 S 0.89 -
1000   19   19    17 0/5/0/0/0                1000.0   780.0    22.3    52.4   79.0   84.0     0 6/10/3/4/3/5          2    10  62.1   11.0    5.0    4.9  999.0 S 0.89 -
1010   19   19    17 0/5/0/0/0                1000.0   780.0    20.6    52.4   79.0   84.0     0 6/10/3/4/3/5          2    11  62.5   10.7    5.0   16.8  999.0 S 0.89 -
1020   19   19    17 0/5/0/0/0                1000.0   780.0    11.2    60.5   79.0   84.0     0 6/10/3/4/3/5          2    10  62.6   10.8   30.0   11.2  998.5 S 0.89 -
1030   19   19    17 0/5/0/0/0                1000.0   780.0    19.8    60.5   79.0   84.0     0 6/10/3/4/3/5          2    13  61.8   11.1   15.0    9.2  999.0 S 0.84 -
1040   19   19    17 0/5/0/0/0                1000.0   780.0    20.9    71.9   79.0   84.0     0 6/10/3/4/3/5          2    10  62.8   10.8   20.0   17.6  999.0 S 0.84 -
1050   19   19    17 0/5/0/0/0                1000.0   780.0    31.2    71.9   79.0   84.0     0 6/10/3/4/3/5          2    12  61.1   10.7   10.0   18.6  999.0 S 0.84 -
1060   19   19    17 0/5/0/0/0                1000.0   780.0    16.4   114.2   79.0   84.0     0 6/10/3/4/3/5          2    10  62.6   11.1   10.0   16.4  999.0 S 0.84 -
1070   19   19    17 0/5/0/0/0                1000.0   780.0    22.3   131.5   79.0   84.0     0 6/10/3/4/3/5          2    13  60.6   10.6   40.0   13.8  999.0 S 0.84 -
1080   19   19    17 0/5/0/0/0                1000.0   780.0    25.1   131.5   79.0   84.0     0 6/10/3/4/3/5          2     8  62.6   11.1   35.0    9.7  999.0 S 0.84 -
1090   19   19    17 0/5/0/0/0                1000.0   780.0    15.6   131.5   79.0   84.0     0 6/10/3/4/3/5          2     8  63.4   10.6   20.0    7.2  999.0 S 0.89 -
1100   19   19    17 0/5/0/0/0                1000.0   780.0    12.1   131.5   79.0   84.0     0 6/10/3/4/3/5          2    10  61.5   11.0   30.0    7.3  999.0 S 0.84 -
1110   19   19    17 0/5/0/0/0                1000.0   780.0    25.2   149.1   79.0   84.0     0 6/10/3/4/3/5          2    12  62.2   10.9    5.0    8.2  999.0 S 0.84 -
1120   20   19    18 0/5/0/0/0                1000.0   780.0    25.3     7.1   81.0   84.0     0 6/10/3/4/3/5          2    10  62.1   10.8  101.0   10.7  999.0 S 0.80 -
1130   21   20    19 0/5/0/0/0                1150.0   900.0    21.4    15.8   83.0   84.0     0 6/10/3/5/3/5          2    10  63.0   10.9   80.3    7.2  999.0 S 0.90 -
1140   21   21    19 0/5/0/0/0                1150.0   900.0    26.1    50.2   83.0   84.0     0 6/10/3/5/3/5          2    13  63.7   11.0   10.0   19.4 1149.0 S 0.86 -
1150   22   21    20 0/5/0/0/0                1150.0   900.0    25.6    68.9   83.0   84.0     0 6/10/3/5/3/5          2    13  61.8   10.8   60.0   19.8 1149.0 S 0.86 -
1160   22   22    20 0/5/0/0/0                1150.0   900.0    13.9    90.6   83.0   84.0     0 6/10/3/5/3/5          2    10  64.5   10.9   20.0   13.9 1149.0 S 0.91 -
1170   22   22    20 0/5/0/0/0                1150.0   900.0    22.1    90.6   83.0   84.0     0 6/10/3/5/3/5          2    10  62.4   11.0   25.0   10.3 1149.0 S 0.82 -
1180   23   22    21 0/5/0/0/0                1150.0   900.0    22.2   110.2   83.0   84.0     0 6/10/3/5/3/5          2    17  61.7   10.7    0.0   10.7 1149.0 S 0.78 -
1190   23   23    21 0/5/0/0/0                1150.0   900.0    24.9   134.0   83.0   84.0     0 6/10/3/5/3/5          2    11  62.4   11.0    0.0   20.0 1149.0 S 0.87 -
1200   23   23    21 0/5/0/0/0                1150.0   900.0    34.0   142.7   83.0   84.0     0 6/10/3/5/3/5          2    14  63.7   10.8    0.0   19.3 1148.3 S 0.87 -
1210   24   23    22 0/5/0/0/0                1150.0   900.0    17.9   157.2   83.0   84.0     0 6/10/3/5/3/5          2    12  61.9   11.0    0.0    9.9 1149.0 S 0.88 -
1220   24   24    22 0/5/0/0/0                1150.0   900.0    27.1   171.2   83.0   84.0     0 6/10/3/5/3/5          2    17  62.4   10.8    0.0   15.7 1149.0 S 0.88 -
1230   24   24    22 0/5/0/0/0                1150.0   900.0    26.9   178.4   83.0   84.0     0 6/10/3/5/3/5          2    11  62.2   10.7    0.0   23.4 1149.0 S 0.83 -
1240   24   24    22 0/5/0/0/0                1150.0   900.0    25.3   203.3   83.0   84.0     0 6/10/3/5/3/5          2    15  61.5   10.8    0.0   15.6 1149.0 S 0.83 -
1250   24   24    22 0/5/0/0/0                1150.0   900.0    28.5   218.9   83.0   84.0     0 6/10/3/5/3/5          2    13  63.3   10.9    0.0   24.5 1149.0 S 0.83 -
1260   24   24    22 0/5/0/0/0                1150.0   900.0    27.0   234.7   83.0   84.0     0 6/10/3/5/3/5          2    12  62.4   10.9    0.0   18.0 1149.0 S 0.83 -
1270   24   24    22 0/5/0/0/0                1150.0   900.0    25.5   253.7   83.0   84.0     0 6/10/3/5/3/5          2    14  62.9   10.9    0.0   23.0 1149.0 S 0.83 -
1280   20   20    22 0/9/0/0/0                1000.0   780.0     0.0   107.7   85.0   84.0     1 6/10/3/4/3/5          2     4  63.3   10.7   88.0    0.0  999.0 S 0.80 -
1290   14   14    22 0/15/0/0/0               1150.0   900.0    22.4   107.7   83.0   98.0     0 7/10/3/5/3/5          2     9  62.8   11.0   59.1    0.0  999.0 S 0.79 -
1300   14   14    22 0/15/0/0/0               1150.0   900.0    39.4   107.7   83.0   98.0     0 7/10/3/5/3/5          2    11  61.9   11.1   20.0   17.4 1149.0 S 0.86 -
1310   14   14    22 0/15/0/0/0               1150.0   900.0    44.7   116.3   83.0   98.0     0 7/10/3/5/3/5          2     7  63.2   10.5   15.0   37.9 1149.0 S 0.86 -
1320   14   14    22 0/15/0/0/0               1150.0   900.0    41.0   136.1   83.0   98.0     0 7/10/3/5/3/5          2     8  63.1   10.9   45.0   34.2 1149.0 S 0.86 -
1330   14   14    22 0/15/0/0/0               1150.0   900.0    32.3   180.7   83.0   98.0     0 7/10/3/5/3/5          2    10  60.6   10.8    5.0   24.5 1149.0 S 0.79 -
1340   14   14    22 0/15/0/0/0               1150.0   900.0    15.9    28.0   85.0   98.0     0 7/10/3/5/3/5          2     4  61.8   11.3  161.0   15.9 1149.0 S 0.79 -
1350   14   14    22 0/15/0/0/0               1150.0   900.0    21.9    28.0   86.0   98.0     0 7/11/3/5/3/5          2     8  63.0   10.5  114.9    4.4 1148.0 S 0.79 -
1360   14   14    22 0/15/0/0/0               1150.0   900.0    34.0    28.0   86.0   98.0     0 7/11/3/5/3/5          2    11  61.3   11.0   40.0   19.8 1149.0 S 0.57 -
1370   14   14    22 0/15/0/0/0               1150.0   900.0    25.8    76.5   86.0   98.0     0 7/11/3/5/3/5          2    12  60.9   10.8   40.0   25.3 1149.0 S 0.57 -
1380   14   14    22 0/15/0/0/0               1150.0   900.0    26.6   126.8   86.0   98.0     0 7/11/3/5/3/5          2    13  62.4   11.2   30.0   25.0 1149.0 S 0.57 -
1390   14   14    22 0/15/0/0/0               1150.0   900.0    23.4   160.9   86.0   98.0     0 7/11/3/5/3/5          2    11  61.0   11.0   30.0   23.4 1149.0 S 0.79 -
1400   15   14    23 0/15/0/0/0               1150.0   900.0    30.9    15.9   88.0   98.0     0 7/11/3/5/3/5          2     8  61.7   10.5   58.4   19.3 1149.0 S 0.80 -
1410   15   15    23 0/15/0/0/0               1300.0  1020.0    14.5    32.5   90.0   98.0     0 7/11/3/6/3/5          2     9  61.9   11.0  107.1   12.6 1149.0 S 0.80 -
1420   15   15    23 0/15/0/0/0               1300.0  1020.0    34.7    32.5   90.0   98.0     0 7/11/3/6/3/5          2     9  62.1   11.0   50.0   12.6 1298.4 S 0.53 -
1430   15   15    23 0/15/0/0/0               1300.0  1020.0    31.1    47.8   90.0   98.0     0 7/11/3/6/3/5          2     9  62.8   10.7   40.0   22.7 1299.0 S 0.80 -
1440   16   15    24 0/15/0/0/0               1300.0  1020.0    31.1    60.0   90.0   98.0     0 7/11/3/6/3/5          2    10  61.8   10.9   35.0   27.2 1299.0 S 0.88 -
1450   17   16    25 0/15/0/0/0               1300.0  1020.0    21.1    77.3   90.0   98.0     0 7/11/3/6/3/5          2     7  63.8   10.7   25.0   17.5 1299.0 S 0.47 -
1460   17   17    25 0/15/0/0/0               1300.0  1020.0    19.7    77.3   90.0   98.0     0 7/11/3/6/3/5          2     8  62.8   10.9   35.0   10.1 1299.0 S 0.82 -
1470   17   17    25 0/15/0/0/0               1300.0  1020.0    35.7    85.3   90.0   98.0     0 7/11/3/6/3/5          2    11  62.1   10.6   10.0   13.8 1299.0 S 0.82 -
1480   17   17    25 0/15/0/0/0               1300.0  1020.0    26.8   110.1   90.0   98.0     0 7/11/3/6/3/5          2    12  61.7   10.8    0.0   17.4 1298.8 S 0.76 -
1490   18   17    26 0/15/0/0/0               1300.0  1020.0    38.8   118.4   90.0   98.0     0 7/11/3/6/3/5          2     8  63.9   11.1    5.0   23.3 1299.0 S 0.72 -
1500   18   18    26 0/15/0/0/0               1300.0  1020.0    30.4   133.7   90.0   98.0     0 7/11/3/6/3/5          2     9  61.4   10.5   35.0   16.2 1299.0 S 0.78 -

targets for seed 99 (1500 sols):
  T1 PASS run min pop 7 (needs >= 5), final pop 18
  T2 PASS deaths 15 (air 0 thirst 15 hunger 0 eva 0 other 0), unexplained 0
  T3 PASS births 26, first_birth_sol 293, at_capacity 0, cooldown_violations 0, pop@30=7, pop@100=7, pop@300=10
  T4 PASS min O2 262.5, food 203.1; ice ran dry (pressure): min ice 0.0, ice>30 0.0, thirst deaths 15; max ice/target 1.37, regolith/target 1.31
  T5 FAIL demand>supply 1.33% of steps (<=10), max shorts/sol 1 (<=2), max offline 350.4 h (<=24.7), first new reactor sol 12 (<=15)
  T6 PASS limited 7164.1 h = 19.37% (>=2% provisional; 4 of 5 seeds), site busy 19.2%; waiting_regolith 1200.0 h, site_no_crew 5964.1 h
  T7 PASS turn_backs_air 0, exhausted 285, reachable>=2 at 100.0% of 1500 sol samples (>=95), trips 1456
  T8 PASS row avg energy 53.6..64.5 (40..90), row asleep 9.8..12.4% (5..30), max sleep 8.8 h (<=18)
  T9 N/A  checked by repeating the run and by tests/test_determinism.gd (compare the table sha256)
  T10 FAIL first settlement sol 304 (40..150), age_changes 3 (<=4), min gap between consecutive history entries 49 (>=20), history 4 entries (changes+1 = 4); report: sols_in_age landing 353 settlement 1147 council 0, age at end settlement, changes [sol 304 settled; sol 611 fell_back (cause ice); sol 660 settled_again], fall back causes [sol 611 ice], not-ok sols 93 (by group, a sol can fail several: ice 47, food 1, oxygen 1, power 20, death 11, unrest 32)
  T11 PASS (1) list lengths 1501/1501/1501/1501 ok; (2) lonely mean of last 50 readings 0.152 (max 0.35) ok; (3) friends_mean 3.56 (1.0..15.0) ok; (4) first_friendship_sol 129 ok; (5) lines_dropped (total) 0 ok; report: web 0.78 second 0.17 lonely 0.06 friends_mean 3.56 friends share of colony 0.209 (pop 18)
  T12 PASS (1) list lengths 1501/1501/1501 ok; (2) C2 ok; (3) council changes 0 (<=4) ok; (4) proposals 0 ok; (5) one Council line per boundary ok; report: first Council sol <null>, meetings 0, proposals [], pledge sol <null> reason -, lines {"circles_few":4}, dropped 0; council_min_seeds 3 pledge_min_seeds 1
RESULT FAIL (target 9 determinism: table sha256 690602639147d61f)
