Godot Engine v4.5.stable.official.876b29033 - https://godotengine.org

# station zero balance run: seed=2026 sols=1500 overrides=[colony.consumption.ice_stage_mult={ "baby": 0.3, "toddler": 0.5, "child": 0.75, "teen": 1.0, "adult": 1.0 }] fixed_step=0.05 data_hash=12fbb66f93456cb6
# deaths and births are cumulative; shorts, trips, energy, asleep, wait, min_* are for the 30-sol window
 sol  pop  min birth dead a/t/h/o/x           oxygen    food     ice   regol   dmnd   supp short bldg R/H/W/G/A/C  reach trips  avgE asleep%  waitH minIce  minO2 age web cn
  10    7    7     0 0/0/0/0/0                 385.9   296.2    70.5    80.4   13.0   14.0     0 1/1/1/1/0/0           2    10  56.6   10.7  177.8   66.5  261.5 L 1.00 -
  20    7    7     0 0/0/0/0/0                 550.0   420.0    67.9    56.9   14.0   28.0     0 2/2/1/1/0/0           2     8  53.8   11.6  150.7   64.8  386.0 L 1.00 -
  30    7    7     0 0/0/0/0/0                 550.0   420.0    68.1    53.5   16.0   28.0     0 2/2/1/1/0/0           2     8  53.9   10.7  129.2   65.0  548.1 L 1.00 -
  40    7    7     0 0/0/0/0/0                 550.0   420.0    55.2    83.1   16.0   28.0     0 2/2/1/1/0/0           2     7  54.2   11.1  235.8   55.2  549.0 L 1.00 -
  50    7    7     0 0/0/0/0/0                 550.0   420.0    59.1   103.0   16.0   28.0     0 2/2/1/1/0/0           2     8  51.6   10.3  241.3   54.4  548.4 L 1.00 -
  60    7    7     0 0/0/0/0/0                 550.0   420.0    66.4   120.7   16.0   28.0     0 2/2/1/1/0/0           2     8  57.6   10.8  246.6   55.9  549.0 L 1.00 -
  70    7    7     0 0/0/0/0/0                 550.0   420.0    66.6   134.0   16.0   28.0     0 2/2/1/1/0/0           2     6  57.5   10.8  243.8   59.1  549.0 L 1.00 -
  80    7    7     0 0/0/0/0/0                 550.0   420.0    73.9   165.6   16.0   28.0     0 2/2/1/1/0/0           2    10  53.5   11.4  238.9   61.2  549.0 L 1.00 -
  90    7    7     0 0/0/0/0/0                 576.1   438.7    76.0   179.0   18.0   28.0     0 2/2/1/2/0/0           2     6  55.7   10.9  227.8   66.2  548.0 L 0.86 -
 100    7    7     0 0/0/0/0/0                 700.0   540.0    76.0   139.9   21.0   28.0     0 2/2/1/2/0/1           2     6  56.2   11.3  129.4   71.3  576.2 L 0.86 -
 110    7    7     0 0/0/0/0/0                 700.0   540.0    76.2   175.9   21.0   28.0     0 2/2/1/2/0/1           2    10  56.9   10.6    0.0   74.6  699.0 L 0.86 -
 120    7    7     0 0/0/0/0/0                 700.0   540.0    86.6   165.7   23.0   28.0     0 2/2/1/2/0/1           2    11  56.6   11.3   19.3   68.9  699.0 L 0.86 -
 130    7    7     0 0/0/0/0/0                 850.0   660.0    90.6   192.9   25.0   28.0     0 2/2/1/3/0/1           2     8  54.2   11.1   71.2   85.1  699.0 L 0.86 -
 140    7    7     0 0/0/0/0/0                 850.0   660.0    93.0   179.8   27.0   28.0     0 2/2/1/3/0/1           2    12  55.7   10.7   17.5   84.5  848.2 L 0.86 -
 150    7    7     0 0/0/0/0/0                 850.0   660.0    89.8   201.3   27.0   28.0     0 2/2/1/3/0/1           2     7  54.1   10.9  213.7   87.2  849.0 L 1.00 -
 160    7    7     0 0/0/0/0/0                 850.0   660.0    98.6   226.6   25.0   42.0     0 3/2/1/3/0/1           2     9  58.4   12.0   60.1   86.6  849.0 L 0.86 -
 170    7    7     0 0/0/0/0/0                 850.0   660.0    91.3   192.0   27.0   42.0     0 3/2/1/3/0/1           2     6  54.7    9.9  169.1   91.3  849.0 L 0.86 -
 180    7    7     0 0/0/0/0/0                 850.0   660.0    87.3    44.0   33.0   42.0     0 3/2/1/3/0/3           2     3  58.4   11.3  158.7   85.8  849.0 L 0.86 -
 190    7    7     0 0/0/0/0/0                 850.0   660.0    74.1    53.2   33.0   42.0     0 3/2/1/3/0/3           2     5  57.1   10.3  246.6   74.1  849.0 L 0.86 -
 200    7    7     0 0/0/0/0/0                 850.0   660.0    68.6    73.9   33.0   42.0     0 3/2/1/3/0/3           2     5  52.7   11.1  238.4   66.1  849.0 L 0.86 -
 210    7    7     0 0/0/0/0/0                 850.0   660.0    61.7    95.0   33.0   42.0     0 3/2/1/3/0/3           2     7  55.0    9.7  236.3   55.2  849.0 L 0.71 -
 220    7    7     0 0/0/0/0/0                 850.0   660.0    53.1   101.0   33.0   42.0     0 3/2/1/3/0/3           2     4  56.1   11.2  238.4   51.9  849.0 L 0.71 -
 230    7    7     0 0/0/0/0/0                 850.0   660.0    48.9   118.0   33.0   42.0     0 3/2/1/3/0/3           2     7  55.8   10.9  239.4   45.4  849.0 L 0.57 -
 240    7    7     0 0/0/0/0/0                 850.0   660.0    41.0    54.4   35.0   42.0     0 3/2/1/3/1/3           2     5  55.3   10.5  201.2   41.0  849.0 L 0.57 -
 250    7    7     0 0/0/0/0/0                1000.0   780.0    35.7    81.4   37.0   42.0     0 3/2/1/4/1/3           2     7  53.6   11.0  125.7   33.1  849.0 L 0.71 -
 260    7    7     0 0/0/0/0/0                1092.4   846.1    27.6    25.2   41.0   42.0     0 3/2/1/5/1/3           2     6  51.5    9.9  175.4   27.1  999.0 L 0.71 -
 270    7    7     0 0/0/0/0/0                1150.0   900.0    57.8    50.3   41.0   42.0     0 3/2/1/5/1/3           2    13  55.9   12.3   20.0   23.8 1092.8 L 0.71 -
 280    7    7     0 0/0/0/0/0                1000.0   780.0    61.7    14.9   43.0   42.0     1 3/2/1/4/1/3           2    11  56.7   10.4   99.8   54.6  999.0 L 0.71 -
 290   11    7     4 0/0/0/0/0                1150.0   900.0    50.7    18.7   41.0   56.0     0 4/2/1/5/1/3           2     3  56.0   10.3  203.2   50.7  999.0 L 0.82 -
 300   12   11     5 0/0/0/0/0                1150.0   900.0    45.9    54.1   41.0   56.0     0 4/2/1/5/1/3           2    11  57.9   10.1   55.0   41.5 1149.0 L 0.83 -
 310   12   12     5 0/0/0/0/0                1150.0   900.0    37.5    82.0   41.0   56.0     0 4/2/1/5/1/3           2    10  59.5   10.9   70.0   35.9 1149.0 L 0.83 -
 320   12   12     5 0/0/0/0/0                1150.0   900.0    48.0     9.5   44.0   56.0     0 4/3/1/5/1/3           2     9  58.8   10.6   78.0   36.1 1149.0 L 0.83 -
 330   12   12     5 0/0/0/0/0                1150.0   900.0    47.5    46.9   44.0   56.0     0 4/3/1/5/1/3           2    11  58.5   10.8   65.0   44.9 1149.0 S 0.92 -
 340   12   12     5 0/0/0/0/0                1150.0   900.0    45.7     5.7   46.0   56.0     0 4/3/1/5/1/3           2    11  58.1   10.6  144.3   40.9 1149.0 S 0.92 -
 350   12   12     5 0/0/0/0/0                1150.0   900.0    28.7    13.6   46.0   56.0     0 4/3/1/5/1/3           2     4  61.6   10.4  246.6   28.7 1149.0 S 0.92 -
 360   12   12     5 0/0/0/0/0                1150.0   900.0    23.8    23.6   46.0   56.0     0 4/3/1/5/1/3           2     5  59.8   10.6  246.6   20.7 1149.0 S 1.00 -
 370   12   12     5 0/0/0/0/0                1150.0   900.0    34.8    23.6   46.0   56.0     0 4/3/1/5/1/3           2     6  63.2   10.9  246.6   22.3 1149.0 S 1.00 -
 380   12   12     5 0/0/0/0/0                1150.0   900.0    29.0    31.6   46.0   56.0     0 4/3/1/5/1/3           2     5  61.9   10.6  236.1   26.9 1149.0 S 1.00 -
 390   12   12     5 0/0/0/0/0                1150.0   900.0    26.2    31.6   46.0   56.0     0 4/3/1/5/1/3           2     4  62.2   10.9  241.0   26.2 1149.0 S 1.00 -
 400   12   12     5 0/0/0/0/0                1150.0   900.0    16.5    37.5   46.0   56.0     0 4/3/1/5/1/3           2     5  60.6   10.1  241.3    8.4 1149.0 S 1.00 -
 410   12   12     5 0/0/0/0/0                1150.0   900.0    22.8    37.5   46.0   56.0     0 4/3/1/5/1/3           2     6  60.6   10.9  246.6   13.7 1149.0 S 1.00 -
 420   12   12     5 0/0/0/0/0                1150.0   900.0    26.5    43.7   46.0   56.0     0 4/3/1/5/1/3           2     5  61.6   10.9  246.6   19.2 1149.0 S 1.00 -
 430   12   12     5 0/0/0/0/0                1150.0   900.0    31.6    43.7   46.0   56.0     0 4/3/1/5/1/3           2     6  63.1   10.6  238.1   20.6 1149.0 S 1.00 -
 440   12   12     5 0/0/0/0/0                1150.0   900.0    22.6    56.5   46.0   56.0     0 4/3/1/5/1/3           2     5  60.8   10.7  246.6   22.6 1149.0 S 1.00 -
 450   12   12     5 0/0/0/0/0                1300.0  1020.0    41.3    71.1   48.0   56.0     0 4/3/1/6/1/3           2    11  59.8   10.7  130.3   15.9 1149.0 S 1.00 -
 460   12   12     5 0/0/0/0/0                1300.0  1020.0    31.6     4.4   50.0   56.0     0 4/3/1/6/1/3           2     8  59.1   10.6   91.1   26.8 1299.0 S 1.00 -
 470   12   12     5 0/0/0/0/0                1300.0  1020.0    35.4    21.9   50.0   56.0     0 4/3/1/6/2/3           2     8  58.6   11.3   78.6   29.7 1299.0 S 1.00 -
 480   12   12     5 0/0/0/0/0                1300.0  1020.0    29.1    60.2   50.0   56.0     0 4/3/1/6/2/3           2    10  60.1   10.2   35.0   29.1 1299.0 S 1.00 -
 490   12   12     5 0/0/0/0/0                1300.0  1020.0    33.4    81.9   50.0   56.0     0 4/3/1/6/2/3           2     7  60.6   10.7   40.0   28.3 1298.8 S 1.00 -
 500   12   12     5 0/0/0/0/0                1300.0  1020.0    30.4    13.2   52.0   56.0     0 4/3/1/6/2/3           2     8  58.5   10.5  149.4   24.1 1299.0 S 1.00 -
 510   12   12     5 0/0/0/0/0                1300.0  1020.0    33.7    26.2   52.0   56.0     0 4/3/1/6/2/3           2     7  60.1   10.7  246.4   23.1 1299.0 S 1.00 -
 520   12   12     5 0/0/0/0/0                1300.0  1020.0    18.0    32.5   52.0   56.0     0 4/3/1/6/2/3           2     3  60.1   10.4  240.4   18.0 1299.0 S 1.00 -
 530   12   12     5 0/0/0/0/0                1300.0  1020.0    23.0    32.5   52.0   56.0     0 4/3/1/6/2/3           2     6  59.4   10.4  229.3   13.5 1299.0 S 1.00 -
 540   12   12     5 0/0/0/0/0                1300.0  1020.0    45.5    32.5   52.0   56.0     0 4/3/1/6/2/3           2    10  59.3   11.4  246.6   20.6 1299.0 S 1.00 -
 550   12   12     5 0/0/0/0/0                1450.0  1140.0    44.3    71.5   54.0   56.0     0 4/3/1/7/2/3           2    10  58.4   10.4   93.5   39.2 1299.0 S 1.00 -
 560   12   12     5 0/0/0/0/0                1450.0  1140.0    35.0    11.8   56.0   56.0     0 4/3/1/7/2/3           2     7  59.8   10.8  133.4   32.4 1449.0 S 1.00 -
 570   12   12     5 0/0/0/0/0                1450.0  1140.0    20.2    19.1   56.0   56.0     0 4/3/1/7/2/3           2     3  60.1   10.7  229.2   20.2 1449.0 S 1.00 -
 580   12   12     5 0/0/0/0/0                1450.0  1140.0    39.5    43.2   54.0   70.0     0 5/3/1/7/2/3           2    13  59.8   10.2   87.9   15.2 1449.0 S 1.00 -
 590   14   12     7 0/0/0/0/0                1450.0  1140.0    41.4    77.7   54.0   70.0     0 5/3/1/7/2/3           2    10  60.3   10.5   50.0   31.2 1449.0 S 1.00 -
 600   16   14     9 0/0/0/0/0                1450.0  1140.0    49.2   106.1   54.0   70.0     0 5/3/1/7/2/3           2    14  58.9   10.4   40.0   37.7 1449.0 S 1.00 -
 610   17   16    10 0/0/0/0/0                1450.0  1140.0    40.4    13.8   56.0   70.0     0 5/3/1/7/2/3           2     5  61.0   11.0  160.1   37.7 1449.0 S 1.00 -
 620   17   17    10 0/0/0/0/0                1450.0  1140.0    15.8    30.1   56.0   70.0     0 5/3/1/7/2/3           2     5  62.1   10.4  240.4   15.8 1449.0 S 1.00 -
 630   17   17    10 0/0/0/0/0                1450.0  1140.0    11.8    30.1   56.0   70.0     0 5/3/1/7/2/3           2     3  61.9   10.7  246.6   11.8 1449.0 S 1.00 -
 640   16   16    10 0/1/0/0/0                1450.0  1140.0     3.9    30.1   56.0   70.0     0 5/3/1/7/2/3           2     4  60.8   10.6  231.0    0.0 1449.0 S 1.00 -
 650   14   14    10 0/3/0/0/0                1450.0  1140.0    13.8    37.1   57.0   70.0     0 5/4/1/7/2/3           2     9  61.4   10.5  138.8    0.0 1449.0 S 1.00 -
 660   14   14    10 0/3/0/0/0                1450.0  1140.0    29.8    44.2   57.0   70.0     0 5/4/1/7/2/3           2    10  59.2   10.8    0.0   13.4 1449.0 S 0.93 -
 670   14   14    10 0/3/0/0/0                1450.0  1140.0    39.7    50.9   57.0   70.0     0 5/4/1/7/2/3           2     8  61.3   10.4   15.0   28.2 1449.0 S 0.93 -
 680   14   14    10 0/3/0/0/0                1450.0  1140.0    41.9    86.8   57.0   70.0     0 5/4/1/7/2/3           2    11  57.8   10.8   50.0   37.5 1449.0 S 0.93 -
 690   14   14    10 0/3/0/0/0                1450.0  1140.0    27.6   118.3   57.0   70.0     0 5/4/1/7/2/3           2     6  60.1   10.2   55.0   23.2 1449.0 S 0.93 -
 700   14   14    10 0/3/0/0/0                1450.0  1140.0    39.6   122.6   57.0   70.0     0 5/4/1/7/2/3           2    11  58.2   10.8    0.0   22.2 1449.0 S 0.93 -
 710   14   14    10 0/3/0/0/0                1450.0  1140.0    42.5     6.6   60.0   70.0     0 5/5/1/7/2/3           2     5  61.2   11.2  155.4   37.9 1449.0 S 0.93 -
 720   14   14    10 0/3/0/0/0                1450.0  1140.0    39.5    44.7   60.0   70.0     0 5/5/1/7/2/3           2    10  58.4   10.3   70.0   39.5 1449.0 S 0.93 -
 730   14   14    10 0/3/0/0/0                1450.0  1140.0    51.7    69.9   60.0   70.0     0 5/5/1/7/2/3           2    12  57.3   10.5   15.0   38.3 1449.0 S 0.93 -
 740   14   14    10 0/3/0/0/0                1450.0  1140.0    48.6    82.6   60.0   70.0     0 5/5/1/7/2/3           2     7  60.8   10.7   30.0   43.9 1449.0 S 0.93 -
 750   14   14    10 0/3/0/0/0                1450.0  1140.0    40.0   107.6   60.0   70.0     0 5/5/1/7/2/3           2     9  60.0   10.4   40.0   40.0 1449.0 S 0.93 -
 760   14   14    10 0/3/0/0/0                1450.0  1140.0    41.7    14.3   62.0   70.0     0 5/5/1/7/2/3           2     7  58.0   10.9   73.3   39.0 1449.0 S 0.93 -
 770   14   14    10 0/3/0/0/0                1600.0  1260.0    36.6    41.1   64.0   70.0     0 5/5/1/8/2/3           2    12  58.5   10.4   55.2   27.3 1449.0 S 0.93 -
 780   14   14    10 0/3/0/0/0                1600.0  1260.0    33.9    60.8   64.0   70.0     0 5/5/1/8/2/3           2     8  57.7   10.5   65.0   33.3 1599.0 S 0.93 -
 790   14   14    10 0/3/0/0/0                1600.0  1260.0    19.0    93.5   64.0   70.0     0 5/5/1/8/2/3           2     6  59.9   10.8   65.0   19.0 1599.0 S 0.93 -
 800   14   14    10 0/3/0/0/0                1600.0  1260.0    41.6   100.5   64.0   70.0     0 5/5/1/8/2/3           2     9  61.5   10.6   30.0   18.5 1599.0 S 1.00 -
 810   14   14    10 0/3/0/0/0                1600.0  1260.0    36.1     2.9   66.0   70.0     0 5/5/1/8/2/3           2    10  58.9   10.2   49.4   35.4 1599.0 S 1.00 -
 820   14   14    10 0/3/0/0/0                1600.0  1260.0    16.2    21.7   66.0   70.0     0 5/5/1/8/2/3           2     3  58.9   10.9  210.6   16.2 1599.0 S 1.00 -
 830   14   14    10 0/3/0/0/0                1600.0  1260.0    11.7    21.7   68.0   70.0     0 5/5/2/8/2/3           2     4  61.2   10.5  156.9    5.6 1599.0 S 1.00 -
 840   14   14    10 0/3/0/0/0                1600.0  1260.0    38.3    28.0   68.0   70.0     0 5/5/2/8/2/3           2    11  58.2   10.1   60.0    8.8 1599.0 S 1.00 -
 850   14   14    10 0/3/0/0/0                1600.0  1260.0    37.8    66.7   68.0   70.0     0 5/5/2/8/2/3           2    10  59.3   11.1   70.0   30.5 1599.0 S 1.00 -
 860   14   14    10 0/3/0/0/0                1600.0  1260.0    29.7   105.0   68.0   70.0     0 5/5/2/8/2/3           2    12  58.9   10.1   45.0   29.7 1599.0 S 1.00 -
 870   14   14    10 0/3/0/0/0                1600.0  1260.0    32.9   121.0   68.0   70.0     0 5/5/2/8/2/3           2     7  58.8   10.9   20.0   26.0 1599.0 S 1.00 -
 880   14   14    10 0/3/0/0/0                1600.0  1260.0    22.7     3.0   70.0   70.0     0 5/5/2/8/2/3           2     3  61.2   10.5  189.7   18.3 1599.0 S 1.00 -
 890   14   14    10 0/3/0/0/0                1600.0  1260.0    15.6     3.0   70.0   70.0     0 5/5/2/8/2/3           2     4  59.0   10.6  230.2   15.6 1599.0 S 1.00 -
 900   14   14    10 0/3/0/0/0                1600.0  1260.0    16.4     3.0   70.0   70.0     0 5/5/2/8/2/3           2     5  61.3   10.6  243.1    7.8 1599.0 S 1.00 -
 910   15   14    11 0/3/0/0/0                1600.0  1260.0     7.5     3.0   70.0   70.0     0 5/5/2/8/2/3           2     2  62.5   10.5  240.4    5.4 1599.0 S 1.00 -
 920   11   10    14 0/10/0/0/0               1600.0  1260.0     1.4     3.0   70.0   70.0     0 5/5/2/8/2/3           2     1  64.4   10.6  246.6    0.0 1599.0 S 1.00 -
 930    7    7    14 0/14/0/0/0               1600.0  1260.0    25.2     3.0   68.0   84.0     0 6/5/2/8/2/3           2     8  56.2   10.7   35.3    0.0 1599.0 S 0.86 -
 940    8    7    15 0/14/0/0/0               1600.0  1260.0    40.4     3.0   68.0   84.0     0 6/5/2/8/2/3           2     5  59.5   10.2   25.0   22.9 1599.0 S 0.88 -
 950    8    8    15 0/14/0/0/0               1600.0  1260.0    34.3    22.6   68.0   84.0     0 6/5/2/8/2/3           2     4  61.6   10.1   65.0   34.3 1599.0 S 0.88 -
 960    8    8    15 0/14/0/0/0               1600.0  1260.0    41.0    49.0   68.0   84.0     0 6/5/2/8/2/3           2     8  56.4   10.6   70.0   28.8 1599.0 S 1.00 -
 970    8    8    15 0/14/0/0/0               1600.0  1260.0    30.7    64.2   68.0   84.0     0 6/5/2/8/2/3           2     3  60.6   11.0   55.0   30.7 1599.0 S 1.00 -
 980    8    8    15 0/14/0/0/0               1600.0  1260.0    53.4    64.2   68.0   84.0     0 6/5/2/8/2/3           2     8  59.5   10.5   35.0   28.9 1599.0 S 1.00 -
 990    8    8    15 0/14/0/0/0               1600.0  1260.0    41.3    87.1   68.0   84.0     0 6/5/2/8/2/3           2     7  56.8   10.3   70.0   41.3 1599.0 S 1.00 -
1000    8    8    15 0/14/0/0/0               1600.0  1260.0    44.2    93.5   68.0   84.0     0 6/5/2/8/2/3           2     5  58.2   10.8   40.0   36.2 1599.0 S 1.00 -
1010    8    8    15 0/14/0/0/0               1600.0  1260.0    61.9   106.7   68.0   84.0     0 6/5/2/8/2/3           2     7  58.8   10.8   35.0   43.9 1599.0 S 1.00 -
1020    8    8    15 0/14/0/0/0               1600.0  1260.0    54.8    11.9   70.0   84.0     0 6/5/2/8/2/3           2     7  59.0   10.7  102.9   53.1 1599.0 S 1.00 -
1030    8    8    15 0/14/0/0/0               1600.0  1260.0    41.0    16.9   70.0   84.0     0 6/5/2/8/2/3           2     1  60.8   10.1  237.5   41.0 1599.0 S 1.00 -
1040    8    8    15 0/14/0/0/0               1600.0  1260.0    32.4    23.9   70.0   84.0     0 6/5/2/8/2/3           2     2  60.9   10.6  246.6   28.8 1599.0 S 1.00 -
1050    8    8    15 0/14/0/0/0               1600.0  1260.0    24.0    36.5   70.0   84.0     0 6/5/2/8/2/3           2     3  60.5   10.9  246.6   24.0 1599.0 S 1.00 -
1060    8    8    15 0/14/0/0/0               1600.0  1260.0    24.0    36.5   70.0   84.0     0 6/5/2/8/2/3           2     4  61.7   10.6  246.0   20.0 1599.0 S 1.00 -
1070    8    8    15 0/14/0/0/0               1600.0  1260.0    13.7    36.5   70.0   84.0     0 6/5/2/8/2/3           2     0  62.7   10.4  240.1   13.7 1599.0 S 1.00 -
1080    8    8    15 0/14/0/0/0               1600.0  1260.0     7.3    36.5   70.0   84.0     0 6/5/2/8/2/3           2     2  59.2   10.7  231.4    2.6 1599.0 S 1.00 -
1090    7    7    15 0/15/0/0/0               1600.0  1260.0     7.0    36.5   70.0   84.0     0 6/5/2/8/2/3           2     2  59.5   10.6  241.5    0.0 1599.0 S 1.00 -
1100    7    7    15 0/15/0/0/0               1600.0  1260.0     7.9    36.5   70.0   84.0     0 6/5/2/8/2/3           2     3  62.3   11.1  246.6    5.6 1599.0 S 1.00 -
1110    7    7    15 0/15/0/0/0               1600.0  1260.0     7.0    36.5   70.0   84.0     0 6/5/2/8/2/3           2     2  64.2   10.8  246.6    4.4 1599.0 S 1.00 -
1120    7    7    15 0/15/0/0/0               1750.0  1380.0     6.8    36.5   72.0   84.0     0 6/5/2/9/2/3           2     2  60.4   10.8  214.7    6.0 1599.0 S 1.00 -
1130    7    7    15 0/15/0/0/0               1750.0  1380.0    21.1    36.5   72.0   84.0     0 6/5/2/9/2/3           2     5  60.7   10.0   15.0    5.1 1749.0 S 1.00 -
1140    7    7    15 0/15/0/0/0               1750.0  1380.0    36.7    36.5   72.0   84.0     0 6/5/2/9/2/3           2     7  58.6   10.8   10.0   20.2 1749.0 S 1.00 -
1150    7    7    15 0/15/0/0/0               1750.0  1380.0    32.7    58.1   72.0   84.0     0 6/5/2/9/2/3           2     5  58.4   10.9   55.0   32.7 1749.0 S 1.00 -
1160    7    7    15 0/15/0/0/0               1750.0  1380.0    25.9    72.2   72.0   84.0     0 6/5/2/9/2/3           2     3  61.2   10.7   30.0   23.9 1749.0 S 1.00 -
1170    7    7    15 0/15/0/0/0               1750.0  1380.0    43.1    72.2   72.0   84.0     0 6/5/2/9/2/3           2     4  62.7   11.1   25.0   25.4 1749.0 S 1.00 -
1180    7    7    15 0/15/0/0/0               1750.0  1380.0    51.7    77.0   72.0   84.0     0 6/5/2/9/2/3           2     4  60.5   11.0   30.0   42.0 1749.0 S 1.00 -
1190    7    7    15 0/15/0/0/0               1750.0  1380.0    56.0    86.5   72.0   84.0     0 6/5/2/9/2/3           2     5  58.2    9.5   35.0   50.6 1749.0 S 0.86 -
1200    9    7    17 0/15/0/0/0               1750.0  1380.0    52.9    96.4   72.0   84.0     0 6/5/2/9/2/3           2     4  61.2   10.9   60.0   47.6 1749.0 S 1.00 -
1210    9    9    17 0/15/0/0/0               1750.0  1380.0    40.1   129.7   72.0   84.0     0 6/5/2/9/2/3           2     4  60.6   10.4   60.0   40.1 1749.0 S 1.00 -
1220    9    9    17 0/15/0/0/0               1750.0  1380.0    30.8     3.7   74.0   84.0     0 6/5/2/9/2/3           2     1  63.1   10.4  229.9   27.7 1749.0 S 1.00 -
1230    9    9    17 0/15/0/0/0               1750.0  1380.0    23.0     3.7   74.0   84.0     0 6/5/2/9/2/3           2     1  59.5   10.6  240.2   19.0 1749.0 S 1.00 -
1240    9    9    17 0/15/0/0/0               1750.0  1380.0    13.0    10.0   74.0   84.0     0 6/5/2/9/2/3           2     2  61.2   10.2  246.6   13.0 1749.0 S 1.00 -
1250    9    9    17 0/15/0/0/0               1750.0  1380.0     9.3    10.0   74.0   84.0     0 6/5/2/9/2/3           2     2  63.9   10.8  246.6    6.3 1749.0 S 1.00 -
1260    9    9    17 0/15/0/0/0               1750.0  1380.0     0.1    10.0   74.0   84.0     0 6/5/2/9/2/3           2     3  62.1   10.4  246.6    0.1 1749.0 S 1.00 -
1270    8    8    17 0/16/0/0/0               1750.0  1380.0     5.0    10.0   74.0   84.0     0 6/5/2/9/2/3           2     2  61.0   10.8  246.6    0.0 1749.0 S 1.00 -
1280    8    8    17 0/16/0/0/0               1750.0  1380.0     0.6    10.0   74.0   84.0     0 6/5/2/9/2/3           2     3  63.4   10.4  246.6    0.6 1749.0 S 1.00 -
1290    8    8    17 0/16/0/0/0               1750.0  1380.0    12.1    10.0   74.0   84.0     0 6/5/2/9/2/3           2     3  63.1   11.0  246.6    0.2 1749.0 L 1.00 -
1300    8    8    17 0/16/0/0/0               1750.0  1380.0     4.1    10.0   74.0   84.0     0 6/5/2/9/2/3           2     1  60.6   10.7  242.7    2.6 1749.0 L 1.00 -
1310    1    1    17 0/23/0/0/0               1750.0  1380.0     0.0    10.0   74.0   84.0     0 6/5/2/9/2/3           2     1  60.4   10.6  246.6    0.0 1749.0 L 1.00 -
1320    0    0    17 0/24/0/0/0               1750.0  1380.0     0.0    10.0   74.0   84.0     0 6/5/2/9/2/3           2     0  82.9    0.0  246.6    0.0 1750.0 L 0.00 -
1330    0    0    17 0/24/0/0/0               1750.0  1380.0     0.0    10.0   74.0   84.0     0 6/5/2/9/2/3           2     0   0.0    0.0  246.6    0.0 1750.0 L 0.00 -
1340    0    0    17 0/24/0/0/0               1750.0  1380.0     0.0    10.0   74.0   84.0     0 6/5/2/9/2/3           2     0   0.0    0.0  246.6    0.0 1750.0 L 0.00 -
1350    0    0    17 0/24/0/0/0               1750.0  1380.0     0.0    10.0   74.0   84.0     0 6/5/2/9/2/3           2     0   0.0    0.0  246.6    0.0 1750.0 L 0.00 -
1360    0    0    17 0/24/0/0/0               1750.0  1380.0     0.0    10.0   74.0   84.0     0 6/5/2/9/2/3           2     0   0.0    0.0  246.6    0.0 1750.0 L 0.00 -
1370    0    0    17 0/24/0/0/0               1750.0  1380.0     0.0    10.0   74.0   84.0     0 6/5/2/9/2/3           2     0   0.0    0.0  246.6    0.0 1750.0 L 0.00 -
1380    0    0    17 0/24/0/0/0               1750.0  1380.0     0.0    10.0   74.0   84.0     0 6/5/2/9/2/3           2     0   0.0    0.0  246.6    0.0 1750.0 L 0.00 -
1390    0    0    17 0/24/0/0/0               1750.0  1380.0     0.0    10.0   74.0   84.0     0 6/5/2/9/2/3           2     0   0.0    0.0  246.6    0.0 1750.0 L 0.00 -
1400    0    0    17 0/24/0/0/0               1750.0  1380.0     0.0    10.0   74.0   84.0     0 6/5/2/9/2/3           2     0   0.0    0.0  246.6    0.0 1750.0 L 0.00 -
1410    0    0    17 0/24/0/0/0               1750.0  1380.0     0.0    10.0   74.0   84.0     0 6/5/2/9/2/3           2     0   0.0    0.0  246.6    0.0 1750.0 L 0.00 -
1420    0    0    17 0/24/0/0/0               1750.0  1380.0     0.0    10.0   74.0   84.0     0 6/5/2/9/2/3           2     0   0.0    0.0  246.6    0.0 1750.0 L 0.00 -
1430    0    0    17 0/24/0/0/0               1750.0  1380.0     0.0    10.0   74.0   84.0     0 6/5/2/9/2/3           2     0   0.0    0.0  246.6    0.0 1750.0 L 0.00 -
1440    0    0    17 0/24/0/0/0               1750.0  1380.0     0.0    10.0   74.0   84.0     0 6/5/2/9/2/3           2     0   0.0    0.0  246.6    0.0 1750.0 L 0.00 -
1450    0    0    17 0/24/0/0/0               1750.0  1380.0     0.0    10.0   74.0   84.0     0 6/5/2/9/2/3           2     0   0.0    0.0  246.6    0.0 1750.0 L 0.00 -
1460    0    0    17 0/24/0/0/0               1750.0  1380.0     0.0    10.0   74.0   84.0     0 6/5/2/9/2/3           2     0   0.0    0.0  246.6    0.0 1750.0 L 0.00 -
1470    0    0    17 0/24/0/0/0               1750.0  1380.0     0.0    10.0   74.0   84.0     0 6/5/2/9/2/3           2     0   0.0    0.0  246.6    0.0 1750.0 L 0.00 -
1480    0    0    17 0/24/0/0/0               1750.0  1380.0     0.0    10.0   74.0   84.0     0 6/5/2/9/2/3           2     0   0.0    0.0  246.6    0.0 1750.0 L 0.00 -
1490    0    0    17 0/24/0/0/0               1750.0  1380.0     0.0    10.0   74.0   84.0     0 6/5/2/9/2/3           2     0   0.0    0.0  246.6    0.0 1750.0 L 0.00 -
1500    0    0    17 0/24/0/0/0               1750.0  1380.0     0.0    10.0   74.0   84.0     0 6/5/2/9/2/3           2     0   0.0    0.0  246.6    0.0 1750.0 L 0.00 -

targets for seed 2026 (1500 sols):
  T1 FAIL run min pop 0 (needs >= 5), final pop 0
  T2 PASS deaths 24 (air 0 thirst 24 hunger 0 eva 0 other 0), unexplained 0
  T3 PASS births 17, first_birth_sol 285, at_capacity 0, cooldown_violations 0, pop@30=7, pop@100=7, pop@300=12
  T4 PASS min O2 261.5, food 203.1; ice ran dry (pressure): min ice 0.0, ice>30 0.0, thirst deaths 24; max ice/target 0.88, regolith/target 0.87
  T5 FAIL demand>supply 0.69% of steps (<=10), max shorts/sol 1 (<=2), max offline 254.4 h (<=24.7), first new reactor sol 13 (<=15)
  T6 PASS limited 23597.3 h = 63.79% (>=2% provisional; 4 of 5 seeds), site busy 59.8%; waiting_regolith 2300.0 h, site_no_crew 21297.3 h
  T7 PASS turn_backs_air 0, exhausted 342, reachable>=2 at 100.0% of 1500 sol samples (>=95), trips 826
  T8 FAIL row avg energy 0.0..82.9 (40..90), row asleep 0.0..12.3% (5..30), max sleep 8.8 h (<=18)
  T9 N/A  checked by repeating the run and by tests/test_determinism.gd (compare the table sha256)
  T10 FAIL first settlement sol 325 (40..150), age_changes 2 (<=4), min gap between consecutive history entries 325 (>=20), history 3 entries (changes+1 = 3); report: sols_in_age landing 537 settlement 963 council 0, age at end landing, changes [sol 325 settled; sol 1288 fell_back (cause ice)], fall back causes [sol 1288 ice], not-ok sols 153 (by group, a sol can fail several: ice 61, food 1, oxygen 1, power 10, death 17, unrest 82)
  T11 FAIL (1) list lengths 1501/1501/1501/1501 ok; (2) lonely mean of last 50 readings 0.000 (max 0.35) ok; (3) friends_mean 0.00 (1.0..15.0) BAD; (4) first_friendship_sol 160 ok; (5) lines_dropped (total) 0 ok; report: web 0.00 second 0.00 lonely 0.00 friends_mean 0.00 friends share of colony 0.000 (pop 0)
  T12 PASS (1) list lengths 1501/1501/1501 ok; (2) C2 ok; (3) council changes 0 (<=4) ok; (4) proposals 0 ok; (5) one Council line per boundary ok; report: first Council sol <null>, meetings 0, proposals [], pledge sol <null> reason -, lines {"circles_few":2}, dropped 0; council_min_seeds 3 pledge_min_seeds 1
RESULT FAIL (target 9 determinism: table sha256 ee5a934f1d864d0e)
