Godot Engine v4.5.stable.official.876b29033 - https://godotengine.org

# station zero balance run: seed=7 sols=1500 overrides=[colony.consumption.ice_stage_mult={ "baby": 0.3, "toddler": 0.5, "child": 0.75, "teen": 1.0, "adult": 1.0 }] fixed_step=0.05 data_hash=12fbb66f93456cb6
# deaths and births are cumulative; shorts, trips, energy, asleep, wait, min_* are for the 30-sol window
 sol  pop  min birth dead a/t/h/o/x           oxygen    food     ice   regol   dmnd   supp short bldg R/H/W/G/A/C  reach trips  avgE asleep%  waitH minIce  minO2 age web cn
  10    7    7     0 0/0/0/0/0                 384.9   296.2    54.1   100.3   13.0   14.0     0 1/1/1/1/0/0           2     8  54.0    9.6  200.5   54.1  261.5 L 1.00 -
  20    7    7     0 0/0/0/0/0                 550.0   420.0    56.7    93.4   14.0   28.0     0 2/2/1/1/0/0           2    10  55.5   12.4   46.0   49.7  385.0 L 1.00 -
  30    7    7     0 0/0/0/0/0                 550.0   420.0    50.3    93.4   16.0   28.0     0 2/2/1/1/1/0           2    10  55.9   11.3   44.8   49.1  548.6 L 1.00 -
  40    7    7     0 0/0/0/0/0                 550.0   420.0    45.2    75.6   18.0   28.0     0 2/2/1/1/1/0           2     9  55.9   10.4  155.2   45.2  548.8 L 1.00 -
  50    7    7     0 0/0/0/0/0                 550.0   420.0    42.5    58.1   22.0   28.0     0 2/2/2/1/1/0           2     9  56.9   11.6   98.2   35.1  548.5 L 1.00 -
  60    7    7     0 0/0/0/0/0                 550.0   420.0    37.3    70.1   23.0   28.0     0 2/2/2/1/1/1           2     5  58.8   10.1   63.1   35.1  549.0 L 1.00 -
  70    7    7     0 0/0/0/0/0                 549.3   420.0    45.8    35.5   25.0   28.0     0 2/2/2/1/1/1           2     8  51.3   10.8  210.3   35.6  549.0 L 1.00 -
  80    7    7     0 0/0/0/0/0                 550.0   420.0    40.0    55.8   25.0   28.0     0 2/2/2/1/1/1           2     3  55.4   10.7  231.8   40.0  549.0 L 1.00 -
  90    7    7     0 0/0/0/0/0                 550.0   420.0    38.7    76.7   25.0   28.0     0 2/2/2/1/1/1           2     5  56.3   10.8  230.0   38.4  549.0 L 1.00 -
 100    7    7     0 0/0/0/0/0                 550.0   420.0    42.4    27.0   25.0   42.0     0 3/2/2/1/2/1           2     6  51.1   10.6  189.8   30.9  548.2 L 1.00 -
 110    7    7     0 0/0/0/0/0                 550.0   420.0    37.0    41.7   25.0   42.0     0 3/2/2/1/2/1           2     4  59.4   11.0   45.0   31.6  549.0 L 1.00 -
 120    7    7     0 0/0/0/0/0                 550.0   420.0    49.5    59.5   25.0   42.0     0 3/2/2/1/2/1           2     9  53.3    9.5   65.0   36.1  549.0 L 1.00 -
 130    7    7     0 0/0/0/0/0                 550.0   420.0    49.1    19.4   27.0   42.0     0 3/2/2/1/2/1           2     8  52.6   11.4   84.5   45.8  549.0 L 1.00 -
 140    7    7     0 0/0/0/0/0                 700.0   540.0    59.0    61.8   29.0   42.0     0 3/2/2/2/2/1           2     9  53.4   10.3  107.2   42.6  548.7 L 0.86 -
 150    7    7     0 0/0/0/0/0                 700.0   540.0    60.2    38.9   31.0   42.0     0 3/2/2/2/2/1           2     9  50.3   10.5  174.7   53.9  698.4 L 0.86 -
 160    7    7     0 0/0/0/0/0                 709.2   546.6    52.5    44.3   33.0   42.0     0 3/2/2/3/2/1           2     3  52.6   10.6  224.5   47.6  699.0 L 0.86 -
 170    7    7     0 0/0/0/0/0                 850.0   660.0    74.5    81.3   33.0   42.0     0 3/2/2/3/2/1           2    14  51.8   10.7   60.0   47.8  709.4 L 0.71 -
 180    7    7     0 0/0/0/0/0                 850.0   660.0    63.2    56.7   35.0   42.0     0 3/2/2/3/2/1           2     6  58.0   11.2   80.1   63.2  849.0 L 0.71 -
 190    7    7     0 0/0/0/0/0                 850.0   660.0    67.8    56.7   37.0   42.0     0 3/2/3/3/2/1           2     6  53.4   10.2  124.4   50.9  849.0 L 0.71 -
 200    7    7     0 0/0/0/0/0                 850.0   660.0    58.6    37.9   39.0   42.0     0 3/2/3/3/2/1           2     8  57.9   12.0  142.5   58.6  849.0 L 0.71 -
 210    7    7     0 0/0/0/0/0                 850.0   660.0    58.7    37.9   40.0   42.0     0 3/3/3/3/2/1           2     4  52.1    9.9   35.0   48.4  849.0 L 0.71 -
 220    7    7     0 0/0/0/0/0                 850.0   660.0    67.1     1.4   42.0   42.0     0 3/3/3/3/2/1           2    11  53.9   11.1   54.2   55.8  849.0 L 0.57 -
 230    7    7     0 0/0/0/0/0                 850.0   660.0    60.4    56.2   40.0   56.0     0 4/3/3/3/2/1           2    10  56.3   11.9   27.7   59.4  849.0 L 0.57 -
 240    7    7     0 0/0/0/0/0                 850.0   660.0    79.7    18.3   42.0   56.0     0 4/3/3/3/2/1           2    14  52.7   10.3   68.4   59.8  849.0 L 0.57 -
 250    7    7     0 0/0/0/0/0                 850.0   660.0    65.1    42.8   42.0   56.0     0 4/3/3/3/2/1           2     4  52.7   10.5  245.4   65.1  849.0 L 0.57 -
 260    7    7     0 0/0/0/0/0                 850.0   660.0    54.3    52.2   42.0   56.0     0 4/3/3/3/2/1           2     2  55.0   10.6  246.5   51.0  849.0 L 0.57 -
 270    7    7     0 0/0/0/0/0                 850.0   660.0    44.5    70.5   42.0   56.0     0 4/3/3/3/2/1           2     4  48.4    9.5  235.3   41.9  849.0 L 0.57 -
 280    7    7     0 0/0/0/0/0                 850.0   660.0    31.0    70.5   42.0   56.0     0 4/3/3/3/2/1           2     1  54.1   10.4  246.6   31.0  849.0 L 0.57 -
 290    9    7     2 0/0/0/0/0                 850.0   660.0    15.5    70.5   42.0   56.0     0 4/3/3/3/2/1           2     1  54.1   11.0  240.7   15.5  849.0 L 0.67 -
 300   12    9     5 0/0/0/0/0                 850.0   660.0     2.5    70.5   42.0   56.0     0 4/3/3/3/2/1           2     2  54.8    9.7  237.0    2.5  849.0 L 0.92 -
 310    6    6     5 0/6/0/0/0                 850.0   660.0     2.9    70.5   42.0   56.0     0 4/3/3/3/2/1           2     2  57.5   10.5  239.1    0.0  849.0 L 0.83 -
 320    0    0     5 0/12/0/0/0                850.0   660.0     0.0    70.5   42.0   56.0     0 4/3/3/3/2/1           2     0  60.7   10.8  246.6    0.0  850.0 L 0.00 -
 330    0    0     5 0/12/0/0/0                850.0   660.0     0.0    70.5   42.0   56.0     0 4/3/3/3/2/1           2     0   0.0    0.0  246.6    0.0  850.0 L 0.00 -
 340    0    0     5 0/12/0/0/0                850.0   660.0     0.0    70.5   42.0   56.0     0 4/3/3/3/2/1           2     0   0.0    0.0  246.6    0.0  850.0 L 0.00 -
 350    0    0     5 0/12/0/0/0                850.0   660.0     0.0    70.5   42.0   56.0     0 4/3/3/3/2/1           2     0   0.0    0.0  246.6    0.0  850.0 L 0.00 -
 360    0    0     5 0/12/0/0/0                850.0   660.0     0.0    70.5   42.0   56.0     0 4/3/3/3/2/1           2     0   0.0    0.0  246.6    0.0  850.0 L 0.00 -
 370    0    0     5 0/12/0/0/0                850.0   660.0     0.0    70.5   42.0   56.0     0 4/3/3/3/2/1           2     0   0.0    0.0  246.6    0.0  850.0 L 0.00 -
 380    0    0     5 0/12/0/0/0                850.0   660.0     0.0    70.5   42.0   56.0     0 4/3/3/3/2/1           2     0   0.0    0.0  246.6    0.0  850.0 L 0.00 -
 390    0    0     5 0/12/0/0/0                850.0   660.0     0.0    70.5   42.0   56.0     0 4/3/3/3/2/1           2     0   0.0    0.0  246.6    0.0  850.0 L 0.00 -
 400    0    0     5 0/12/0/0/0                850.0   660.0     0.0    70.5   42.0   56.0     0 4/3/3/3/2/1           2     0   0.0    0.0  246.6    0.0  850.0 L 0.00 -
 410    0    0     5 0/12/0/0/0                850.0   660.0     0.0    70.5   42.0   56.0     0 4/3/3/3/2/1           2     0   0.0    0.0  246.6    0.0  850.0 L 0.00 -
 420    0    0     5 0/12/0/0/0                850.0   660.0     0.0    70.5   42.0   56.0     0 4/3/3/3/2/1           2     0   0.0    0.0  246.6    0.0  850.0 L 0.00 -
 430    0    0     5 0/12/0/0/0                850.0   660.0     0.0    70.5   42.0   56.0     0 4/3/3/3/2/1           2     0   0.0    0.0  246.6    0.0  850.0 L 0.00 -
 440    0    0     5 0/12/0/0/0                850.0   660.0     0.0    70.5   42.0   56.0     0 4/3/3/3/2/1           2     0   0.0    0.0  246.6    0.0  850.0 L 0.00 -
 450    0    0     5 0/12/0/0/0                850.0   660.0     0.0    70.5   42.0   56.0     0 4/3/3/3/2/1           2     0   0.0    0.0  246.6    0.0  850.0 L 0.00 -
 460    0    0     5 0/12/0/0/0                850.0   660.0     0.0    70.5   42.0   56.0     0 4/3/3/3/2/1           2     0   0.0    0.0  246.6    0.0  850.0 L 0.00 -
 470    0    0     5 0/12/0/0/0                850.0   660.0     0.0    70.5   42.0   56.0     0 4/3/3/3/2/1           2     0   0.0    0.0  246.6    0.0  850.0 L 0.00 -
 480    0    0     5 0/12/0/0/0                850.0   660.0     0.0    70.5   42.0   56.0     0 4/3/3/3/2/1           2     0   0.0    0.0  246.6    0.0  850.0 L 0.00 -
 490    0    0     5 0/12/0/0/0                850.0   660.0     0.0    70.5   42.0   56.0     0 4/3/3/3/2/1           2     0   0.0    0.0  246.6    0.0  850.0 L 0.00 -
 500    0    0     5 0/12/0/0/0                850.0   660.0     0.0    70.5   42.0   56.0     0 4/3/3/3/2/1           2     0   0.0    0.0  246.6    0.0  850.0 L 0.00 -
 510    0    0     5 0/12/0/0/0                850.0   660.0     0.0    70.5   42.0   56.0     0 4/3/3/3/2/1           2     0   0.0    0.0  246.6    0.0  850.0 L 0.00 -
 520    0    0     5 0/12/0/0/0                850.0   660.0     0.0    70.5   42.0   56.0     0 4/3/3/3/2/1           2     0   0.0    0.0  246.6    0.0  850.0 L 0.00 -
 530    0    0     5 0/12/0/0/0                850.0   660.0     0.0    70.5   42.0   56.0     0 4/3/3/3/2/1           2     0   0.0    0.0  246.6    0.0  850.0 L 0.00 -
 540    0    0     5 0/12/0/0/0                850.0   660.0     0.0    70.5   42.0   56.0     0 4/3/3/3/2/1           2     0   0.0    0.0  246.6    0.0  850.0 L 0.00 -
 550    0    0     5 0/12/0/0/0                850.0   660.0     0.0    70.5   42.0   56.0     0 4/3/3/3/2/1           2     0   0.0    0.0  246.6    0.0  850.0 L 0.00 -
 560    0    0     5 0/12/0/0/0                850.0   660.0     0.0    70.5   42.0   56.0     0 4/3/3/3/2/1           2     0   0.0    0.0  246.6    0.0  850.0 L 0.00 -
 570    0    0     5 0/12/0/0/0                850.0   660.0     0.0    70.5   42.0   56.0     0 4/3/3/3/2/1           2     0   0.0    0.0  246.6    0.0  850.0 L 0.00 -
 580    0    0     5 0/12/0/0/0                850.0   660.0     0.0    70.5   42.0   56.0     0 4/3/3/3/2/1           2     0   0.0    0.0  246.6    0.0  850.0 L 0.00 -
 590    0    0     5 0/12/0/0/0                850.0   660.0     0.0    70.5   42.0   56.0     0 4/3/3/3/2/1           2     0   0.0    0.0  246.6    0.0  850.0 L 0.00 -
 600    0    0     5 0/12/0/0/0                850.0   660.0     0.0    70.5   42.0   56.0     0 4/3/3/3/2/1           2     0   0.0    0.0  246.6    0.0  850.0 L 0.00 -
 610    0    0     5 0/12/0/0/0                850.0   660.0     0.0    70.5   42.0   56.0     0 4/3/3/3/2/1           2     0   0.0    0.0  246.6    0.0  850.0 L 0.00 -
 620    0    0     5 0/12/0/0/0                850.0   660.0     0.0    70.5   42.0   56.0     0 4/3/3/3/2/1           2     0   0.0    0.0  246.6    0.0  850.0 L 0.00 -
 630    0    0     5 0/12/0/0/0                850.0   660.0     0.0    70.5   42.0   56.0     0 4/3/3/3/2/1           2     0   0.0    0.0  246.6    0.0  850.0 L 0.00 -
 640    0    0     5 0/12/0/0/0                850.0   660.0     0.0    70.5   42.0   56.0     0 4/3/3/3/2/1           2     0   0.0    0.0  246.6    0.0  850.0 L 0.00 -
 650    0    0     5 0/12/0/0/0                850.0   660.0     0.0    70.5   42.0   56.0     0 4/3/3/3/2/1           2     0   0.0    0.0  246.6    0.0  850.0 L 0.00 -
 660    0    0     5 0/12/0/0/0                850.0   660.0     0.0    70.5   42.0   56.0     0 4/3/3/3/2/1           2     0   0.0    0.0  246.6    0.0  850.0 L 0.00 -
 670    0    0     5 0/12/0/0/0                850.0   660.0     0.0    70.5   42.0   56.0     0 4/3/3/3/2/1           2     0   0.0    0.0  246.6    0.0  850.0 L 0.00 -
 680    0    0     5 0/12/0/0/0                850.0   660.0     0.0    70.5   42.0   56.0     0 4/3/3/3/2/1           2     0   0.0    0.0  246.6    0.0  850.0 L 0.00 -
 690    0    0     5 0/12/0/0/0                850.0   660.0     0.0    70.5   42.0   56.0     0 4/3/3/3/2/1           2     0   0.0    0.0  246.6    0.0  850.0 L 0.00 -
 700    0    0     5 0/12/0/0/0                850.0   660.0     0.0    70.5   42.0   56.0     0 4/3/3/3/2/1           2     0   0.0    0.0  246.6    0.0  850.0 L 0.00 -
 710    0    0     5 0/12/0/0/0                850.0   660.0     0.0    70.5   42.0   56.0     0 4/3/3/3/2/1           2     0   0.0    0.0  246.6    0.0  850.0 L 0.00 -
 720    0    0     5 0/12/0/0/0                850.0   660.0     0.0    70.5   42.0   56.0     0 4/3/3/3/2/1           2     0   0.0    0.0  246.6    0.0  850.0 L 0.00 -
 730    0    0     5 0/12/0/0/0                850.0   660.0     0.0    70.5   42.0   56.0     0 4/3/3/3/2/1           2     0   0.0    0.0  246.6    0.0  850.0 L 0.00 -
 740    0    0     5 0/12/0/0/0                850.0   660.0     0.0    70.5   42.0   56.0     0 4/3/3/3/2/1           2     0   0.0    0.0  246.6    0.0  850.0 L 0.00 -
 750    0    0     5 0/12/0/0/0                850.0   660.0     0.0    70.5   42.0   56.0     0 4/3/3/3/2/1           2     0   0.0    0.0  246.6    0.0  850.0 L 0.00 -
 760    0    0     5 0/12/0/0/0                850.0   660.0     0.0    70.5   42.0   56.0     0 4/3/3/3/2/1           2     0   0.0    0.0  246.6    0.0  850.0 L 0.00 -
 770    0    0     5 0/12/0/0/0                850.0   660.0     0.0    70.5   42.0   56.0     0 4/3/3/3/2/1           2     0   0.0    0.0  246.6    0.0  850.0 L 0.00 -
 780    0    0     5 0/12/0/0/0                850.0   660.0     0.0    70.5   42.0   56.0     0 4/3/3/3/2/1           2     0   0.0    0.0  246.6    0.0  850.0 L 0.00 -
 790    0    0     5 0/12/0/0/0                850.0   660.0     0.0    70.5   42.0   56.0     0 4/3/3/3/2/1           2     0   0.0    0.0  246.6    0.0  850.0 L 0.00 -
 800    0    0     5 0/12/0/0/0                850.0   660.0     0.0    70.5   42.0   56.0     0 4/3/3/3/2/1           2     0   0.0    0.0  246.6    0.0  850.0 L 0.00 -
 810    0    0     5 0/12/0/0/0                850.0   660.0     0.0    70.5   42.0   56.0     0 4/3/3/3/2/1           2     0   0.0    0.0  246.6    0.0  850.0 L 0.00 -
 820    0    0     5 0/12/0/0/0                850.0   660.0     0.0    70.5   42.0   56.0     0 4/3/3/3/2/1           2     0   0.0    0.0  246.6    0.0  850.0 L 0.00 -
 830    0    0     5 0/12/0/0/0                850.0   660.0     0.0    70.5   42.0   56.0     0 4/3/3/3/2/1           2     0   0.0    0.0  246.6    0.0  850.0 L 0.00 -
 840    0    0     5 0/12/0/0/0                850.0   660.0     0.0    70.5   42.0   56.0     0 4/3/3/3/2/1           2     0   0.0    0.0  246.6    0.0  850.0 L 0.00 -
 850    0    0     5 0/12/0/0/0                850.0   660.0     0.0    70.5   42.0   56.0     0 4/3/3/3/2/1           2     0   0.0    0.0  246.6    0.0  850.0 L 0.00 -
 860    0    0     5 0/12/0/0/0                850.0   660.0     0.0    70.5   42.0   56.0     0 4/3/3/3/2/1           2     0   0.0    0.0  246.6    0.0  850.0 L 0.00 -
 870    0    0     5 0/12/0/0/0                850.0   660.0     0.0    70.5   42.0   56.0     0 4/3/3/3/2/1           2     0   0.0    0.0  246.6    0.0  850.0 L 0.00 -
 880    0    0     5 0/12/0/0/0                850.0   660.0     0.0    70.5   42.0   56.0     0 4/3/3/3/2/1           2     0   0.0    0.0  246.6    0.0  850.0 L 0.00 -
 890    0    0     5 0/12/0/0/0                850.0   660.0     0.0    70.5   42.0   56.0     0 4/3/3/3/2/1           2     0   0.0    0.0  246.6    0.0  850.0 L 0.00 -
 900    0    0     5 0/12/0/0/0                850.0   660.0     0.0    70.5   42.0   56.0     0 4/3/3/3/2/1           2     0   0.0    0.0  246.6    0.0  850.0 L 0.00 -
 910    0    0     5 0/12/0/0/0                850.0   660.0     0.0    70.5   42.0   56.0     0 4/3/3/3/2/1           2     0   0.0    0.0  246.6    0.0  850.0 L 0.00 -
 920    0    0     5 0/12/0/0/0                850.0   660.0     0.0    70.5   42.0   56.0     0 4/3/3/3/2/1           2     0   0.0    0.0  246.6    0.0  850.0 L 0.00 -
 930    0    0     5 0/12/0/0/0                850.0   660.0     0.0    70.5   42.0   56.0     0 4/3/3/3/2/1           2     0   0.0    0.0  246.6    0.0  850.0 L 0.00 -
 940    0    0     5 0/12/0/0/0                850.0   660.0     0.0    70.5   42.0   56.0     0 4/3/3/3/2/1           2     0   0.0    0.0  246.6    0.0  850.0 L 0.00 -
 950    0    0     5 0/12/0/0/0                850.0   660.0     0.0    70.5   42.0   56.0     0 4/3/3/3/2/1           2     0   0.0    0.0  246.6    0.0  850.0 L 0.00 -
 960    0    0     5 0/12/0/0/0                850.0   660.0     0.0    70.5   42.0   56.0     0 4/3/3/3/2/1           2     0   0.0    0.0  246.6    0.0  850.0 L 0.00 -
 970    0    0     5 0/12/0/0/0                850.0   660.0     0.0    70.5   42.0   56.0     0 4/3/3/3/2/1           2     0   0.0    0.0  246.6    0.0  850.0 L 0.00 -
 980    0    0     5 0/12/0/0/0                850.0   660.0     0.0    70.5   42.0   56.0     0 4/3/3/3/2/1           2     0   0.0    0.0  246.6    0.0  850.0 L 0.00 -
 990    0    0     5 0/12/0/0/0                850.0   660.0     0.0    70.5   42.0   56.0     0 4/3/3/3/2/1           2     0   0.0    0.0  246.6    0.0  850.0 L 0.00 -
1000    0    0     5 0/12/0/0/0                850.0   660.0     0.0    70.5   42.0   56.0     0 4/3/3/3/2/1           2     0   0.0    0.0  246.6    0.0  850.0 L 0.00 -
1010    0    0     5 0/12/0/0/0                850.0   660.0     0.0    70.5   42.0   56.0     0 4/3/3/3/2/1           2     0   0.0    0.0  246.6    0.0  850.0 L 0.00 -
1020    0    0     5 0/12/0/0/0                850.0   660.0     0.0    70.5   42.0   56.0     0 4/3/3/3/2/1           2     0   0.0    0.0  246.6    0.0  850.0 L 0.00 -
1030    0    0     5 0/12/0/0/0                850.0   660.0     0.0    70.5   42.0   56.0     0 4/3/3/3/2/1           2     0   0.0    0.0  246.6    0.0  850.0 L 0.00 -
1040    0    0     5 0/12/0/0/0                850.0   660.0     0.0    70.5   42.0   56.0     0 4/3/3/3/2/1           2     0   0.0    0.0  246.6    0.0  850.0 L 0.00 -
1050    0    0     5 0/12/0/0/0                850.0   660.0     0.0    70.5   42.0   56.0     0 4/3/3/3/2/1           2     0   0.0    0.0  246.6    0.0  850.0 L 0.00 -
1060    0    0     5 0/12/0/0/0                850.0   660.0     0.0    70.5   42.0   56.0     0 4/3/3/3/2/1           2     0   0.0    0.0  246.6    0.0  850.0 L 0.00 -
1070    0    0     5 0/12/0/0/0                850.0   660.0     0.0    70.5   42.0   56.0     0 4/3/3/3/2/1           2     0   0.0    0.0  246.6    0.0  850.0 L 0.00 -
1080    0    0     5 0/12/0/0/0                850.0   660.0     0.0    70.5   42.0   56.0     0 4/3/3/3/2/1           2     0   0.0    0.0  246.6    0.0  850.0 L 0.00 -
1090    0    0     5 0/12/0/0/0                850.0   660.0     0.0    70.5   42.0   56.0     0 4/3/3/3/2/1           2     0   0.0    0.0  246.6    0.0  850.0 L 0.00 -
1100    0    0     5 0/12/0/0/0                850.0   660.0     0.0    70.5   42.0   56.0     0 4/3/3/3/2/1           2     0   0.0    0.0  246.6    0.0  850.0 L 0.00 -
1110    0    0     5 0/12/0/0/0                850.0   660.0     0.0    70.5   42.0   56.0     0 4/3/3/3/2/1           2     0   0.0    0.0  246.6    0.0  850.0 L 0.00 -
1120    0    0     5 0/12/0/0/0                850.0   660.0     0.0    70.5   42.0   56.0     0 4/3/3/3/2/1           2     0   0.0    0.0  246.6    0.0  850.0 L 0.00 -
1130    0    0     5 0/12/0/0/0                850.0   660.0     0.0    70.5   42.0   56.0     0 4/3/3/3/2/1           2     0   0.0    0.0  246.6    0.0  850.0 L 0.00 -
1140    0    0     5 0/12/0/0/0                850.0   660.0     0.0    70.5   42.0   56.0     0 4/3/3/3/2/1           2     0   0.0    0.0  246.6    0.0  850.0 L 0.00 -
1150    0    0     5 0/12/0/0/0                850.0   660.0     0.0    70.5   42.0   56.0     0 4/3/3/3/2/1           2     0   0.0    0.0  246.6    0.0  850.0 L 0.00 -
1160    0    0     5 0/12/0/0/0                850.0   660.0     0.0    70.5   42.0   56.0     0 4/3/3/3/2/1           2     0   0.0    0.0  246.6    0.0  850.0 L 0.00 -
1170    0    0     5 0/12/0/0/0                850.0   660.0     0.0    70.5   42.0   56.0     0 4/3/3/3/2/1           2     0   0.0    0.0  246.6    0.0  850.0 L 0.00 -
1180    0    0     5 0/12/0/0/0                850.0   660.0     0.0    70.5   42.0   56.0     0 4/3/3/3/2/1           2     0   0.0    0.0  246.6    0.0  850.0 L 0.00 -
1190    0    0     5 0/12/0/0/0                850.0   660.0     0.0    70.5   42.0   56.0     0 4/3/3/3/2/1           2     0   0.0    0.0  246.6    0.0  850.0 L 0.00 -
1200    0    0     5 0/12/0/0/0                850.0   660.0     0.0    70.5   42.0   56.0     0 4/3/3/3/2/1           2     0   0.0    0.0  246.6    0.0  850.0 L 0.00 -
1210    0    0     5 0/12/0/0/0                850.0   660.0     0.0    70.5   42.0   56.0     0 4/3/3/3/2/1           2     0   0.0    0.0  246.6    0.0  850.0 L 0.00 -
1220    0    0     5 0/12/0/0/0                850.0   660.0     0.0    70.5   42.0   56.0     0 4/3/3/3/2/1           2     0   0.0    0.0  246.6    0.0  850.0 L 0.00 -
1230    0    0     5 0/12/0/0/0                850.0   660.0     0.0    70.5   42.0   56.0     0 4/3/3/3/2/1           2     0   0.0    0.0  246.6    0.0  850.0 L 0.00 -
1240    0    0     5 0/12/0/0/0                850.0   660.0     0.0    70.5   42.0   56.0     0 4/3/3/3/2/1           2     0   0.0    0.0  246.6    0.0  850.0 L 0.00 -
1250    0    0     5 0/12/0/0/0                850.0   660.0     0.0    70.5   42.0   56.0     0 4/3/3/3/2/1           2     0   0.0    0.0  246.6    0.0  850.0 L 0.00 -
1260    0    0     5 0/12/0/0/0                850.0   660.0     0.0    70.5   42.0   56.0     0 4/3/3/3/2/1           2     0   0.0    0.0  246.6    0.0  850.0 L 0.00 -
1270    0    0     5 0/12/0/0/0                850.0   660.0     0.0    70.5   42.0   56.0     0 4/3/3/3/2/1           2     0   0.0    0.0  246.6    0.0  850.0 L 0.00 -
1280    0    0     5 0/12/0/0/0                850.0   660.0     0.0    70.5   42.0   56.0     0 4/3/3/3/2/1           2     0   0.0    0.0  246.6    0.0  850.0 L 0.00 -
1290    0    0     5 0/12/0/0/0                850.0   660.0     0.0    70.5   42.0   56.0     0 4/3/3/3/2/1           2     0   0.0    0.0  246.6    0.0  850.0 L 0.00 -
1300    0    0     5 0/12/0/0/0                850.0   660.0     0.0    70.5   42.0   56.0     0 4/3/3/3/2/1           2     0   0.0    0.0  246.6    0.0  850.0 L 0.00 -
1310    0    0     5 0/12/0/0/0                850.0   660.0     0.0    70.5   42.0   56.0     0 4/3/3/3/2/1           2     0   0.0    0.0  246.6    0.0  850.0 L 0.00 -
1320    0    0     5 0/12/0/0/0                850.0   660.0     0.0    70.5   42.0   56.0     0 4/3/3/3/2/1           2     0   0.0    0.0  246.6    0.0  850.0 L 0.00 -
1330    0    0     5 0/12/0/0/0                850.0   660.0     0.0    70.5   42.0   56.0     0 4/3/3/3/2/1           2     0   0.0    0.0  246.6    0.0  850.0 L 0.00 -
1340    0    0     5 0/12/0/0/0                850.0   660.0     0.0    70.5   42.0   56.0     0 4/3/3/3/2/1           2     0   0.0    0.0  246.6    0.0  850.0 L 0.00 -
1350    0    0     5 0/12/0/0/0                850.0   660.0     0.0    70.5   42.0   56.0     0 4/3/3/3/2/1           2     0   0.0    0.0  246.6    0.0  850.0 L 0.00 -
1360    0    0     5 0/12/0/0/0                850.0   660.0     0.0    70.5   42.0   56.0     0 4/3/3/3/2/1           2     0   0.0    0.0  246.6    0.0  850.0 L 0.00 -
1370    0    0     5 0/12/0/0/0                850.0   660.0     0.0    70.5   42.0   56.0     0 4/3/3/3/2/1           2     0   0.0    0.0  246.6    0.0  850.0 L 0.00 -
1380    0    0     5 0/12/0/0/0                850.0   660.0     0.0    70.5   42.0   56.0     0 4/3/3/3/2/1           2     0   0.0    0.0  246.6    0.0  850.0 L 0.00 -
1390    0    0     5 0/12/0/0/0                850.0   660.0     0.0    70.5   42.0   56.0     0 4/3/3/3/2/1           2     0   0.0    0.0  246.6    0.0  850.0 L 0.00 -
1400    0    0     5 0/12/0/0/0                850.0   660.0     0.0    70.5   42.0   56.0     0 4/3/3/3/2/1           2     0   0.0    0.0  246.6    0.0  850.0 L 0.00 -
1410    0    0     5 0/12/0/0/0                850.0   660.0     0.0    70.5   42.0   56.0     0 4/3/3/3/2/1           2     0   0.0    0.0  246.6    0.0  850.0 L 0.00 -
1420    0    0     5 0/12/0/0/0                850.0   660.0     0.0    70.5   42.0   56.0     0 4/3/3/3/2/1           2     0   0.0    0.0  246.6    0.0  850.0 L 0.00 -
1430    0    0     5 0/12/0/0/0                850.0   660.0     0.0    70.5   42.0   56.0     0 4/3/3/3/2/1           2     0   0.0    0.0  246.6    0.0  850.0 L 0.00 -
1440    0    0     5 0/12/0/0/0                850.0   660.0     0.0    70.5   42.0   56.0     0 4/3/3/3/2/1           2     0   0.0    0.0  246.6    0.0  850.0 L 0.00 -
1450    0    0     5 0/12/0/0/0                850.0   660.0     0.0    70.5   42.0   56.0     0 4/3/3/3/2/1           2     0   0.0    0.0  246.6    0.0  850.0 L 0.00 -
1460    0    0     5 0/12/0/0/0                850.0   660.0     0.0    70.5   42.0   56.0     0 4/3/3/3/2/1           2     0   0.0    0.0  246.6    0.0  850.0 L 0.00 -
1470    0    0     5 0/12/0/0/0                850.0   660.0     0.0    70.5   42.0   56.0     0 4/3/3/3/2/1           2     0   0.0    0.0  246.6    0.0  850.0 L 0.00 -
1480    0    0     5 0/12/0/0/0                850.0   660.0     0.0    70.5   42.0   56.0     0 4/3/3/3/2/1           2     0   0.0    0.0  246.6    0.0  850.0 L 0.00 -
1490    0    0     5 0/12/0/0/0                850.0   660.0     0.0    70.5   42.0   56.0     0 4/3/3/3/2/1           2     0   0.0    0.0  246.6    0.0  850.0 L 0.00 -
1500    0    0     5 0/12/0/0/0                850.0   660.0     0.0    70.5   42.0   56.0     0 4/3/3/3/2/1           2     0   0.0    0.0  246.6    0.0  850.0 L 0.00 -

targets for seed 7 (1500 sols):
  T1 FAIL run min pop 0 (needs >= 5), final pop 0
  T2 PASS deaths 12 (air 0 thirst 12 hunger 0 eva 0 other 0), unexplained 0
  T3 PASS births 5, first_birth_sol 286, at_capacity 0, cooldown_violations 0, pop@30=7, pop@100=7, pop@300=12
  T4 PASS min O2 261.5, food 203.1; ice ran dry (pressure): min ice 0.0, ice>30 0.0, thirst deaths 12; max ice/target 0.68, regolith/target 0.56
  T5 PASS demand>supply 0.00% of steps (<=10), max shorts/sol 0 (<=2), max offline 0.0 h (<=24.7), first new reactor sol 10 (<=15)
  T6 PASS limited 33798.3 h = 91.37% (>=2% provisional; 4 of 5 seeds), site busy 91.7%; waiting_regolith 345.0 h, site_no_crew 33453.3 h
  T7 PASS turn_backs_air 0, exhausted 111, reachable>=2 at 100.0% of 1500 sol samples (>=95), trips 204
  T8 FAIL row avg energy 0.0..60.7 (40..90), row asleep 0.0..12.4% (5..30), max sleep 8.8 h (<=18)
  T9 N/A  checked by repeating the run and by tests/test_determinism.gd (compare the table sha256)
  T10 FAIL first settlement sol <null> (40..150), age_changes 0 (<=4), min gap between consecutive history entries - (>=20), history 1 entries (changes+1 = 1); report: sols_in_age landing 1500 settlement 0 council 0, age at end landing, changes [], fall back causes [none], not-ok sols 85 (by group, a sol can fail several: ice 15, food 1, oxygen 1, power 0, death 6, unrest 71)
  T11 FAIL (1) list lengths 1501/1501/1501/1501 ok; (2) lonely mean of last 50 readings 0.000 (max 0.35) ok; (3) friends_mean 0.00 (1.0..15.0) BAD; (4) first_friendship_sol 99 ok; (5) lines_dropped (total) 0 ok; report: web 0.00 second 0.00 lonely 0.00 friends_mean 0.00 friends share of colony 0.000 (pop 0)
  T12 PASS (1) list lengths 1501/1501/1501 ok; (2) C2 ok; (3) council changes 0 (<=4) ok; (4) proposals 0 ok; (5) one Council line per boundary ok; report: first Council sol <null>, meetings 0, proposals [], pledge sol <null> reason -, lines {}, dropped 0; council_min_seeds 3 pledge_min_seeds 1
RESULT FAIL (target 9 determinism: table sha256 3027fc6594a86cbd)
