Godot Engine v4.5.stable.official.876b29033 - https://godotengine.org

# station zero balance run: seed=1234 sols=1500 overrides=[resources.throughput.water_before_construction=true] fixed_step=0.05 data_hash=fa4e853f877611d0
# deaths and births are cumulative; shorts, trips, energy, asleep, wait, min_* are for the 30-sol window
 sol  pop  min birth dead a/t/h/o/x           oxygen    food     ice   regol   dmnd   supp short bldg R/H/W/G/A/C  reach trips  avgE asleep%  waitH minIce  minO2 age web cn
  10    7    7     0 0/0/0/0/0                 380.9   296.2    66.7    21.4   13.0   28.0     0 2/1/1/1/0/0           2    11  52.4    9.7  178.3   57.7  261.5 L 1.00 -
  20    7    7     0 0/0/0/0/0                 550.0   420.0    72.3     0.9   16.0   28.0     0 2/2/1/1/0/0           2     9  53.8   11.3   77.8   56.1  381.0 L 1.00 -
  30    7    7     0 0/0/0/0/0                 550.0   420.0    80.0    37.9   17.0   28.0     0 2/3/1/1/0/0           2    10  54.0   11.5   77.3   64.3  549.0 L 1.00 -
  40    7    7     0 0/0/0/0/0                 549.3   420.0    73.8    49.1   19.0   28.0     0 2/3/1/1/0/0           2    13  53.6   11.2   57.0   70.9  548.2 L 1.00 -
  50    7    7     0 0/0/0/0/0                 550.0   420.0    60.6    41.0   22.0   28.0     0 2/4/1/1/0/0           2     7  53.6   11.2  171.4   60.6  549.0 L 1.00 -
  60    7    7     0 0/0/0/0/0                 550.0   420.0    56.4    92.2   23.0   28.0     0 2/4/1/1/0/1           2     9  55.9   11.7   16.5   54.8  549.0 L 1.00 -
  70    7    7     0 0/0/0/0/0                 550.0   420.0    58.7    52.8   25.0   28.0     0 2/4/1/1/0/1           2     8  54.2   10.0  192.4   52.2  548.7 L 1.00 -
  80    7    7     0 0/0/0/0/0                 550.0   420.0    65.0   103.9   25.0   28.0     0 2/4/1/1/0/1           2    12  52.3   11.7  243.1   55.0  549.0 L 1.00 -
  90    7    7     0 0/0/0/0/0                 550.0   420.0    53.5    87.7   28.0   28.0     0 2/5/1/1/0/1           2     8  58.4   11.1  179.3   53.5  549.0 L 0.86 -
 100    7    7     0 0/0/0/0/0                 550.0   420.0    66.5   106.1   26.0   42.0     0 3/5/1/1/0/1           2     8  55.6   10.8   83.8   52.2  549.0 L 0.86 -
 110    7    7     0 0/0/0/0/0                 550.0   420.0    77.5    45.7   28.0   42.0     0 3/5/1/1/0/1           2     7  56.0   10.9  132.7   56.7  549.0 L 0.86 -
 120    7    7     0 0/0/0/0/0                 550.0   420.0    60.3   120.4   29.0   42.0     0 3/6/1/1/0/1           2    10  56.7   11.5  105.6   60.3  549.0 L 0.86 -
 130    7    7     0 0/0/0/0/0                 550.0   420.0    73.9    52.9   32.0   42.0     0 3/7/1/1/0/1           2     6  57.4   10.9  115.8   57.9  549.0 L 0.86 -
 140    7    7     0 0/0/0/0/0                 550.0   420.0    83.6    16.4   34.0   42.0     0 3/7/1/1/0/1           2    13  58.1   11.7  167.5   72.4  548.4 L 0.57 -
 150    7    7     0 0/0/0/0/0                 550.0   420.0    71.5    71.8   35.0   42.0     0 3/8/1/1/0/1           2     8  58.1   11.4  200.4   71.5  549.0 L 0.57 -
 160    7    7     0 0/0/0/0/0                 550.0   420.0    65.3    54.0   37.0   42.0     0 3/8/1/1/0/1           2    12  57.4   11.9  180.7   65.2  548.2 L 0.71 -
 170    7    7     0 0/0/0/0/0                 550.0   420.0    68.4   128.5   39.0   42.0     0 3/8/2/1/0/1           2    14  56.3   11.7   97.8   63.5  548.2 L 0.71 -
 180    7    7     0 0/0/0/0/0                 550.0   420.0    80.0    82.5   41.0   42.0     0 3/8/2/1/0/1           2     9  58.5   11.7  105.4   62.6  549.0 L 0.71 -
 190    7    7     0 0/0/0/0/0                 550.0   420.0    89.6    37.3   41.0   56.0     0 4/8/2/1/0/1           2    11  59.1   10.6  118.3   68.0  548.1 L 1.00 -
 200    7    7     0 0/0/0/0/0                 550.0   420.0    87.3    90.4   43.0   56.0     0 4/8/3/1/0/1           2     9  57.0   11.9  151.5   87.3  548.2 L 0.71 -
 210    7    7     0 0/0/0/0/0                 700.0   540.0    76.4    69.6   47.0   56.0     0 4/8/3/2/0/1           2    10  56.6   12.0  143.6   76.4  549.0 L 0.71 -
 220    7    7     0 0/0/0/0/0                 700.0   540.0    87.8    26.7   49.0   56.0     0 4/8/3/2/0/1           2    12  60.5   11.0  105.2   73.4  699.0 L 0.57 -
 230    7    7     0 0/0/0/0/0                 700.0   540.0    91.8    71.6   49.0   56.0     0 4/8/3/2/0/1           2     9  56.9   11.3  244.8   84.9  699.0 L 0.57 -
 240    7    7     0 0/0/0/0/0                 700.0   540.0    79.9   141.3   50.0   56.0     0 4/8/3/2/0/2           2    10  58.3   11.8  152.6   79.8  698.2 L 0.57 -
 250    7    7     0 0/0/0/0/0                 700.0   540.0    71.7    12.9   55.0   56.0     0 4/9/3/2/0/2           2    13  57.9   11.9  177.6   71.7  699.0 L 0.71 -
 260    7    7     0 0/0/0/0/0                 700.0   540.0    74.2    26.2   55.0   56.0     0 4/9/3/2/0/2           2     7  58.4   10.9  228.3   68.1  699.0 L 0.71 -
 270    7    7     0 0/0/0/0/0                 700.0   540.0    60.4    62.8   55.0   56.0     0 4/9/3/2/0/2           2     5  57.8   11.0  224.7   60.4  699.0 L 0.57 -
 280    9    7     2 0/0/0/0/0                 700.0   540.0    61.0    24.3   55.0   70.0     0 5/9/3/2/0/2           2    11  58.9   11.1  122.3   55.8  699.0 L 0.44 -
 290   11    9     4 0/0/0/0/0                 700.0   540.0    58.5    71.5   55.0   70.0     0 5/9/3/2/1/2           2    11  61.8   10.9   98.7   55.1  699.0 L 0.64 -
 300   13   11     6 0/0/0/0/0                 700.0   540.0    52.1   111.4   55.0   70.0     0 5/9/3/2/1/2           2    10  61.3   11.0    0.0   42.6  699.0 S 0.62 -
 310   13   13     6 0/0/0/0/0                 700.0   540.0    49.9   179.3   55.0   70.0     0 5/9/3/2/1/2           2    16  60.6   10.7    0.0   46.4  699.0 S 0.46 -
 320   13   13     6 0/0/0/0/0                 700.0   540.0    41.1    85.2   57.0   70.0     0 5/9/3/2/1/2           2     8  62.4   11.3   91.6   38.7  699.0 S 0.46 -
 330   13   13     6 0/0/0/0/0                 700.0   540.0    35.0   117.1   58.0   70.0     0 5/10/3/2/1/2          2    10  61.3   11.2   79.3   35.0  699.0 S 0.31 -
 340   13   13     6 0/0/0/0/0                 700.0   540.0    31.2    39.0   60.0   70.0     0 5/10/3/2/1/2          2     9  61.1   11.2  155.2   24.8  699.0 S 0.31 -
 350   13   13     6 0/0/0/0/0                 850.0   660.0    30.0    62.0   62.0   70.0     0 5/10/3/3/1/2          2    12  63.6   10.7   44.3   26.9  699.0 S 0.38 -
 360   13   13     6 0/0/0/0/0                 850.0   660.0    38.8    79.9   62.0   70.0     0 5/10/3/3/1/2          2     9  62.6   11.1   35.0   19.3  849.0 S 0.38 -
 370   13   13     6 0/0/0/0/0                 850.0   660.0    34.5   112.3   62.0   70.0     0 5/10/3/3/1/2          2    10  60.5   10.9   90.0   29.5  849.0 S 0.38 -
 380   13   13     6 0/0/0/0/0                 850.0   660.0    35.8     3.2   64.0   70.0     0 5/10/3/3/1/2          2     9  60.8   10.7  210.1   29.8  849.0 S 0.38 -
 390   13   13     6 0/0/0/0/0                 850.0   660.0    23.8    39.7   64.0   70.0     0 5/10/3/3/1/2          2     8  60.8   10.8  246.5   22.9  849.0 S 0.23 -
 400   12   12     6 0/1/0/0/0                 850.0   660.0     0.2    59.1   64.0   70.0     0 5/10/3/3/2/2          2     3  62.7   11.0   86.0    0.0  849.0 S 0.25 -
 410    9    9     6 0/4/0/0/0                 850.0   660.0    24.6    59.1   64.0   70.0     0 5/10/3/3/2/2          2     9  60.9   10.5   65.0    0.0  849.0 S 0.33 -
 420    9    9     6 0/4/0/0/0                 850.0   660.0    33.6    80.2   64.0   70.0     0 5/10/3/3/2/2          2     8  60.6   11.2    0.0   22.5  849.0 S 0.33 -
 430    9    9     6 0/4/0/0/0                 850.0   660.0    35.5    84.7   64.0   70.0     0 5/10/3/3/2/2          2     4  61.4   10.6   40.0   21.3  849.0 S 0.33 -
 440    9    9     6 0/4/0/0/0                 850.0   660.0    34.7   114.0   64.0   70.0     0 5/10/3/3/2/2          2     8  62.7   11.1   55.0   33.2  849.0 S 0.33 -
 450    9    9     6 0/4/0/0/0                 850.0   660.0    42.8     9.8   66.0   70.0     0 5/10/3/3/2/2          2     7  60.3   10.6   46.9   32.9  849.0 S 0.33 -
 460    9    9     6 0/4/0/0/0                 850.0   660.0    31.7    16.5   66.0   70.0     0 5/10/3/3/2/2          2     3  61.8   11.3  221.0   30.7  849.0 S 0.33 -
 470    9    9     6 0/4/0/0/0                 850.0   660.0    18.9    52.0   67.0   70.0     0 5/11/3/3/2/2          2     6  62.4   11.2   70.0   18.9  849.0 S 0.33 -
 480    9    9     6 0/4/0/0/0                 850.0   660.0    28.6    56.8   67.0   70.0     0 5/11/3/3/2/2          2     8  62.2   10.4   85.0   17.0  849.0 S 0.33 -
 490    9    9     6 0/4/0/0/0                 850.0   660.0    35.0    66.9   67.0   70.0     0 5/11/3/3/2/2          2     6  62.7   11.0   30.0   21.3  849.0 S 0.33 -
 500    9    9     6 0/4/0/0/0                 850.0   660.0    39.6    74.8   67.0   70.0     0 5/11/3/3/2/2          2     8  58.8   10.5   55.0   23.5  849.0 S 0.33 -
 510    9    9     6 0/4/0/0/0                 850.0   660.0    27.8   115.3   67.0   70.0     0 5/11/3/3/2/2          2     8  60.9   11.7   35.0   27.8  849.0 S 0.33 -
 520    9    9     6 0/4/0/0/0                 850.0   660.0    47.8   121.5   67.0   70.0     0 5/11/3/3/2/2          2     9  60.1   10.3   70.0   21.9  849.0 S 0.33 -
 530    9    9     6 0/4/0/0/0                 850.0   660.0    25.6    21.4   69.0   70.0     0 5/11/3/3/2/2          2     4  61.2   10.6  229.5   25.6  849.0 S 0.33 -
 540    9    9     6 0/4/0/0/0                 850.0   660.0    20.9    48.7   67.0   84.0     0 6/11/3/3/2/2          2     6  60.8   11.1  104.0   20.9  849.0 S 0.33 -
 550   10    9     7 0/4/0/0/0                 850.0   660.0    37.9    69.1   67.0   84.0     0 6/11/3/3/2/2          2    12  60.4   11.8    0.0   19.9  849.0 S 0.50 -
 560   12   10     9 0/4/0/0/0                 850.0   660.0    32.1   105.1   67.0   84.0     0 6/11/3/3/2/2          2     8  60.6   10.2   55.0   30.4  849.0 S 0.58 -
 570   12   12     9 0/4/0/0/0                 850.0   660.0    29.2   120.4   67.0   84.0     0 6/11/3/3/2/2          2    10  62.5   10.7   50.0   25.1  849.0 S 0.58 -
 580   12   12     9 0/4/0/0/0                 850.0   660.0    32.8   138.7   67.0   84.0     0 6/11/3/3/2/2          2     8  61.9   10.7    0.0   24.3  849.0 S 0.33 -
 590   13   12    10 0/4/0/0/0                 850.0   660.0    21.0     2.7   69.0   84.0     0 6/11/3/3/2/2          2     4  62.3   11.0  219.2   18.2  849.0 S 0.54 -
 600   13   13    10 0/4/0/0/0                 850.0   660.0    21.5     2.7   70.0   84.0     0 6/12/3/3/2/2          2     8  60.1   10.8   66.6   13.9  849.0 S 0.46 -
 610   13   13    10 0/4/0/0/0                 850.0   660.0    39.8     2.7   70.0   84.0     0 6/12/3/3/2/2          2     9  60.8   10.9   95.0   17.9  848.9 S 0.46 -
 620   13   13    10 0/4/0/0/0                 850.0   660.0    29.0    38.3   70.0   84.0     0 6/12/3/3/2/2          2     9  64.0   11.0    5.0   18.6  848.2 S 0.46 -
 630   13   13    10 0/4/0/0/0                 850.0   660.0    20.9    53.4   70.0   84.0     0 6/12/3/3/2/2          2     7  60.1   10.6   60.0   19.6  849.0 S 0.54 -
 640   13   13    10 0/4/0/0/0                 850.0   660.0    22.5    53.4   70.0   84.0     0 6/12/3/3/2/2          2     9  61.9   10.7   70.0   14.5  848.2 S 0.54 -
 650   13   13    10 0/4/0/0/0                 850.0   660.0    22.1    64.0   70.0   84.0     0 6/12/3/3/2/2          2     7  61.1   10.9   65.0   19.3  849.0 S 0.54 -
 660   13   13    10 0/4/0/0/0                 850.0   660.0    21.5    64.0   70.0   84.0     0 6/12/3/3/2/2          2     7  63.5   10.8   55.0   15.0  849.0 S 0.54 -
 670   13   13    10 0/4/0/0/0                 850.0   660.0    35.8    64.0   70.0   84.0     0 6/12/3/3/2/2          2     9  62.0   10.9   70.0   14.7  849.0 S 0.54 -
 680   13   13    10 0/4/0/0/0                 850.0   660.0    26.8    72.5   70.0   84.0     0 6/12/3/3/2/2          2     6  63.6   10.5    0.0   17.5  849.0 S 0.38 -
 690   13   13    10 0/4/0/0/0                 850.0   660.0    26.0    72.5   70.0   84.0     0 6/12/3/3/2/2          2     7  63.1   10.6    0.0   17.9  848.2 S 0.38 -
 700   13   13    10 0/4/0/0/0                 850.0   660.0    19.2    72.5   70.0   84.0     0 6/12/3/3/2/2          2     6  60.9   10.8    0.0   13.6  849.0 S 0.38 -
 710   13   13    10 0/4/0/0/0                 850.0   660.0     9.8    72.5   70.0   84.0     0 6/12/3/3/2/2          2     4  61.0   10.8    0.0    9.8  849.0 S 0.31 -
 720   13   13    10 0/4/0/0/0                 850.0   660.0    16.3    72.5   70.0   84.0     0 6/12/3/3/2/2          2     9  60.0   10.8    0.0    4.9  849.0 S 0.23 -
 730   13   13    10 0/4/0/0/0                 850.0   660.0    23.4    72.5   70.0   84.0     0 6/12/3/3/2/2          2     8  61.2   11.2    0.0   14.8  849.0 S 0.23 -
 740   13   13    10 0/4/0/0/0                 850.0   660.0    12.1    72.5   70.0   84.0     0 6/12/3/3/2/2          2     5  61.5   10.1   25.0    6.3  849.0 S 0.23 -
 750   13   13    10 0/4/0/0/0                 850.0   660.0    14.0    72.5   70.0   84.0     0 6/12/3/3/2/2          2     8  60.2   10.7   55.0    1.8  849.0 S 0.23 -
 760   13   13    10 0/4/0/0/0                 850.0   660.0    12.4    72.5   70.0   84.0     0 6/12/3/3/2/2          2     7  58.6   10.6   65.0    5.8  849.0 S 0.23 -
 770   13   13    10 0/4/0/0/0                 850.0   660.0    23.1    72.5   70.0   84.0     0 6/12/3/3/2/2          2     9  61.1   10.7    0.0    9.2  849.0 S 0.23 -
 780   13   13    10 0/4/0/0/0                 850.0   660.0    19.6    72.5   70.0   84.0     0 6/12/3/3/2/2          2     5  60.0   10.7   45.0   10.9  849.0 S 0.46 -
 790   13   13    10 0/4/0/0/0                 850.0   660.0    19.3    72.5   70.0   84.0     0 6/12/3/3/2/2          2     8  60.1   10.7   80.0   14.5  849.0 S 0.38 -
 800   13   13    10 0/4/0/0/0                 850.0   660.0    20.9    72.5   70.0   84.0     0 6/12/3/3/2/2          2     6  60.7   10.8   60.0   17.8  849.0 S 0.62 -
 810   13   13    10 0/4/0/0/0                 850.0   660.0    18.1    72.5   70.0   84.0     0 6/12/3/3/2/2          2     7  60.6   10.4   35.0   10.7  849.0 S 0.46 -
 820   13   13    10 0/4/0/0/0                 850.0   660.0    17.9    72.5   70.0   84.0     0 6/12/3/3/2/2          2     8  59.0   10.8  100.0   10.9  849.0 S 0.46 -
 830   15   13    12 0/4/0/0/0                 850.0   660.0    18.3    72.5   70.0   84.0     0 6/12/3/3/2/2          2     6  62.5   10.9   50.0    9.7  849.0 S 0.53 -
 840   15   15    12 0/4/0/0/0                 850.0   660.0    20.5    72.5   70.0   84.0     0 6/12/3/3/2/2          2    10  60.9   10.3   55.0    5.5  849.0 S 0.67 -
 850   15   15    12 0/4/0/0/0                 850.0   660.0    21.5    72.5   70.0   84.0     0 6/12/3/3/2/2          2     8  61.3   10.6   65.0   10.1  849.0 S 0.67 -
 860   16   15    13 0/4/0/0/0                 850.0   660.0    19.9    79.8   70.0   84.0     0 6/12/3/3/2/2          2     6  61.6   11.2   30.0   11.1  849.0 S 0.56 -
 870   16   16    14 0/5/0/0/0                 850.0   660.0     4.9    79.8   70.0   84.0     0 6/12/3/3/2/2          2     5  63.1   10.6   55.0    0.0  849.0 S 0.56 -
 880   16   16    14 0/5/0/0/0                 850.0   660.0    12.0    79.8   70.0   84.0     0 6/12/3/3/2/2          2     8  63.5   10.6   60.0    0.0  849.0 S 0.75 -
 890   16   16    14 0/5/0/0/0                 850.0   660.0    28.3    96.8   70.0   84.0     0 6/12/3/3/2/2          2    14  60.0   11.0  120.0    7.8  849.0 S 0.62 -
 900   16   16    14 0/5/0/0/0                 850.0   660.0    33.0    96.8   70.0   84.0     0 6/12/3/3/2/2          2     8  62.1   10.7   50.0   15.9  849.0 S 0.75 -
 910   16   16    14 0/5/0/0/0                 850.0   660.0    26.9   111.9   70.0   84.0     0 6/12/3/3/2/2          2    10  62.2   10.9   85.0   26.9  849.0 S 0.38 -
 920   16   16    14 0/5/0/0/0                 850.0   660.0    24.3   120.0   70.0   84.0     0 6/12/3/3/2/2          2     9  61.2   10.5   60.0   13.1  849.0 S 0.81 -
 930   16   16    14 0/5/0/0/0                 850.0   660.0    23.3   126.9   70.0   84.0     0 6/12/3/3/2/2          2     7  61.5   11.3   50.0   23.1  849.0 S 0.81 -
 940   16   16    14 0/5/0/0/0                 850.0   660.0    18.8     2.6   72.0   84.0     0 6/12/3/3/2/2          2     9  61.9   10.3  213.7   10.2  849.0 S 0.69 -
 950   16   16    14 0/5/0/0/0                1000.0   780.0    13.6     2.6   74.0   84.0     0 6/12/3/4/2/2          2     9  61.8   11.1   62.2    5.3  849.0 S 0.75 -
 960   16   16    14 0/5/0/0/0                1000.0   780.0    33.7     2.6   74.0   84.0     0 6/12/3/4/2/2          2     9  62.1   11.0   15.0   12.4  999.0 S 0.75 -
 970   16   16    14 0/5/0/0/0                1000.0   780.0    30.7    59.9   74.0   84.0     0 6/12/3/4/2/2          2    13  63.4   10.6   15.0   26.2  999.0 S 0.81 -
 980   16   16    14 0/5/0/0/0                1000.0   780.0    27.2    71.2   74.0   84.0     0 6/12/3/4/2/2          2     9  62.1   11.5   10.0   24.8  999.0 S 0.81 -
 990   16   16    14 0/5/0/0/0                 999.7   780.0    28.8    73.3   74.0   84.0     0 6/12/3/4/2/2          2     9  61.4   10.6   30.0   22.3  999.0 S 0.81 -
1000   16   16    14 0/5/0/0/0                1000.0   780.0    31.2   105.3   74.0   84.0     0 6/12/3/4/2/2          2    12  62.3   10.6    5.0   23.2  999.0 S 0.75 -
1010   16   16    14 0/5/0/0/0                1000.0   780.0    28.0   107.5   74.0   84.0     0 6/12/3/4/2/2          2     7  61.5   11.2   10.0   15.3  999.0 S 0.81 -
1020   16   16    14 0/5/0/0/0                1000.0   780.0    45.2   127.9   74.0   84.0     0 6/12/3/4/2/2          2    14  63.0   11.1   25.0   21.3  999.0 S 0.81 -
1030   16   16    14 0/5/0/0/0                1000.0   780.0    25.2   165.0   74.0   84.0     0 6/12/3/4/2/2          2     9  63.4   10.5    0.0   19.7  999.0 S 0.88 -
1040   16   16    14 0/5/0/0/0                1000.0   780.0    29.5    31.8   76.0   84.0     0 6/12/3/4/2/2          2     8  60.0   11.0  195.2   23.7  999.0 S 0.81 -
1050   16   16    14 0/5/0/0/0                1000.0   780.0    16.9    31.8   76.0   84.0     0 6/12/3/4/2/2          2     6  60.0   10.6  240.0    9.4  999.0 S 0.75 -
1060   16   16    14 0/5/0/0/0                1000.0   780.0    15.8    31.8   76.0   84.0     0 6/12/3/4/2/2          2     8  60.3   10.6  237.3   10.6  999.0 S 0.69 -
1070   16   16    14 0/5/0/0/0                1000.0   780.0     1.6    31.8   76.0   84.0     0 6/12/3/4/3/2          2     5  61.1   10.7  174.4    1.6  999.0 S 0.69 -
1080   15   15    14 0/6/0/0/0                1000.0   780.0    24.4    31.8   76.0   84.0     0 6/12/3/4/3/2          2    11  60.7   11.3    5.0    0.0  999.0 S 0.80 -
1090   15   15    14 0/6/0/0/0                1000.0   780.0    21.8    31.8   76.0   84.0     0 6/12/3/4/3/2          2     8  63.4   11.1   50.0   19.5  999.0 S 0.87 -
1100   15   15    14 0/6/0/0/0                1000.0   780.0     8.8    31.8   76.0   84.0     0 6/12/3/4/3/2          2     5  61.0   10.4    0.0    2.1  999.0 S 0.80 -
1110   16   15    15 0/6/0/0/0                1000.0   780.0     4.3    31.8   76.0   84.0     0 6/12/3/4/3/2          2     7  62.9   10.3    0.0    0.0  999.0 S 0.88 -
1120   12   12    15 0/10/0/0/0               1000.0   780.0     2.4    31.8   76.0   84.0     0 6/12/3/4/3/2          2     5  62.8   10.9    0.0    0.0  999.0 L 1.00 -
1130    0    0    15 0/22/0/0/0               1000.0   780.0     0.0    31.8   76.0   84.0     0 6/12/3/4/3/2          2     0  60.8   10.0    0.0    0.0 1000.0 L 0.00 -
1140    0    0    15 0/22/0/0/0               1000.0   780.0     0.0    31.8   76.0   84.0     0 6/12/3/4/3/2          2     0   0.0    0.0    0.0    0.0 1000.0 L 0.00 -
1150    0    0    15 0/22/0/0/0               1000.0   780.0     0.0    31.8   76.0   84.0     0 6/12/3/4/3/2          2     0   0.0    0.0    0.0    0.0 1000.0 L 0.00 -
1160    0    0    15 0/22/0/0/0               1000.0   780.0     0.0    31.8   76.0   84.0     0 6/12/3/4/3/2          2     0   0.0    0.0    0.0    0.0 1000.0 L 0.00 -
1170    0    0    15 0/22/0/0/0               1000.0   780.0     0.0    31.8   76.0   84.0     0 6/12/3/4/3/2          2     0   0.0    0.0    0.0    0.0 1000.0 L 0.00 -
1180    0    0    15 0/22/0/0/0               1000.0   780.0     0.0    31.8   76.0   84.0     0 6/12/3/4/3/2          2     0   0.0    0.0    0.0    0.0 1000.0 L 0.00 -
1190    0    0    15 0/22/0/0/0               1000.0   780.0     0.0    31.8   76.0   84.0     0 6/12/3/4/3/2          2     0   0.0    0.0    0.0    0.0 1000.0 L 0.00 -
1200    0    0    15 0/22/0/0/0               1000.0   780.0     0.0    31.8   76.0   84.0     0 6/12/3/4/3/2          2     0   0.0    0.0    0.0    0.0 1000.0 L 0.00 -
1210    0    0    15 0/22/0/0/0               1000.0   780.0     0.0    31.8   76.0   84.0     0 6/12/3/4/3/2          2     0   0.0    0.0    0.0    0.0 1000.0 L 0.00 -
1220    0    0    15 0/22/0/0/0               1000.0   780.0     0.0    31.8   76.0   84.0     0 6/12/3/4/3/2          2     0   0.0    0.0    0.0    0.0 1000.0 L 0.00 -
1230    0    0    15 0/22/0/0/0               1000.0   780.0     0.0    31.8   76.0   84.0     0 6/12/3/4/3/2          2     0   0.0    0.0    0.0    0.0 1000.0 L 0.00 -
1240    0    0    15 0/22/0/0/0               1000.0   780.0     0.0    31.8   76.0   84.0     0 6/12/3/4/3/2          2     0   0.0    0.0    0.0    0.0 1000.0 L 0.00 -
1250    0    0    15 0/22/0/0/0               1000.0   780.0     0.0    31.8   76.0   84.0     0 6/12/3/4/3/2          2     0   0.0    0.0    0.0    0.0 1000.0 L 0.00 -
1260    0    0    15 0/22/0/0/0               1000.0   780.0     0.0    31.8   76.0   84.0     0 6/12/3/4/3/2          2     0   0.0    0.0    0.0    0.0 1000.0 L 0.00 -
1270    0    0    15 0/22/0/0/0               1000.0   780.0     0.0    31.8   76.0   84.0     0 6/12/3/4/3/2          2     0   0.0    0.0    0.0    0.0 1000.0 L 0.00 -
1280    0    0    15 0/22/0/0/0               1000.0   780.0     0.0    31.8   76.0   84.0     0 6/12/3/4/3/2          2     0   0.0    0.0    0.0    0.0 1000.0 L 0.00 -
1290    0    0    15 0/22/0/0/0               1000.0   780.0     0.0    31.8   76.0   84.0     0 6/12/3/4/3/2          2     0   0.0    0.0    0.0    0.0 1000.0 L 0.00 -
1300    0    0    15 0/22/0/0/0               1000.0   780.0     0.0    31.8   76.0   84.0     0 6/12/3/4/3/2          2     0   0.0    0.0    0.0    0.0 1000.0 L 0.00 -
1310    0    0    15 0/22/0/0/0               1000.0   780.0     0.0    31.8   76.0   84.0     0 6/12/3/4/3/2          2     0   0.0    0.0    0.0    0.0 1000.0 L 0.00 -
1320    0    0    15 0/22/0/0/0               1000.0   780.0     0.0    31.8   76.0   84.0     0 6/12/3/4/3/2          2     0   0.0    0.0    0.0    0.0 1000.0 L 0.00 -
1330    0    0    15 0/22/0/0/0               1000.0   780.0     0.0    31.8   76.0   84.0     0 6/12/3/4/3/2          2     0   0.0    0.0    0.0    0.0 1000.0 L 0.00 -
1340    0    0    15 0/22/0/0/0               1000.0   780.0     0.0    31.8   76.0   84.0     0 6/12/3/4/3/2          2     0   0.0    0.0    0.0    0.0 1000.0 L 0.00 -
1350    0    0    15 0/22/0/0/0               1000.0   780.0     0.0    31.8   76.0   84.0     0 6/12/3/4/3/2          2     0   0.0    0.0    0.0    0.0 1000.0 L 0.00 -
1360    0    0    15 0/22/0/0/0               1000.0   780.0     0.0    31.8   76.0   84.0     0 6/12/3/4/3/2          2     0   0.0    0.0    0.0    0.0 1000.0 L 0.00 -
1370    0    0    15 0/22/0/0/0               1000.0   780.0     0.0    31.8   76.0   84.0     0 6/12/3/4/3/2          2     0   0.0    0.0    0.0    0.0 1000.0 L 0.00 -
1380    0    0    15 0/22/0/0/0               1000.0   780.0     0.0    31.8   76.0   84.0     0 6/12/3/4/3/2          2     0   0.0    0.0    0.0    0.0 1000.0 L 0.00 -
1390    0    0    15 0/22/0/0/0               1000.0   780.0     0.0    31.8   76.0   84.0     0 6/12/3/4/3/2          2     0   0.0    0.0    0.0    0.0 1000.0 L 0.00 -
1400    0    0    15 0/22/0/0/0               1000.0   780.0     0.0    31.8   76.0   84.0     0 6/12/3/4/3/2          2     0   0.0    0.0    0.0    0.0 1000.0 L 0.00 -
1410    0    0    15 0/22/0/0/0               1000.0   780.0     0.0    31.8   76.0   84.0     0 6/12/3/4/3/2          2     0   0.0    0.0    0.0    0.0 1000.0 L 0.00 -
1420    0    0    15 0/22/0/0/0               1000.0   780.0     0.0    31.8   76.0   84.0     0 6/12/3/4/3/2          2     0   0.0    0.0    0.0    0.0 1000.0 L 0.00 -
1430    0    0    15 0/22/0/0/0               1000.0   780.0     0.0    31.8   76.0   84.0     0 6/12/3/4/3/2          2     0   0.0    0.0    0.0    0.0 1000.0 L 0.00 -
1440    0    0    15 0/22/0/0/0               1000.0   780.0     0.0    31.8   76.0   84.0     0 6/12/3/4/3/2          2     0   0.0    0.0    0.0    0.0 1000.0 L 0.00 -
1450    0    0    15 0/22/0/0/0               1000.0   780.0     0.0    31.8   76.0   84.0     0 6/12/3/4/3/2          2     0   0.0    0.0    0.0    0.0 1000.0 L 0.00 -
1460    0    0    15 0/22/0/0/0               1000.0   780.0     0.0    31.8   76.0   84.0     0 6/12/3/4/3/2          2     0   0.0    0.0    0.0    0.0 1000.0 L 0.00 -
1470    0    0    15 0/22/0/0/0               1000.0   780.0     0.0    31.8   76.0   84.0     0 6/12/3/4/3/2          2     0   0.0    0.0    0.0    0.0 1000.0 L 0.00 -
1480    0    0    15 0/22/0/0/0               1000.0   780.0     0.0    31.8   76.0   84.0     0 6/12/3/4/3/2          2     0   0.0    0.0    0.0    0.0 1000.0 L 0.00 -
1490    0    0    15 0/22/0/0/0               1000.0   780.0     0.0    31.8   76.0   84.0     0 6/12/3/4/3/2          2     0   0.0    0.0    0.0    0.0 1000.0 L 0.00 -
1500    0    0    15 0/22/0/0/0               1000.0   780.0     0.0    31.8   76.0   84.0     0 6/12/3/4/3/2          2     0   0.0    0.0    0.0    0.0 1000.0 L 0.00 -

targets for seed 1234 (1500 sols):
  T1 FAIL run min pop 0 (needs >= 5), final pop 0
  T2 PASS deaths 22 (air 0 thirst 22 hunger 0 eva 0 other 0), unexplained 0
  T3 PASS births 15, first_birth_sol 278, at_capacity 0, cooldown_violations 0, pop@30=7, pop@100=7, pop@300=13
  T4 PASS min O2 261.5, food 203.1; ice ran dry (pressure): min ice 0.0, ice>30 0.0, thirst deaths 22; max ice/target 0.82, regolith/target 0.52
  T5 PASS demand>supply 0.00% of steps (<=10), max shorts/sol 0 (<=2), max offline 0.0 h (<=24.7), first new reactor sol 7 (<=15)
  T6 PASS limited 9538.1 h = 25.79% (>=2% provisional; 4 of 5 seeds), site busy 20.9%; waiting_regolith 2755.0 h, site_no_crew 6783.1 h
  T7 PASS turn_backs_air 0, exhausted 250, reachable>=2 at 100.0% of 1500 sol samples (>=95), trips 944
  T8 FAIL row avg energy 0.0..64.0 (40..90), row asleep 0.0..12.0% (5..30), max sleep 8.8 h (<=18)
  T9 N/A  checked by repeating the run and by tests/test_determinism.gd (compare the table sha256)
  T10 FAIL first settlement sol 292 (40..150), age_changes 2 (<=4), min gap between consecutive history entries 292 (>=20), history 3 entries (changes+1 = 3); report: sols_in_age landing 672 settlement 828 council 0, age at end landing, changes [sol 292 settled; sol 1120 fell_back (cause ice)], fall back causes [sol 1120 ice], not-ok sols 106 (by group, a sol can fail several: ice 50, food 1, oxygen 1, power 0, death 10, unrest 55)
  T11 FAIL (1) list lengths 1501/1501/1501/1501 ok; (2) lonely mean of last 50 readings 0.000 (max 0.35) ok; (3) friends_mean 0.00 (1.0..15.0) BAD; (4) first_friendship_sol 98 ok; (5) lines_dropped (total) 0 ok; report: web 0.00 second 0.00 lonely 0.00 friends_mean 0.00 friends share of colony 0.000 (pop 0)
  T12 PASS (1) list lengths 1501/1501/1501 ok; (2) C2 ok; (3) council changes 0 (<=4) ok; (4) proposals 0 ok; (5) one Council line per boundary ok; report: first Council sol <null>, meetings 0, proposals [], pledge sol <null> reason -, lines {"circles_few":2}, dropped 0; council_min_seeds 3 pledge_min_seeds 1
RESULT FAIL (target 9 determinism: table sha256 56fc3a9e1df166be)
