Godot Engine v4.5.stable.official.876b29033 - https://godotengine.org

# station zero balance run: seed=2026 sols=1500 overrides=[resources.throughput.water_before_construction=true] fixed_step=0.05 data_hash=fa4e853f877611d0
# deaths and births are cumulative; shorts, trips, energy, asleep, wait, min_* are for the 30-sol window
 sol  pop  min birth dead a/t/h/o/x           oxygen    food     ice   regol   dmnd   supp short bldg R/H/W/G/A/C  reach trips  avgE asleep%  waitH minIce  minO2 age web cn
  10    7    7     0 0/0/0/0/0                 383.9   296.2    70.1    82.6   13.0   14.0     0 1/1/1/1/0/0           2    12  57.2   10.3  164.4   67.2  260.5 L 1.00 -
  20    7    7     0 0/0/0/0/0                 550.0   420.0    74.5    66.3   13.0   28.0     0 2/1/1/1/0/0           2     8  52.7   10.6  223.6   67.9  384.0 L 1.00 -
  30    7    7     0 0/0/0/0/0                 550.0   420.0    66.0    47.3   16.0   28.0     0 2/2/1/1/0/0           2     8  53.1   11.3  147.0   65.1  548.5 L 1.00 -
  40    7    7     0 0/0/0/0/0                 550.0   420.0    71.1     9.6   19.0   28.0     0 2/3/1/1/0/0           2     8  53.3   11.1  130.6   65.1  549.0 L 1.00 -
  50    7    7     0 0/0/0/0/0                 549.8   420.0    71.7    47.5   20.0   28.0     0 2/3/1/1/0/1           2    15  55.7   11.2   47.2   70.6  548.2 L 1.00 -
  60    7    7     0 0/0/0/0/0                 550.0   420.0    83.2    43.6   22.0   28.0     0 2/3/1/1/0/1           2    11  53.7   11.7  196.1   71.4  549.0 L 1.00 -
  70    7    7     0 0/0/0/0/0                 550.0   420.0    91.8    15.2   25.0   28.0     0 2/3/1/1/0/2           2     9  55.7   10.8  143.1   79.7  548.5 L 1.00 -
  80    7    7     0 0/0/0/0/0                 700.0   540.0    85.5    16.6   29.0   28.0     1 2/3/1/2/0/1           2    12  52.7   11.0  112.8   85.5  548.9 L 1.00 -
  90    7    7     0 0/0/0/0/0                 700.0   540.0    71.8    55.5   27.0   42.0     0 3/3/1/2/0/2           2     5  57.1   11.9  118.9   71.8  699.0 L 1.00 -
 100    7    7     0 0/0/0/0/0                 700.0   540.0    83.5    10.8   29.0   42.0     0 3/3/1/2/0/2           2    10  56.1   10.8   89.2   68.6  699.0 L 1.00 -
 110    7    7     0 0/0/0/0/0                 700.0   540.0    78.4    45.7   30.0   42.0     0 3/4/1/2/0/2           2     8  54.3   10.8   51.2   71.5  699.0 L 1.00 -
 120    7    7     0 0/0/0/0/0                 700.0   540.0    72.0    12.6   32.0   42.0     0 3/4/1/2/0/2           2     7  56.3   11.4  164.7   70.8  699.0 L 0.71 -
 130    7    7     0 0/0/0/0/0                 850.0   660.0    77.1    53.6   34.0   42.0     0 3/4/1/3/0/2           2    11  54.1   10.8   44.0   65.7  699.0 L 0.57 -
 140    7    7     0 0/0/0/0/0                 850.0   660.0    69.5    23.5   36.0   42.0     0 3/4/1/3/0/2           2    11  54.6   10.9   82.4   68.6  848.8 L 0.71 -
 150    7    7     0 0/0/0/0/0                 850.0   660.0    52.2    48.2   37.0   42.0     0 3/5/1/3/0/2           2     4  55.7   10.7  156.3   52.2  849.0 L 0.71 -
 160    7    7     0 0/0/0/0/0                 850.0   660.0    52.7    99.9   37.0   42.0     0 3/5/1/3/0/2           2    11  51.9   11.1   30.0   50.3  849.0 L 0.71 -
 170    7    7     0 0/0/0/0/0                 850.0   660.0    64.5    63.2   39.0   42.0     0 3/5/1/3/0/2           2    11  54.5   11.1  130.0   48.5  848.8 L 0.57 -
 180    7    7     0 0/0/0/0/0                 850.0   660.0    59.3    81.9   40.0   42.0     0 3/6/1/3/0/2           2     8  56.8   10.8  116.9   50.7  849.0 L 0.57 -
 190    7    7     0 0/0/0/0/0                 850.0   660.0    66.5    13.7   42.0   42.0     0 3/6/1/3/0/2           2     6  57.4   11.5  192.1   58.9  849.0 L 0.57 -
 200    7    7     0 0/0/0/0/0                 850.0   660.0    55.5    77.3   40.0   56.0     0 4/6/1/3/0/2           2    11  55.0   11.5   60.5   49.6  849.0 L 0.57 -
 210    7    7     0 0/0/0/0/0                 850.0   660.0    72.6   106.8   40.0   56.0     0 4/6/1/3/0/2           2     9  58.0   10.8   35.0   52.2  849.0 L 0.71 -
 220    7    7     0 0/0/0/0/0                 850.0   660.0    76.7    29.0   44.0   56.0     0 4/6/2/3/0/2           2     7  58.0   11.0  166.3   70.3  849.0 L 0.71 -
 230    7    7     0 0/0/0/0/0                 850.0   660.0    84.0    18.4   46.0   56.0     0 4/6/2/3/0/2           2    15  53.7   11.1  121.8   67.6  848.2 L 0.43 -
 240    7    7     0 0/0/0/0/0                 850.0   660.0    79.4    38.7   47.0   56.0     0 4/7/2/3/0/2           2     5  56.7   10.8  208.8   79.4  849.0 L 0.43 -
 250    7    7     0 0/0/0/0/0                 850.0   660.0   104.5    85.3   47.0   56.0     0 4/7/2/3/0/2           2    16  54.9   11.4  110.0   77.7  849.0 L 0.57 -
 260    7    7     0 0/0/0/0/0                 850.0   660.0    93.6    19.4   49.0   56.0     0 4/7/2/3/0/2           2     9  58.5   11.2  176.6   93.2  849.0 L 0.57 -
 270    7    7     0 0/0/0/0/0                 850.0   660.0    85.1    73.7   50.0   56.0     0 4/8/2/3/0/2           2    10  53.0   11.6  169.9   78.8  848.6 L 0.71 -
 280    7    7     0 0/0/0/0/0                 850.0   660.0   113.1   108.4   50.0   56.0     0 4/8/2/3/0/2           2    14  55.7   11.5   90.0   84.0  849.0 L 0.71 -
 290    7    7     0 0/0/0/0/0                 850.0   660.0   104.1    35.8   52.0   56.0     0 4/8/2/3/0/2           2     6  57.0   10.8  217.2  103.4  849.0 L 0.71 -
 300   11    7     4 0/0/0/0/0                1000.0   780.0    88.2    85.5   54.0   56.0     0 4/8/2/4/0/2           2    12  53.9   10.1  173.1   86.1  849.0 L 0.73 -
 310   12   11     5 0/0/0/0/0                1000.0   780.0    59.1    14.2   56.0   56.0     0 4/8/2/4/0/2           2     6  58.4   10.6  219.2   59.1  999.0 L 0.92 -
 320   12   12     5 0/0/0/0/0                1000.0   780.0    52.5    46.4   56.0   56.0     0 4/8/2/4/0/2           2     8  57.8   10.7  227.2   47.1  998.5 L 0.83 -
 330   13   12     6 0/0/0/0/0                1000.0   780.0    38.5    88.2   54.0   70.0     0 5/8/2/4/0/2           2    10  60.7   10.6  180.2   33.4  999.0 S 0.62 -
 340   13   13     6 0/0/0/0/0                1000.0   780.0    45.5    99.3   54.0   70.0     0 5/8/2/4/0/2           2    12  57.9   10.1  140.0   38.1  999.0 S 0.62 -
 350   13   13     6 0/0/0/0/0                1000.0   780.0    29.6    34.8   56.0   70.0     0 5/8/2/4/0/2           2     8  57.1   11.3  201.0   29.6  999.0 S 0.62 -
 360   13   13     6 0/0/0/0/0                1000.0   780.0    43.9    56.3   57.0   70.0     0 5/8/2/4/0/3           2    13  59.1   10.6  159.3   22.4  999.0 S 0.62 -
 370   13   13     6 0/0/0/0/0                1000.0   780.0    31.3    91.9   57.0   70.0     0 5/8/2/4/0/3           2     8  61.6   10.6  150.0   24.5  999.0 S 0.62 -
 380   13   13     6 0/0/0/0/0                1000.0   780.0    36.8     7.9   59.0   70.0     0 5/8/2/4/0/3           2    11  59.7   10.6  160.8   22.1  999.0 S 0.62 -
 390   13   13     6 0/0/0/0/0                1000.0   780.0    21.7    19.7   59.0   70.0     0 5/8/2/4/0/3           2     7  57.9   10.6  233.9   21.7  999.0 S 0.62 -
 400   13   13     6 0/0/0/0/0                1150.0   900.0     1.1    19.7   61.0   70.0     0 5/8/2/5/0/3           2     2  59.6   10.7  120.7    1.1  999.0 S 0.62 -
 410   13   13     6 0/0/0/0/0                1150.0   900.0     7.2    19.7   61.0   70.0     0 5/8/2/5/0/3           2     9  55.4   10.4   90.0    0.0 1149.0 S 0.62 -
 420   13   13     6 0/0/0/0/0                1150.0   900.0    19.8    19.7   61.0   70.0     0 5/8/2/5/0/3           2    10  56.9    9.8   75.0    4.5 1149.0 S 0.62 -
 430   13   13     6 0/0/0/0/0                1150.0   900.0     4.8    19.7   61.0   70.0     0 5/8/2/5/0/3           2     6  58.8   10.9   90.0    4.8 1149.0 S 0.62 -
 440   13   13     6 0/0/0/0/0                1150.0   900.0     5.4    19.7   61.0   70.0     0 5/8/2/5/0/3           2     7  59.3   10.7  105.0    3.1 1149.0 S 0.62 -
 450   13   13     6 0/0/0/0/0                1150.0   900.0     8.5    19.7   61.0   70.0     0 5/8/2/5/0/3           2     9  57.2   10.0  105.0    0.0 1149.0 S 0.62 -
 460   13   13     6 0/0/0/0/0                1150.0   900.0    12.8    19.7   61.0   70.0     0 5/8/2/5/0/3           2    11  56.1   10.1   85.0    0.9 1149.0 S 0.62 -
 470   13   13     6 0/0/0/0/0                1150.0   900.0     9.1    19.7   61.0   70.0     0 5/8/2/5/0/3           2     9  58.0   10.3   90.0    4.8 1149.0 S 0.62 -
 480   13   13     6 0/0/0/0/0                1150.0   900.0     5.3    19.7   61.0   70.0     0 5/8/2/5/0/3           2     7  57.2   10.5   80.0    5.3 1149.0 S 0.62 -
 490   13   13     6 0/0/0/0/0                1150.0   900.0     8.0    19.7   61.0   70.0     0 5/8/2/5/0/3           2     7  58.2   10.2  100.0    1.4 1149.0 S 0.62 -
 500    9    9     6 0/4/0/0/0                1150.0   900.0    33.3    19.7   61.0   70.0     0 5/8/2/5/0/3           2    12  56.9   10.5   70.0    0.0 1149.0 S 0.78 -
 510    9    9     6 0/4/0/0/0                1150.0   900.0    32.6    54.8   61.0   70.0     0 5/8/2/5/0/3           2     9  57.3   11.4  125.0   32.6 1149.0 S 0.78 -
 520    9    9     6 0/4/0/0/0                1150.0   900.0    26.0    91.5   61.0   70.0     0 5/8/2/5/0/3           2    10  58.1   10.1  165.0   21.4 1149.0 S 0.78 -
 530    9    9     6 0/4/0/0/0                1150.0   900.0    37.7    99.3   61.0   70.0     0 5/8/2/5/0/3           2     8  56.3   11.1  115.0   22.5 1149.0 S 0.78 -
 540    9    9     6 0/4/0/0/0                1150.0   900.0    33.3   110.0   61.0   70.0     0 5/8/2/5/0/3           2     5  59.5   10.5   85.0   33.3 1149.0 S 0.78 -
 550    9    9     6 0/4/0/0/0                1150.0   900.0    33.6   117.7   61.0   70.0     0 5/8/2/5/0/3           2    10  58.7   10.6   95.0   19.4 1149.0 S 0.78 -
 560    9    9     6 0/4/0/0/0                1150.0   900.0    41.1     7.7   63.0   70.0     0 5/8/2/5/0/3           2     5  59.5   10.3  159.5   33.4 1149.0 S 0.78 -
 570   11    9     8 0/4/0/0/0                1150.0   900.0    18.2    31.6   63.0   70.0     0 5/8/2/5/0/3           2     5  57.7   10.7  216.5   18.2 1149.0 S 0.82 -
 580   12   11     9 0/4/0/0/0                1300.0  1020.0    24.1    31.6   65.0   70.0     0 5/8/2/6/0/3           2     9  59.2   10.6  101.3   12.1 1149.0 S 0.75 -
 590   12   12     9 0/4/0/0/0                1300.0  1020.0    20.0    39.1   65.0   70.0     0 5/8/2/6/0/3           2     7  58.8   10.7   95.0   17.5 1299.0 S 0.75 -
 600   14   12    11 0/4/0/0/0                1300.0  1020.0    20.0    39.1   65.0   70.0     0 5/8/2/6/0/3           2     8  62.4   10.2   75.0   15.0 1299.0 S 0.79 -
 610   14   14    11 0/4/0/0/0                1300.0  1020.0    25.0    39.1   65.0   70.0     0 5/8/2/6/0/3           2     8  58.5   10.6   55.0   15.8 1299.0 S 0.79 -
 620   14   14    11 0/4/0/0/0                1300.0  1020.0    32.8    39.1   65.0   70.0     0 5/8/2/6/0/3           2    11  60.5   10.5   55.0   20.4 1299.0 S 0.79 -
 630   14   14    11 0/4/0/0/0                1300.0  1020.0    14.6    87.4   65.0   70.0     0 5/8/2/6/0/3           2     9  59.7   11.1  105.0   14.6 1299.0 S 0.79 -
 640   14   14    11 0/4/0/0/0                1300.0  1020.0    22.7    87.4   65.0   70.0     0 5/8/2/6/0/3           2     9  60.1   10.0   60.0   10.1 1299.0 S 0.79 -
 650   14   14    11 0/4/0/0/0                1300.0  1020.0    14.6    87.4   65.0   70.0     0 5/8/2/6/0/3           2     8  62.0   10.6   40.0   14.6 1299.0 S 0.71 -
 660   14   14    11 0/4/0/0/0                1300.0  1020.0    25.0    87.4   65.0   70.0     0 5/8/2/6/0/3           2     7  58.4   11.0   75.0    9.2 1299.0 S 0.71 -
 670   14   14    11 0/4/0/0/0                1300.0  1020.0    14.9    95.9   65.0   70.0     0 5/8/2/6/0/3           2     7  60.7   10.4   70.0   14.9 1299.0 S 0.93 -
 680   14   14    11 0/4/0/0/0                1300.0  1020.0    17.2    95.9   65.0   70.0     0 5/8/2/6/0/3           2     7  59.7   10.7   30.0   10.3 1299.0 S 0.93 -
 690   14   14    11 0/4/0/0/0                1300.0  1020.0     2.2    95.9   65.0   70.0     0 5/8/2/6/0/3           2     5  59.9   10.2   35.0    0.6 1299.0 S 0.93 -
 700   11   11    11 0/7/0/0/0                1300.0  1020.0     8.7    95.9   65.0   70.0     0 5/8/2/6/0/3           2     7  57.0   11.0   15.0    0.0 1299.0 S 0.91 -
 710   10   10    11 0/8/0/0/0                1300.0  1020.0    11.1    95.9   65.0   70.0     0 5/8/2/6/0/3           2     6  59.0   10.5   35.0    0.0 1299.0 S 0.80 -
 720   10   10    11 0/8/0/0/0                1300.0  1020.0     5.3    95.9   65.0   70.0     0 5/8/2/6/0/3           2     5  59.5   10.2   15.0    1.7 1299.0 S 0.90 -
 730   10   10    11 0/8/0/0/0                1300.0  1020.0    10.4    95.9   65.0   70.0     0 5/8/2/6/0/3           2     7  55.8   10.6   15.0    0.0 1299.0 L 0.90 -
 740   10   10    11 0/8/0/0/0                1300.0  1020.0    15.7    95.9   65.0   70.0     0 5/8/2/6/0/3           2     7  56.3   10.5   35.0    2.3 1299.0 L 0.90 -
 750   10   10    11 0/8/0/0/0                1300.0  1020.0    26.8    95.9   65.0   70.0     0 5/8/2/6/0/3           2     8  55.8   10.4   40.0   11.2 1299.0 L 0.90 -
 760   10   10    11 0/8/0/0/0                1300.0  1020.0    29.6   113.3   65.0   70.0     0 5/8/2/6/0/3           2     9  57.0    9.7   80.0   26.0 1299.0 L 0.90 -
 770   10   10    11 0/8/0/0/0                1300.0  1020.0    19.8     2.0   67.0   70.0     0 5/8/2/6/0/3           2     3  57.7   10.8  167.6   19.8 1299.0 L 0.90 -
 780   10   10    11 0/8/0/0/0                1300.0  1020.0    16.1     2.0   67.0   70.0     0 5/8/2/6/0/3           2     6  57.1   10.3  220.1    9.7 1299.0 L 0.90 -
 790   10   10    11 0/8/0/0/0                1450.0  1140.0    14.2    12.8   69.0   70.0     0 5/8/2/7/0/3           2     8  56.5   10.6   57.0    6.9 1299.0 L 0.90 -
 800   10   10    11 0/8/0/0/0                1450.0  1140.0    17.2    12.8   69.0   70.0     0 5/8/2/7/0/3           2     8  57.8   10.6   10.0    9.4 1449.0 L 0.90 -
 810   10   10    11 0/8/0/0/0                1450.0  1140.0    19.5    12.8   69.0   70.0     0 5/8/2/7/0/3           2     4  58.7   10.0   10.0   13.4 1449.0 L 0.90 -
 820   10   10    11 0/8/0/0/0                1450.0  1140.0    22.5    12.8   69.0   70.0     0 5/8/2/7/0/3           2     9  56.6   10.1    0.0   17.2 1449.0 L 0.90 -
 830   10   10    11 0/8/0/0/0                1450.0  1140.0    31.7    15.0   69.0   70.0     0 5/8/2/7/0/3           2     7  55.5   10.8   25.0   21.8 1449.0 L 0.90 -
 840   11   10    12 0/8/0/0/0                1450.0  1140.0    32.5    26.7   69.0   70.0     0 5/8/2/7/0/3           2     9  57.8   10.2   60.0   24.3 1448.9 S 0.91 -
 850   12   11    13 0/8/0/0/0                1450.0  1140.0    23.8    43.8   69.0   70.0     0 5/8/2/7/0/3           2     7  57.7   10.4   80.0   19.7 1449.0 S 0.92 -
 860   14   12    15 0/8/0/0/0                1450.0  1140.0    33.0    52.7   69.0   70.0     0 5/8/2/7/0/3           2     8  58.5   10.4   55.0   17.0 1449.0 S 0.93 -
 870   14   14    15 0/8/0/0/0                1450.0  1140.0     4.8    74.8   69.0   70.0     0 5/8/2/7/0/3           2     6  60.7   10.5   45.0    4.8 1449.0 S 0.93 -
 880   13   13    15 0/9/0/0/0                1450.0  1140.0     0.0    74.8   69.0   70.0     0 5/8/2/7/0/3           2     6  60.9   10.4   20.0    0.0 1449.0 S 0.77 -
 890    2    2    15 0/20/0/0/0               1450.0  1140.0     0.0    74.8   69.0   70.0     0 5/8/2/7/0/3           2     3  62.3    9.9   10.0    0.0 1449.0 L 0.50 -
 900    1    1    15 0/21/0/0/0               1450.0  1140.0     3.8    74.8   69.0   70.0     0 5/8/2/7/0/3           2     1  55.6   11.3   15.0    0.0 1449.0 L 1.00 -
 910    1    1    15 0/21/0/0/0               1450.0  1140.0     5.1    74.8   69.0   70.0     0 5/8/2/7/0/3           2     1  50.5    9.0   15.0    2.6 1449.0 L 1.00 -
 920    1    1    15 0/21/0/0/0               1450.0  1140.0     9.0    74.8   69.0   70.0     0 5/8/2/7/0/3           2     2  44.3   10.1   10.0    4.2 1449.0 L 1.00 -
 930    1    1    15 0/21/0/0/0               1450.0  1140.0    12.0    74.8   69.0   70.0     0 5/8/2/7/0/3           2     1  55.0   10.0   20.0    7.5 1449.0 L 1.00 -
 940    1    1    15 0/21/0/0/0               1450.0  1140.0    14.1    74.8   69.0   70.0     0 5/8/2/7/0/3           2     1  50.3   10.3   10.0   10.9 1449.0 L 1.00 -
 950    1    1    15 0/21/0/0/0               1450.0  1140.0    21.0    74.8   69.0   70.0     0 5/8/2/7/0/3           2     3  36.2    9.6    0.0   13.8 1449.0 L 1.00 -
 960    1    1    15 0/21/0/0/0               1450.0  1140.0    24.9    74.8   69.0   70.0     0 5/8/2/7/0/3           2     1  50.7   10.1   35.0   19.2 1449.0 L 1.00 -
 970    1    1    15 0/21/0/0/0               1450.0  1140.0    26.8    74.8   69.0   70.0     0 5/8/2/7/0/3           2     1  47.1   10.0    0.0   23.6 1449.0 L 1.00 -
 980    1    1    15 0/21/0/0/0               1450.0  1140.0    30.4    74.8   69.0   70.0     0 5/8/2/7/0/3           2     1  52.9   11.3   25.0   26.1 1449.0 L 1.00 -
 990    1    1    15 0/21/0/0/0               1450.0  1140.0    30.2    83.9   69.0   70.0     0 5/8/2/7/0/3           2     2  45.4    8.7   45.0   29.8 1449.0 L 1.00 -
1000    1    1    15 0/21/0/0/0               1450.0  1140.0    27.7    83.9   69.0   70.0     0 5/8/2/7/0/3           2     1  55.6    9.8   25.0   27.7 1449.0 L 1.00 -
1010    1    1    15 0/21/0/0/0               1450.0  1140.0    29.7    90.6   69.0   70.0     0 5/8/2/7/0/3           2     1  53.2   12.3   35.0   27.6 1449.0 L 1.00 -
1020    1    1    15 0/21/0/0/0               1450.0  1140.0    31.4    90.6   69.0   70.0     0 5/8/2/7/0/3           2     1  55.8    8.7    0.0   28.6 1449.0 L 1.00 -
1030    1    1    15 0/21/0/0/0               1450.0  1140.0    29.0    90.6   69.0   70.0     0 5/8/2/7/0/3           2     1  45.9    9.2    0.0   29.0 1449.0 L 1.00 -
1040    1    1    15 0/21/0/0/0               1450.0  1140.0    29.5    90.6   69.0   70.0     0 5/8/2/7/0/3           2     1  45.9   12.9    0.0   27.6 1449.0 L 1.00 -
1050    1    1    15 0/21/0/0/0               1450.0  1140.0    29.1    90.6   69.0   70.0     0 5/8/2/7/0/3           2     1  50.2    9.6   10.0   27.8 1449.0 L 1.00 -
1060    1    1    15 0/21/0/0/0               1450.0  1140.0    34.4    90.6   69.0   70.0     0 5/8/2/7/0/3           2     2  46.9    9.7    0.0   28.6 1449.0 L 1.00 -
1070    1    1    15 0/21/0/0/0               1450.0  1140.0    35.9   100.2   69.0   70.0     0 5/8/2/7/0/3           2     2  56.6    8.5   30.0   32.0 1449.0 L 1.00 -
1080    1    1    15 0/21/0/0/0               1450.0  1140.0    37.5   100.2   69.0   70.0     0 5/8/2/7/0/3           2     1  55.4   12.2    0.0   33.9 1449.0 L 1.00 -
1090    1    1    15 0/21/0/0/0               1450.0  1140.0    39.2   100.2   69.0   70.0     0 5/8/2/7/0/3           2     2  47.4    9.0   10.0   36.4 1449.0 L 1.00 -
1100    1    1    15 0/21/0/0/0               1450.0  1140.0    40.8   100.2   69.0   70.0     0 5/8/2/7/0/3           2     1  46.9   10.1    5.0   39.0 1449.0 L 1.00 -
1110    1    1    15 0/21/0/0/0               1450.0  1140.0    38.3   108.2   69.0   70.0     0 5/8/2/7/0/3           2     1  51.8    9.9   40.0   38.3 1449.0 L 1.00 -
1120    2    1    16 0/21/0/0/0               1450.0  1140.0    38.2   114.4   69.0   70.0     0 5/8/2/7/0/3           2     2  58.0   10.1   30.0   36.5 1449.0 L 1.00 -
1130    2    2    16 0/21/0/0/0               1450.0  1140.0    39.4   114.4   69.0   70.0     0 5/8/2/7/0/3           2     1  57.2   10.4   40.0   35.4 1449.0 L 1.00 -
1140    2    2    16 0/21/0/0/0               1300.0  1020.0    34.4    14.8   71.0   70.0     1 5/8/2/6/0/3           2     2  61.0   11.5  197.2   34.4 1299.0 L 1.00 -
1150    2    2    16 0/21/0/0/0               1300.0  1020.0    29.5    14.8   71.0   70.0     0 5/8/2/6/0/3           2     0  59.0    9.8  246.6   29.5 1300.0 L 1.00 -
1160    2    2    16 0/21/0/0/0               1300.0  1020.0    24.6    14.8   71.0   70.0     0 5/8/2/6/0/3           2     0  59.1   11.2  246.6   24.6 1300.0 L 1.00 -
1170    2    2    16 0/21/0/0/0               1300.0  1020.0    21.9    23.1   71.0   70.0     0 5/8/2/6/0/3           2     2  54.8   10.9  246.6   20.8 1299.0 L 1.00 -
1180    2    2    16 0/21/0/0/0               1300.0  1020.0    16.9    23.1   71.0   70.0     0 5/8/2/6/0/3           2     0  62.1   10.5  246.6   16.9 1300.0 L 1.00 -
1190    2    2    16 0/21/0/0/0               1300.0  1020.0    17.3    23.1   71.0   70.0     0 5/8/2/6/0/3           2     1  57.7    9.5  246.6   15.1 1299.0 L 1.00 -
1200    2    2    16 0/21/0/0/0               1300.0  1020.0    23.5    23.1   71.0   70.0     0 5/8/2/6/0/3           2     2  53.6   10.8  246.6   15.8 1299.0 L 1.00 -
1210    2    2    16 0/21/0/0/0               1300.0  1020.0    22.7    23.1   71.0   70.0     0 5/8/2/6/0/3           2     1  60.5    9.2  246.6   18.7 1299.0 L 1.00 -
1220    2    2    16 0/21/0/0/0               1300.0  1020.0    17.8    23.1   71.0   70.0     0 5/8/2/6/0/3           2     1  64.6   11.4  246.6   17.8 1299.0 L 1.00 -
1230    2    2    16 0/21/0/0/0               1300.0  1020.0    17.4    23.1   71.0   70.0     0 5/8/2/6/0/3           2     1  53.6    9.7  246.6   16.9 1299.0 L 1.00 -
1240    2    2    16 0/21/0/0/0               1300.0  1020.0    12.4    23.1   71.0   70.0     0 5/8/2/6/0/3           2     0  64.1   11.9  246.6   12.4 1300.0 L 1.00 -
1250    2    2    16 0/21/0/0/0               1300.0  1020.0    13.3    23.1   71.0   70.0     0 5/8/2/6/0/3           2     1  61.3   11.0  246.6   11.4 1299.0 L 1.00 -
1260    2    2    16 0/21/0/0/0               1300.0  1020.0    13.2    23.1   71.0   70.0     0 5/8/2/6/0/3           2     1  57.9    8.9  246.6    8.9 1299.0 L 1.00 -
1270    2    2    16 0/21/0/0/0               1300.0  1020.0     8.2    23.1   71.0   70.0     0 5/8/2/6/0/3           2     1  57.8   10.6  246.6    8.2 1299.0 L 1.00 -
1280    2    2    16 0/21/0/0/0               1300.0  1020.0     3.3    23.1   71.0   70.0     0 5/8/2/6/0/3           2     1  53.4   11.3  246.6    3.3 1299.0 L 1.00 -
1290    2    2    16 0/21/0/0/0               1300.0  1020.0     0.7    23.1   71.0   70.0     0 5/8/2/6/0/3           2     1  59.8    9.1  246.6    0.7 1299.0 L 1.00 -
1300    0    0    16 0/23/0/0/0               1300.0  1020.0     0.0    23.1   71.0   70.0     0 5/8/2/6/0/3           2     0  53.7   16.5  246.6    0.0 1300.0 L 0.00 -
1310    0    0    16 0/23/0/0/0               1300.0  1020.0     0.0    23.1   71.0   70.0     0 5/8/2/6/0/3           2     0   0.0    0.0  246.6    0.0 1300.0 L 0.00 -
1320    0    0    16 0/23/0/0/0               1300.0  1020.0     0.0    23.1   71.0   70.0     0 5/8/2/6/0/3           2     0   0.0    0.0  246.6    0.0 1300.0 L 0.00 -
1330    0    0    16 0/23/0/0/0               1300.0  1020.0     0.0    23.1   71.0   70.0     0 5/8/2/6/0/3           2     0   0.0    0.0  246.6    0.0 1300.0 L 0.00 -
1340    0    0    16 0/23/0/0/0               1300.0  1020.0     0.0    23.1   71.0   70.0     0 5/8/2/6/0/3           2     0   0.0    0.0  246.6    0.0 1300.0 L 0.00 -
1350    0    0    16 0/23/0/0/0               1300.0  1020.0     0.0    23.1   71.0   70.0     0 5/8/2/6/0/3           2     0   0.0    0.0  246.6    0.0 1300.0 L 0.00 -
1360    0    0    16 0/23/0/0/0               1300.0  1020.0     0.0    23.1   71.0   70.0     0 5/8/2/6/0/3           2     0   0.0    0.0  246.6    0.0 1300.0 L 0.00 -
1370    0    0    16 0/23/0/0/0               1300.0  1020.0     0.0    23.1   71.0   70.0     0 5/8/2/6/0/3           2     0   0.0    0.0  246.6    0.0 1300.0 L 0.00 -
1380    0    0    16 0/23/0/0/0               1300.0  1020.0     0.0    23.1   71.0   70.0     0 5/8/2/6/0/3           2     0   0.0    0.0  246.6    0.0 1300.0 L 0.00 -
1390    0    0    16 0/23/0/0/0               1300.0  1020.0     0.0    23.1   71.0   70.0     0 5/8/2/6/0/3           2     0   0.0    0.0  246.6    0.0 1300.0 L 0.00 -
1400    0    0    16 0/23/0/0/0               1300.0  1020.0     0.0    23.1   71.0   70.0     0 5/8/2/6/0/3           2     0   0.0    0.0  246.6    0.0 1300.0 L 0.00 -
1410    0    0    16 0/23/0/0/0               1300.0  1020.0     0.0    23.1   71.0   70.0     0 5/8/2/6/0/3           2     0   0.0    0.0  246.6    0.0 1300.0 L 0.00 -
1420    0    0    16 0/23/0/0/0               1300.0  1020.0     0.0    23.1   71.0   70.0     0 5/8/2/6/0/3           2     0   0.0    0.0  246.6    0.0 1300.0 L 0.00 -
1430    0    0    16 0/23/0/0/0               1300.0  1020.0     0.0    23.1   71.0   70.0     0 5/8/2/6/0/3           2     0   0.0    0.0  246.6    0.0 1300.0 L 0.00 -
1440    0    0    16 0/23/0/0/0               1300.0  1020.0     0.0    23.1   71.0   70.0     0 5/8/2/6/0/3           2     0   0.0    0.0  246.6    0.0 1300.0 L 0.00 -
1450    0    0    16 0/23/0/0/0               1300.0  1020.0     0.0    23.1   71.0   70.0     0 5/8/2/6/0/3           2     0   0.0    0.0  246.6    0.0 1300.0 L 0.00 -
1460    0    0    16 0/23/0/0/0               1300.0  1020.0     0.0    23.1   71.0   70.0     0 5/8/2/6/0/3           2     0   0.0    0.0  246.6    0.0 1300.0 L 0.00 -
1470    0    0    16 0/23/0/0/0               1300.0  1020.0     0.0    23.1   71.0   70.0     0 5/8/2/6/0/3           2     0   0.0    0.0  246.6    0.0 1300.0 L 0.00 -
1480    0    0    16 0/23/0/0/0               1300.0  1020.0     0.0    23.1   71.0   70.0     0 5/8/2/6/0/3           2     0   0.0    0.0  246.6    0.0 1300.0 L 0.00 -
1490    0    0    16 0/23/0/0/0               1300.0  1020.0     0.0    23.1   71.0   70.0     0 5/8/2/6/0/3           2     0   0.0    0.0  246.6    0.0 1300.0 L 0.00 -
1500    0    0    16 0/23/0/0/0               1300.0  1020.0     0.0    23.1   71.0   70.0     0 5/8/2/6/0/3           2     0   0.0    0.0  246.6    0.0 1300.0 L 0.00 -

targets for seed 2026 (1500 sols):
  T1 FAIL run min pop 0 (needs >= 5), final pop 0
  T2 PASS deaths 23 (air 0 thirst 23 hunger 0 eva 0 other 0), unexplained 0
  T3 PASS births 16, first_birth_sol 292, at_capacity 0, cooldown_violations 0, pop@30=7, pop@100=7, pop@300=11
  T4 PASS min O2 260.5, food 203.1; ice ran dry (pressure): min ice 0.0, ice>30 0.0, thirst deaths 23; max ice/target 0.97, regolith/target 0.48
  T5 FAIL demand>supply 25.01% of steps (<=10), max shorts/sol 1 (<=2), max offline 9054.6 h (<=24.7), first new reactor sol 13 (<=15)
  T6 PASS limited 18778.6 h = 50.77% (>=2% provisional; 4 of 5 seeds), site busy 39.4%; waiting_regolith 4935.0 h, site_no_crew 13843.6 h
  T7 FAIL turn_backs_air 1, exhausted 341, reachable>=2 at 100.0% of 1500 sol samples (>=95), trips 788
  T8 FAIL row avg energy 0.0..64.6 (40..90), row asleep 0.0..16.5% (5..30), max sleep 8.8 h (<=18)
  T9 N/A  checked by repeating the run and by tests/test_determinism.gd (compare the table sha256)
  T10 FAIL first settlement sol 321 (40..150), age_changes 4 (<=4), min gap between consecutive history entries 51 (>=20), history 5 entries (changes+1 = 5); report: sols_in_age landing 1046 settlement 454 council 0, age at end landing, changes [sol 321 settled; sol 724 fell_back (cause ice); sol 836 settled_again; sol 887 fell_back (cause ice)], fall back causes [sol 724 ice; sol 887 ice], not-ok sols 364 (by group, a sol can fail several: ice 66, food 1, oxygen 1, power 167, death 12, unrest 172)
  T11 FAIL (1) list lengths 1501/1501/1501/1501 ok; (2) lonely mean of last 50 readings 0.000 (max 0.35) ok; (3) friends_mean 0.00 (1.0..15.0) BAD; (4) first_friendship_sol 202 ok; (5) lines_dropped (total) 0 ok; report: web 0.00 second 0.00 lonely 0.00 friends_mean 0.00 friends share of colony 0.000 (pop 0)
  T12 PASS (1) list lengths 1501/1501/1501 ok; (2) C2 ok; (3) council changes 0 (<=4) ok; (4) proposals 0 ok; (5) one Council line per boundary ok; report: first Council sol <null>, meetings 0, proposals [], pledge sol <null> reason -, lines {"circles_few":3}, dropped 0; council_min_seeds 3 pledge_min_seeds 1
RESULT FAIL (target 9 determinism: table sha256 b3dc07d50e9cdad0)
