Godot Engine v4.5.stable.official.876b29033 - https://godotengine.org

# station zero balance run: seed=42 sols=1500 overrides=[resources.throughput.water_before_construction=true] fixed_step=0.05 data_hash=fa4e853f877611d0
# deaths and births are cumulative; shorts, trips, energy, asleep, wait, min_* are for the 30-sol window
 sol  pop  min birth dead a/t/h/o/x           oxygen    food     ice   regol   dmnd   supp short bldg R/H/W/G/A/C  reach trips  avgE asleep%  waitH minIce  minO2 age web cn
  10    7    7     0 0/0/0/0/0                 382.9   296.2    59.5     6.6   13.0   28.0     0 2/1/1/1/0/0           2     6  54.9   10.0  128.8   54.6  260.5 L 1.00 -
  20    7    7     0 0/0/0/0/0                 550.0   420.0    58.5     4.3   16.0   28.0     0 2/2/1/1/0/0           2    11  53.6   11.2   73.3   53.5  383.0 L 1.00 -
  30    7    7     0 0/0/0/0/0                 550.0   420.0    72.1    39.4   16.0   28.0     0 2/2/1/1/0/0           2    12  50.1   10.6  218.8   57.9  549.0 L 1.00 -
  40    7    7     0 0/0/0/0/0                 700.0   540.0    75.0     8.0   21.0   28.0     0 2/3/1/2/0/0           2     6  56.5   12.1  117.1   72.0  549.0 L 1.00 -
  50    7    7     0 0/0/0/0/0                 700.0   540.0    61.8    15.8   23.0   28.0     0 2/3/1/2/0/0           2    14  51.8   11.1  113.0   61.8  698.6 L 1.00 -
  60    7    7     0 0/0/0/0/0                 700.0   540.0    65.9     1.7   27.0   28.0     0 2/3/2/2/0/0           2    10  50.1   10.5  192.2   58.6  699.0 L 1.00 -
  70    7    7     0 0/0/0/0/0                 700.0   540.0    58.7    14.5   25.0   42.0     0 3/3/2/2/0/0           2     5  57.7   10.6  179.0   58.7  699.0 L 1.00 -
  80    7    7     0 0/0/0/0/0                 700.0   540.0    59.7    39.9   25.0   42.0     0 3/3/2/2/0/0           2     7  55.3   11.5  120.0   55.0  699.0 L 1.00 -
  90    7    7     0 0/0/0/0/0                 700.0   540.0    74.4     7.5   27.0   42.0     0 3/3/2/2/0/0           2    10  53.0   10.2  190.1   57.9  699.0 L 1.00 -
 100    7    7     0 0/0/0/0/0                 700.0   540.0    66.5    28.6   27.0   42.0     0 3/3/2/2/0/0           2     6  53.5   10.3  240.0   66.5  699.0 L 1.00 -
 110    7    7     0 0/0/0/0/0                 700.0   540.0    52.0    36.2   27.0   42.0     0 3/3/2/2/0/0           2     3  53.6   10.7  236.3   52.0  699.0 L 0.86 -
 120    7    7     0 0/0/0/0/0                 700.0   540.0    34.7    47.8   27.0   42.0     0 3/3/2/2/0/0           2     2  58.6   10.7  234.6   34.7  699.0 L 0.71 -
 130    7    7     0 0/0/0/0/0                 850.0   660.0    33.4    17.6   31.0   42.0     0 3/3/2/3/0/0           2     8  53.2   10.5  186.3   32.3  699.0 L 0.71 -
 140    7    7     0 0/0/0/0/0                 850.0   660.0    48.4    54.6   31.0   42.0     0 3/3/2/3/0/0           2    12  49.0   10.8  242.3   28.5  848.6 L 0.71 -
 150    7    7     0 0/0/0/0/0                 850.0   660.0    42.0    65.7   31.0   42.0     0 3/3/2/3/0/0           2     5  54.9   10.5  234.2   42.0  849.0 L 0.57 -
 160    7    7     0 0/0/0/0/0                 850.0   660.0    38.3    87.0   31.0   42.0     0 3/3/2/3/0/0           2     6  51.9   10.7  243.3   32.6  849.0 L 0.29 -
 170    7    7     0 0/0/0/0/0                1000.0   780.0    46.6    22.5   35.0   42.0     0 3/3/2/4/0/0           2     7  51.5   11.0  214.9   31.2  849.0 L 0.43 -
 180    7    7     0 0/0/0/0/0                1000.0   780.0    45.8    65.7   36.0   42.0     0 3/4/2/4/0/0           2    11  51.7   10.1  219.2   40.5  999.0 L 0.43 -
 190    7    7     0 0/0/0/0/0                1000.0   780.0    58.3    24.4   38.0   42.0     0 3/4/2/4/0/0           2    11  55.6   11.6  202.3   35.1  999.0 L 0.57 -
 200    7    7     0 0/0/0/0/0                1000.0   780.0    51.2    10.7   41.0   42.0     0 3/5/2/4/0/0           2    12  58.9   11.0  199.2   51.2  999.0 L 0.57 -
 210    7    7     0 0/0/0/0/0                1000.0   780.0    55.8    42.4   41.0   42.0     0 3/5/2/4/0/0           2     7  55.5   10.7  246.6   50.6  999.0 L 0.57 -
 220    7    7     0 0/0/0/0/0                1000.0   780.0    44.4    87.6   41.0   42.0     0 3/5/2/4/0/0           2     6  56.0   11.6  240.7   44.4  999.0 L 0.57 -
 230    7    7     0 0/0/0/0/0                1000.0   780.0    43.7   108.9   41.0   42.0     0 3/5/2/4/0/0           2     6  57.2   10.2  242.2   34.7  999.0 L 0.43 -
 240    7    7     0 0/0/0/0/0                1000.0   780.0    26.5   114.7   41.0   42.0     0 3/5/2/4/0/0           2     1  59.1   10.6  246.6   26.5  999.0 L 0.43 -
 250    7    7     0 0/0/0/0/0                1000.0   780.0    33.4   114.7   41.0   42.0     0 3/5/2/4/0/0           2     5  56.2   11.3  242.9   23.4  999.0 L 0.43 -
 260    7    7     0 0/0/0/0/0                1000.0   780.0    32.9   120.0   41.0   42.0     0 3/5/2/4/0/0           2     5  55.8   10.8  246.6   30.1  999.0 L 0.43 -
 270    7    7     0 0/0/0/0/0                1000.0   780.0    20.0   144.5   41.0   42.0     0 3/5/2/4/0/0           2     6  56.5   10.2  245.5   20.0  999.0 L 0.43 -
 280    9    7     2 0/0/0/0/0                1000.0   780.0    38.5   144.5   41.0   42.0     0 3/5/2/4/0/0           2     6  55.1   10.7  246.6   19.4  999.0 L 0.44 -
 290   12    9     5 0/0/0/0/0                1000.0   780.0    28.5   157.3   41.0   42.0     0 3/5/2/4/0/0           2     6  59.0   10.6  244.1   24.1  999.0 L 0.83 -
 300   12   12     5 0/0/0/0/0                1000.0   780.0    22.8   170.5   41.0   42.0     0 3/5/2/4/0/0           2     6  61.6   10.7  246.6   17.1  999.0 L 0.75 -
 310   12   12     5 0/0/0/0/0                1000.0   780.0    38.1   181.3   41.0   42.0     0 3/5/2/4/0/0           2     8  59.0   10.6  246.5   22.4  999.0 S 0.83 -
 320   13   12     6 0/0/0/0/0                1000.0   780.0    28.8   191.6   41.0   42.0     0 3/5/2/4/0/0           2     6  60.8   10.6  246.6   20.7  999.0 S 0.92 -
 330   13   13     6 0/0/0/0/0                1000.0   780.0    20.7   200.6   41.0   42.0     0 3/5/2/4/0/0           2     8  59.4   11.1  244.6   15.5  999.0 S 0.92 -
 340   13   13     6 0/0/0/0/0                1000.0   780.0    30.8   207.9   41.0   42.0     0 3/5/2/4/0/0           2    10  60.3   10.5  244.1   14.2  999.0 S 0.92 -
 350   13   13     6 0/0/0/0/0                1000.0   780.0    26.2   215.4   41.0   42.0     0 3/5/2/4/0/0           2     6  60.6   10.7  246.6   26.2  999.0 S 0.92 -
 360   13   13     6 0/0/0/0/0                1000.0   780.0    17.4   215.4   41.0   42.0     0 3/5/2/4/0/0           2     5  57.6   10.9  245.9   15.2  999.0 S 0.92 -
 370   13   13     6 0/0/0/0/0                1000.0   780.0    32.4   215.4   41.0   42.0     0 3/5/2/4/0/0           2    10  59.2   10.4  246.6   13.1  999.0 S 0.92 -
 380   13   13     6 0/0/0/0/0                1000.0   780.0    10.1   221.4   41.0   42.0     0 3/5/2/4/0/0           2     5  60.2   10.5  245.0    6.5  999.0 S 0.92 -
 390   13   13     6 0/0/0/0/0                1000.0   780.0    11.1   221.4   41.0   42.0     0 3/5/2/4/0/0           2     8  57.9   11.0  246.6    3.8  999.0 S 0.92 -
 400   13   13     6 0/0/0/0/0                1000.0   780.0    30.1   221.4   41.0   42.0     0 3/5/2/4/0/0           2     9  59.1   10.8  246.6    9.8  999.0 S 0.92 -
 410   13   13     6 0/0/0/0/0                1000.0   780.0    30.7   221.4   41.0   42.0     0 3/5/2/4/0/0           2     8  61.2   10.2  246.6   19.8  999.0 S 0.92 -
 420   13   13     6 0/0/0/0/0                1000.0   780.0    32.2   221.4   41.0   42.0     0 3/5/2/4/0/0           2     7  61.2   11.1  246.6   23.6  999.0 S 0.92 -
 430   13   13     6 0/0/0/0/0                1000.0   780.0    19.9   233.4   41.0   42.0     0 3/5/2/4/0/0           2     7  59.8   10.9  246.6   19.2  999.0 S 0.92 -
 440   13   13     6 0/0/0/0/0                1000.0   780.0    30.4   246.6   41.0   42.0     0 3/5/2/4/0/0           2     9  61.1   10.9  246.6   18.1  999.0 S 0.92 -
 450   13   13     6 0/0/0/0/0                1000.0   780.0    28.5   246.6   41.0   42.0     0 3/5/2/4/0/0           2     6  60.3    9.9  242.2   19.3  999.0 S 0.92 -
 460   13   13     6 0/0/0/0/0                1000.0   780.0    31.8   246.6   41.0   42.0     0 3/5/2/4/0/0           2     7  60.3   11.1  246.6   20.9  999.0 S 0.92 -
 470   13   13     6 0/0/0/0/0                1000.0   780.0    37.7   255.2   41.0   42.0     0 3/5/2/4/0/0           2     9  62.3   10.9  246.6   27.5  999.0 S 1.00 -
 480   13   13     6 0/0/0/0/0                1000.0   780.0    54.3   261.9   41.0   42.0     0 3/5/2/4/0/0           2     9  62.0   11.0  246.6   35.1  999.0 S 1.00 -
 490   13   13     6 0/0/0/0/0                1000.0   780.0    29.9   277.5   41.0   42.0     0 3/5/2/4/0/0           2     5  60.0   10.2  246.6   24.7  999.0 S 0.92 -
 500   13   13     6 0/0/0/0/0                1000.0   780.0    32.8   279.6   41.0   42.0     0 3/5/2/4/0/0           2     6  59.8   11.0  246.6   26.8  999.0 S 0.85 -
 510   13   13     6 0/0/0/0/0                1000.0   780.0    27.3   291.4   41.0   42.0     0 3/5/2/4/0/0           2     9  58.9   10.8  242.7   24.2  999.0 S 0.85 -
 520   13   13     6 0/0/0/0/0                1000.0   780.0    21.2   301.6   41.0   42.0     0 3/5/2/4/0/0           2     6  58.4   10.8  243.4   19.3  999.0 S 0.85 -
 530   13   13     6 0/0/0/0/0                1000.0   780.0    20.8   310.0   41.0   42.0     0 3/5/2/4/0/0           2     7  61.3   10.9  242.6   20.8  998.5 S 0.85 -
 540   13   13     6 0/0/0/0/0                1000.0   780.0    37.8   310.0   41.0   42.0     0 3/5/2/4/0/0           2     8  60.8   10.2  245.2   20.4  999.0 S 0.92 -
 550   14   13     7 0/0/0/0/0                1000.0   780.0    28.3   238.9   41.0   56.0     0 4/5/2/4/0/0           2     8  58.2   11.3  206.9   21.8  999.0 S 0.93 -
 560   16   14     9 0/0/0/0/0                1000.0   780.0     9.2   155.4   44.0   56.0     0 4/6/2/4/0/0           2     5  61.2   10.0  209.7    9.2  999.0 S 0.94 -
 570   16   16     9 0/0/0/0/0                1000.0   780.0     6.9   155.4   44.0   56.0     0 4/6/2/4/0/0           2    10  58.7   10.6  246.6    0.8  999.0 S 0.94 -
 580    7    6    10 0/10/0/0/0               1000.0   780.0     3.7   163.7   44.0   56.0     0 4/6/2/4/0/0           2     3  62.3   10.2  246.6    0.0  999.0 S 0.86 -
 590    9    7    12 0/10/0/0/0               1000.0   780.0     3.6   163.7   44.0   56.0     0 4/6/2/4/0/0           2     4  58.7   10.5  246.6    0.0  999.0 L 0.78 -
 600    2    2    12 0/17/0/0/0               1000.0   780.0     6.2   163.7   44.0   56.0     0 4/6/2/4/0/0           2     3  57.9   10.3  246.6    0.0  999.0 L 0.50 -
 610    2    2    12 0/17/0/0/0               1000.0   780.0    12.9   163.7   44.0   56.0     0 4/6/2/4/0/0           2     2  52.6   11.9  246.6    4.1  999.0 L 0.50 -
 620    2    2    12 0/17/0/0/0               1000.0   780.0    29.7   163.7   44.0   56.0     0 4/6/2/4/0/0           2     5  45.5   10.6  246.6   12.0  999.0 L 0.50 -
 630    2    2    12 0/17/0/0/0               1000.0   780.0    30.3   163.7   44.0   56.0     0 4/6/2/4/0/0           2     1  52.1   10.8  246.6   27.3  999.0 L 0.50 -
 640    2    2    12 0/17/0/0/0               1000.0   780.0    29.5   163.7   44.0   56.0     0 4/6/2/4/0/0           2     1  54.7    9.0  246.6   28.3  999.0 L 0.50 -
 650    2    2    12 0/17/0/0/0               1000.0   780.0    38.8   163.7   44.0   56.0     0 4/6/2/4/0/0           2     2  49.2   12.0  246.6   27.9  999.0 L 0.50 -
 660    2    2    12 0/17/0/0/0               1000.0   780.0    33.8   172.7   44.0   56.0     0 4/6/2/4/0/0           2     1  51.8    9.5  246.6   33.8  999.0 L 0.50 -
 670    2    2    12 0/17/0/0/0               1000.0   780.0    35.0   181.5   44.0   56.0     0 4/6/2/4/0/0           2     2  56.8   11.8  246.6   31.8  999.0 L 0.50 -
 680    2    2    12 0/17/0/0/0               1000.0   780.0    30.0   181.5   44.0   56.0     0 4/6/2/4/0/0           2     0  55.5    9.5  246.6   30.0 1000.0 L 0.50 -
 690    2    2    12 0/17/0/0/0               1000.0   780.0    25.1   181.5   44.0   56.0     0 4/6/2/4/0/0           2     0  53.0   11.5  246.6   25.1 1000.0 L 0.50 -
 700    2    2    12 0/17/0/0/0               1000.0   780.0    27.9   181.5   44.0   56.0     0 4/6/2/4/0/0           2     2  51.2   10.5  246.6   22.8  999.0 L 0.50 -
 710    2    2    12 0/17/0/0/0               1000.0   780.0    28.8   191.0   44.0   56.0     0 4/6/2/4/0/0           2     2  52.7   10.2  246.6   23.7  999.0 L 0.50 -
 720    2    2    12 0/17/0/0/0               1000.0   780.0    33.3   191.0   44.0   56.0     0 4/6/2/4/0/0           2     2  53.1   10.4  246.6   26.1  999.0 L 0.50 -
 730    2    2    12 0/17/0/0/0               1000.0   780.0    28.3   191.0   44.0   56.0     0 4/6/2/4/0/0           2     0  51.1    9.9  246.6   28.3 1000.0 L 0.50 -
 740    2    2    12 0/17/0/0/0               1000.0   780.0    23.4   197.3   44.0   56.0     0 4/6/2/4/0/0           2     1  55.6   10.8  246.6   23.4  999.0 L 0.50 -
 750    2    2    12 0/17/0/0/0               1000.0   780.0    21.1   197.3   44.0   56.0     0 4/6/2/4/0/0           2     1  53.5   11.0  246.6   19.2  999.0 L 0.50 -
 760    2    2    12 0/17/0/0/0               1000.0   780.0    21.9   197.3   44.0   56.0     0 4/6/2/4/0/0           2     1  59.6   10.6  246.6   18.9  999.0 L 0.50 -
 770    2    2    12 0/17/0/0/0               1000.0   780.0    32.4   197.3   44.0   56.0     0 4/6/2/4/0/0           2     3  49.4   10.1  246.6   21.2  999.0 L 0.50 -
 780    2    2    12 0/17/0/0/0               1000.0   780.0    36.9   197.3   44.0   56.0     0 4/6/2/4/0/0           2     2  51.3   10.0  246.6   30.6  999.0 L 0.50 -
 790    2    2    12 0/17/0/0/0               1000.0   780.0    32.0   197.3   44.0   56.0     0 4/6/2/4/0/0           2     0  61.4   10.3  246.6   32.0 1000.0 L 0.50 -
 800    2    2    12 0/17/0/0/0               1000.0   780.0    27.0   205.4   44.0   56.0     0 4/6/2/4/0/0           2     2  52.3   10.6  246.6   27.0  999.0 L 0.50 -
 810    2    2    12 0/17/0/0/0               1000.0   780.0    32.9   205.4   44.0   56.0     0 4/6/2/4/0/0           2     3  53.2    9.9  246.6   26.8  999.0 L 0.50 -
 820    2    2    12 0/17/0/0/0               1000.0   780.0    32.9   217.7   44.0   56.0     0 4/6/2/4/0/0           2     1  55.9   12.0  246.6   30.8  999.0 L 0.50 -
 830    2    2    12 0/17/0/0/0               1000.0   780.0    33.8   217.7   44.0   56.0     0 4/6/2/4/0/0           2     1  52.5   10.7  246.6   29.0  999.0 L 0.50 -
 840    3    2    13 0/17/0/0/0               1000.0   780.0    32.5   217.7   44.0   56.0     0 4/6/2/4/0/0           2     1  55.6    9.3  246.6   31.6  999.0 L 0.67 -
 850    3    3    13 0/17/0/0/0               1000.0   780.0    34.7   217.7   44.0   56.0     0 4/6/2/4/0/0           2     2  57.6   10.4  246.6   27.6  999.0 L 0.67 -
 860    3    3    13 0/17/0/0/0               1000.0   780.0    34.2   217.7   44.0   56.0     0 4/6/2/4/0/0           2     1  57.1   11.0  246.6   27.5  999.0 L 0.67 -
 870    3    3    13 0/17/0/0/0               1000.0   780.0    28.9   217.7   44.0   56.0     0 4/6/2/4/0/0           2     1  57.6   10.8  246.6   28.9  999.0 L 0.67 -
 880    3    3    13 0/17/0/0/0               1000.0   780.0    26.8   228.4   44.0   56.0     0 4/6/2/4/0/0           2     2  58.2   10.4  246.6   24.0  999.0 L 0.67 -
 890    4    3    14 0/17/0/0/0               1000.0   780.0    22.5   237.8   44.0   56.0     0 4/6/2/4/0/0           2     4  56.0   10.4  246.6   20.5  999.0 L 1.00 -
 900    4    4    14 0/17/0/0/0               1000.0   780.0    26.2   237.8   44.0   56.0     0 4/6/2/4/0/0           2     2  57.4   10.5  246.6   22.4  999.0 L 1.00 -
 910    4    4    14 0/17/0/0/0               1000.0   780.0    28.0   237.8   44.0   56.0     0 4/6/2/4/0/0           2     1  57.0   10.7  246.6   25.9  999.0 L 1.00 -
 920    4    4    14 0/17/0/0/0               1000.0   780.0    31.5   237.8   44.0   56.0     0 4/6/2/4/0/0           2     2  61.6   10.8  246.6   23.4  999.0 L 1.00 -
 930    4    4    14 0/17/0/0/0               1000.0   780.0    21.6   237.8   44.0   56.0     0 4/6/2/4/0/0           2     0  58.2    9.9  246.6   21.6 1000.0 L 1.00 -
 940    4    4    14 0/17/0/0/0               1000.0   780.0    18.4   237.8   44.0   56.0     0 4/6/2/4/0/0           2     1  61.1   11.0  246.6   13.7  999.0 L 1.00 -
 950    4    4    14 0/17/0/0/0               1000.0   780.0    15.6   237.8   44.0   56.0     0 4/6/2/4/0/0           2     2  60.7   10.8  246.6   12.8  999.0 L 1.00 -
 960    4    4    14 0/17/0/0/0               1000.0   780.0     5.7   241.5   44.0   56.0     0 4/6/2/4/0/0           2     2  58.8   11.1  245.6    5.7  999.0 L 1.00 -
 970    4    4    14 0/17/0/0/0               1000.0   780.0    18.0   241.5   44.0   56.0     0 4/6/2/4/0/0           2     3  59.9   10.5  246.6    4.9  999.0 L 1.00 -
 980    4    4    14 0/17/0/0/0               1000.0   780.0    29.2   241.5   44.0   56.0     0 4/6/2/4/0/0           2     4  58.1   10.3  246.6   14.5  999.0 L 1.00 -
 990    4    4    14 0/17/0/0/0               1000.0   780.0    31.7   241.5   44.0   56.0     0 4/6/2/4/0/0           2     2  59.0   10.1  246.6   27.0  999.0 L 1.00 -
1000    4    4    14 0/17/0/0/0               1000.0   780.0    27.2   241.5   44.0   56.0     0 4/6/2/4/0/0           2     1  59.6   11.8  246.6   23.0  999.0 L 1.00 -
1010    4    4    14 0/17/0/0/0               1000.0   780.0    17.4   241.5   44.0   56.0     0 4/6/2/4/0/0           2     0  63.2   10.3  246.6   17.4 1000.0 L 1.00 -
1020    4    4    14 0/17/0/0/0               1000.0   780.0    13.8   241.5   44.0   56.0     0 4/6/2/4/0/0           2     1  59.4   10.6  246.6    8.5  999.0 L 1.00 -
1030    4    4    14 0/17/0/0/0               1000.0   780.0    15.6   241.5   44.0   56.0     0 4/6/2/4/0/0           2     2  60.9   10.0  246.6   10.5  999.0 L 1.00 -
1040    4    4    14 0/17/0/0/0               1000.0   780.0    13.0   241.5   44.0   56.0     0 4/6/2/4/0/0           2     2  57.4   11.4  246.6   13.0  999.0 L 1.00 -
1050    4    4    14 0/17/0/0/0               1000.0   780.0     8.4   241.5   44.0   56.0     0 4/6/2/4/0/0           2     1  59.1   10.0  246.6    8.4  999.0 L 1.00 -
1060    4    4    14 0/17/0/0/0               1000.0   780.0     6.6   241.5   44.0   56.0     0 4/6/2/4/0/0           2     2  58.9   10.2  246.6    6.6  999.0 L 1.00 -
1070    4    4    14 0/17/0/0/0               1000.0   780.0     6.4   241.5   44.0   56.0     0 4/6/2/4/0/0           2     2  59.0   10.0  246.6    2.8  999.0 L 1.00 -
1080    4    4    14 0/17/0/0/0               1000.0   780.0     5.3   241.5   44.0   56.0     0 4/6/2/4/0/0           2     2  58.2   11.2  246.6    4.4  999.0 L 1.00 -
1090    2    2    14 0/19/0/0/0               1000.0   780.0     9.8   241.5   44.0   56.0     0 4/6/2/4/0/0           2     2  53.5   10.1  246.6    0.0  999.0 L 0.50 -
1100    2    2    14 0/19/0/0/0               1000.0   780.0    17.8   241.5   44.0   56.0     0 4/6/2/4/0/0           2     2  60.8   10.9  246.6    8.6  999.0 L 0.50 -
1110    3    2    15 0/19/0/0/0               1000.0   780.0    20.5   241.5   44.0   56.0     0 4/6/2/4/0/0           2     3  56.1   10.2  246.6   17.2  999.0 L 0.67 -
1120    3    3    15 0/19/0/0/0               1000.0   780.0    30.5   241.5   44.0   56.0     0 4/6/2/4/0/0           2     2  58.1   11.6  246.6   20.4  999.0 L 0.67 -
1130    3    3    15 0/19/0/0/0               1000.0   780.0    33.4   241.5   44.0   56.0     0 4/6/2/4/0/0           2     2  55.6   10.4  246.6   25.7  999.0 L 0.67 -
1140    3    3    15 0/19/0/0/0               1000.0   780.0    26.0   241.5   44.0   56.0     0 4/6/2/4/0/0           2     1  61.2    9.9  246.6   26.0  999.0 L 1.00 -
1150    3    3    15 0/19/0/0/0               1000.0   780.0    38.5   241.5   44.0   56.0     0 4/6/2/4/0/0           2     2  60.3   11.4  246.6   25.9  999.0 L 1.00 -
1160    3    3    15 0/19/0/0/0               1000.0   780.0    31.1   241.5   44.0   56.0     0 4/6/2/4/0/0           2     0  60.6   11.1  246.6   31.1 1000.0 L 1.00 -
1170    3    3    15 0/19/0/0/0               1000.0   780.0    23.7   241.5   44.0   56.0     0 4/6/2/4/0/0           2     0  59.4    9.4  246.6   23.7 1000.0 L 1.00 -
1180    3    3    15 0/19/0/0/0               1000.0   780.0    16.3   241.5   44.0   56.0     0 4/6/2/4/0/0           2     0  60.3   12.1  246.6   16.3 1000.0 L 1.00 -
1190    3    3    15 0/19/0/0/0               1000.0   780.0     8.9   247.3   44.0   56.0     0 4/6/2/4/0/0           2     1  60.9   10.5  246.6    8.9  999.0 L 1.00 -
1200    3    3    15 0/19/0/0/0               1000.0   780.0    11.6   251.9   44.0   56.0     0 4/6/2/4/0/0           2     3  55.6   10.3  246.6    6.6  999.0 L 1.00 -
1210    3    3    15 0/19/0/0/0               1000.0   780.0     9.6   251.9   44.0   56.0     0 4/6/2/4/0/0           2     2  56.2   10.8  246.6    9.6  999.0 L 1.00 -
1220    3    3    15 0/19/0/0/0               1000.0   780.0    11.5   251.9   44.0   56.0     0 4/6/2/4/0/0           2     2  57.1   10.5  246.6    6.4  999.0 L 1.00 -
1230    3    3    15 0/19/0/0/0               1000.0   780.0    14.3   251.9   44.0   56.0     0 4/6/2/4/0/0           2     2  57.3   10.6  246.6    7.3  999.0 L 1.00 -
1240    3    3    15 0/19/0/0/0               1000.0   780.0    18.6   251.9   44.0   56.0     0 4/6/2/4/0/0           2     3  52.5    9.9  246.6   13.0  999.0 L 1.00 -
1250    3    3    15 0/19/0/0/0               1000.0   780.0    17.4   251.9   44.0   56.0     0 4/6/2/4/0/0           2     1  59.2   10.5  246.6   11.9  999.0 L 1.00 -
1260    3    3    15 0/19/0/0/0               1000.0   780.0    19.5   251.9   44.0   56.0     0 4/6/2/4/0/0           2     2  57.1   11.1  246.6   15.8  999.0 L 1.00 -
1270    3    3    15 0/19/0/0/0               1000.0   780.0    18.3   251.9   44.0   56.0     0 4/6/2/4/0/0           2     1  62.2   10.0  246.6   17.3  999.0 L 1.00 -
1280    3    3    15 0/19/0/0/0               1000.0   780.0    16.1   251.9   44.0   56.0     0 4/6/2/4/0/0           2     2  57.0   11.5  246.6   14.7  999.0 L 1.00 -
1290    3    3    15 0/19/0/0/0               1000.0   780.0    22.3   251.9   44.0   56.0     0 4/6/2/4/0/0           2     1  63.7   11.7  246.6   16.1  999.0 L 1.00 -
1300    3    3    15 0/19/0/0/0               1000.0   780.0    26.4   251.9   44.0   56.0     0 4/6/2/4/0/0           2     3  58.5    9.6  246.6   20.4  999.0 L 1.00 -
1310    3    3    15 0/19/0/0/0               1000.0   780.0    24.5   251.9   44.0   56.0     0 4/6/2/4/0/0           2     1  57.1    9.8  246.6   21.7  999.0 L 1.00 -
1320    3    3    15 0/19/0/0/0               1000.0   780.0    24.0   251.9   44.0   56.0     0 4/6/2/4/0/0           2     1  59.7   11.8  246.6   18.5  999.0 L 1.00 -
1330    3    3    15 0/19/0/0/0               1000.0   780.0    19.8   251.9   44.0   56.0     0 4/6/2/4/0/0           2     1  57.9    9.8  246.6   17.4  999.0 L 1.00 -
1340    3    3    15 0/19/0/0/0               1000.0   780.0    19.8   251.9   44.0   56.0     0 4/6/2/4/0/0           2     1  55.6   11.9  246.6   15.5  999.0 L 1.00 -
1350    3    3    15 0/19/0/0/0               1000.0   780.0    25.0   251.9   44.0   56.0     0 4/6/2/4/0/0           2     3  54.9    8.7  246.6   18.0  999.0 L 1.00 -
1360    4    3    16 0/19/0/0/0               1000.0   780.0    22.3   251.9   44.0   56.0     0 4/6/2/4/0/0           2     2  59.8   11.4  246.6   17.8  999.0 L 1.00 -
1370    4    4    16 0/19/0/0/0               1000.0   780.0    28.9   251.9   44.0   56.0     0 4/6/2/4/0/0           2     2  61.1   11.0  246.6   21.6  999.0 L 1.00 -
1380    5    4    17 0/19/0/0/0               1000.0   780.0    22.4   263.2   44.0   56.0     0 4/6/2/4/0/0           2     3  60.4   10.3  246.6   22.4  999.0 L 1.00 -
1390    5    5    17 0/19/0/0/0               1000.0   780.0    19.6   263.2   44.0   56.0     0 4/6/2/4/0/0           2     3  63.2    9.9  246.6   16.4  999.0 L 1.00 -
1400    5    5    17 0/19/0/0/0               1000.0   780.0    14.7   263.2   44.0   56.0     0 4/6/2/4/0/0           2     1  58.3   11.1  246.6   14.7  999.0 L 1.00 -
1410    5    5    17 0/19/0/0/0               1000.0   780.0    16.1   263.2   44.0   56.0     0 4/6/2/4/0/0           2     4  59.4   10.5  246.6   13.1  999.0 L 1.00 -
1420    5    5    17 0/19/0/0/0               1000.0   780.0    23.8   263.2   44.0   56.0     0 4/6/2/4/0/0           2     2  59.5   11.0  246.6   15.8  999.0 L 1.00 -
1430    5    5    17 0/19/0/0/0               1000.0   780.0    27.2   263.2   44.0   56.0     0 4/6/2/4/0/0           2     3  59.0   10.0  246.6   20.8  999.0 L 1.00 -
1440    5    5    17 0/19/0/0/0               1000.0   780.0    20.9   263.2   44.0   56.0     0 4/6/2/4/0/0           2     2  57.6   10.8  246.6   20.9  999.0 L 1.00 -
1450    5    5    17 0/19/0/0/0               1000.0   780.0    14.3   263.2   44.0   56.0     0 4/6/2/4/0/0           2     2  59.3   11.0  246.6   14.3  999.0 L 1.00 -
1460    5    5    17 0/19/0/0/0               1000.0   780.0     8.1   263.2   44.0   56.0     0 4/6/2/4/0/0           2     1  62.1   10.2  246.6    6.2  999.0 L 1.00 -
1470    5    5    17 0/19/0/0/0               1000.0   780.0    13.0   263.2   44.0   56.0     0 4/6/2/4/0/0           2     3  59.0   10.4  246.6    6.2  999.0 L 1.00 -
1480    5    5    17 0/19/0/0/0               1000.0   780.0     0.6   263.2   44.0   56.0     0 4/6/2/4/0/0           2     0  60.5    9.9  246.6    0.6 1000.0 L 0.80 -
1490    3    3    17 0/21/0/0/0               1000.0   780.0     6.0   263.2   44.0   56.0     0 4/6/2/4/0/0           2     2  56.1   11.9  246.6    0.0  999.0 L 0.33 -
1500    3    3    17 0/21/0/0/0               1000.0   780.0    12.7   263.2   44.0   56.0     0 4/6/2/4/0/0           2     2  62.3   11.0  246.6    5.0  999.0 L 0.33 -

targets for seed 42 (1500 sols):
  T1 FAIL run min pop 2 (needs >= 5), final pop 3
  T2 PASS deaths 21 (air 0 thirst 21 hunger 0 eva 0 other 0), unexplained 0
  T3 PASS births 17, first_birth_sol 277, at_capacity 0, cooldown_violations 0, pop@30=7, pop@100=7, pop@300=12
  T4 PASS min O2 260.5, food 203.1; ice ran dry (pressure): min ice 0.0, ice>30 0.0, thirst deaths 21; max ice/target 0.68, regolith/target 0.96
  T5 PASS demand>supply 0.00% of steps (<=10), max shorts/sol 0 (<=2), max offline 0.0 h (<=24.7), first new reactor sol 4 (<=15)
  T6 PASS limited 35722.9 h = 96.58% (>=2% provisional; 4 of 5 seeds), site busy 96.5%; waiting_regolith 470.0 h, site_no_crew 35252.9 h
  T7 PASS turn_backs_air 0, exhausted 202, reachable>=2 at 100.0% of 1500 sol samples (>=95), trips 583
  T8 PASS row avg energy 45.5..63.7 (40..90), row asleep 8.7..12.1% (5..30), max sleep 8.8 h (<=18)
  T9 N/A  checked by repeating the run and by tests/test_determinism.gd (compare the table sha256)
  T10 FAIL first settlement sol 305 (40..150), age_changes 2 (<=4), min gap between consecutive history entries 278 (>=20), history 3 entries (changes+1 = 3); report: sols_in_age landing 1222 settlement 278 council 0, age at end landing, changes [sol 305 settled; sol 583 fell_back (cause ice)], fall back causes [sol 583 ice], not-ok sols 345 (by group, a sol can fail several: ice 31, food 1, oxygen 1, power 0, death 11, unrest 312)
  T11 FAIL (1) list lengths 1501/1501/1501/1501 ok; (2) lonely mean of last 50 readings 0.409 (max 0.35) BAD; (3) friends_mean 0.00 (1.0..15.0) BAD; (4) first_friendship_sol 185 ok; (5) lines_dropped (total) 0 ok; report: web 0.33 second 0.00 lonely 1.00 friends_mean 0.00 friends share of colony 0.000 (pop 3)
  T12 PASS (1) list lengths 1501/1501/1501 ok; (2) C2 ok; (3) council changes 0 (<=4) ok; (4) proposals 0 ok; (5) one Council line per boundary ok; report: first Council sol <null>, meetings 0, proposals [], pledge sol <null> reason -, lines {"circles_few":2}, dropped 0; council_min_seeds 3 pledge_min_seeds 1
RESULT FAIL (target 9 determinism: table sha256 e92132e62e32593f)
