Godot Engine v4.5.stable.official.876b29033 - https://godotengine.org

# station zero balance run: seed=7 sols=1500 overrides=[resources.throughput.water_before_construction=true] fixed_step=0.05 data_hash=fa4e853f877611d0
# deaths and births are cumulative; shorts, trips, energy, asleep, wait, min_* are for the 30-sol window
 sol  pop  min birth dead a/t/h/o/x           oxygen    food     ice   regol   dmnd   supp short bldg R/H/W/G/A/C  reach trips  avgE asleep%  waitH minIce  minO2 age web cn
  10    7    7     0 0/0/0/0/0                 386.9   296.2    59.0    76.9   13.0   14.0     0 1/1/1/1/0/0           2     6  53.8   10.2  224.9   59.0  264.5 L 1.00 -
  20    7    7     0 0/0/0/0/0                 550.0   420.0    52.1    81.2   13.0   28.0     0 2/1/1/1/0/0           2    11  50.3   10.9  116.4   44.7  387.0 L 1.00 -
  30    7    7     0 0/0/0/0/0                 550.0   420.0    56.0    56.7   16.0   28.0     0 2/2/1/1/0/0           2     6  54.7   10.8  198.7   51.2  549.0 L 1.00 -
  40    7    7     0 0/0/0/0/0                 550.0   420.0    68.0   120.2   16.0   28.0     0 2/2/1/1/1/0           2    14  55.4   12.1   28.0   50.5  549.0 L 1.00 -
  50    7    7     0 0/0/0/0/0                 550.0   420.0    67.5    95.2   18.0   28.0     0 2/2/1/1/1/0           2     8  57.9   10.7   91.7   67.1  548.9 L 1.00 -
  60    7    7     0 0/0/0/0/0                 550.0   420.0    67.3    70.7   25.0   28.0     0 2/3/2/1/1/0           2    14  53.3   11.7   70.5   65.4  548.7 L 1.00 -
  70    7    7     0 0/0/0/0/0                 550.0   420.0    60.7    88.0   25.0   28.0     0 2/3/2/1/1/0           2     5  56.1   10.6  230.9   57.0  548.2 L 0.86 -
  80    7    7     0 0/0/0/0/0                 550.0   420.0    54.1    70.8   28.0   28.0     0 2/4/2/1/1/0           2     7  55.0   10.5  206.7   50.9  549.0 L 0.86 -
  90    7    7     0 0/0/0/0/0                 550.0   420.0    61.9    23.8   28.0   42.0     0 3/4/2/1/1/0           2     7  57.3   11.6  199.3   53.3  548.6 L 0.86 -
 100    7    7     0 0/0/0/0/0                 550.0   420.0    44.6    62.2   29.0   42.0     0 3/5/2/1/1/0           2     7  57.0   11.2  153.7   44.6  549.0 L 0.86 -
 110    7    7     0 0/0/0/0/0                 700.0   540.0    40.0    53.1   33.0   42.0     0 3/5/2/2/1/0           2     9  56.1   11.4  118.4   35.9  548.1 L 0.86 -
 120    7    7     0 0/0/0/0/0                 700.0   540.0    51.3    17.5   36.0   42.0     0 3/5/2/2/1/1           2    10  57.6   11.8  115.7   39.6  699.0 L 0.86 -
 130    7    7     0 0/0/0/0/0                 700.0   540.0    53.6    95.5   36.0   42.0     0 3/5/2/2/1/1           2    14  58.0   10.7   25.0   44.8  699.0 L 0.86 -
 140    7    7     0 0/0/0/0/0                 700.0   540.0    67.0    59.0   38.0   42.0     0 3/5/2/2/1/1           2    10  59.6   10.9  128.5   47.1  699.0 L 0.86 -
 150    7    7     0 0/0/0/0/0                 850.0   660.0    64.9    42.2   42.0   42.0     0 3/5/2/3/1/1           2     9  58.3   11.6  195.7   59.0  699.0 L 0.71 -
 160    7    7     0 0/0/0/0/0                 850.0   660.0    63.6    81.0   40.0   56.0     0 4/5/2/3/1/1           2    11  57.5   11.0   26.9   54.7  849.0 L 0.71 -
 170    7    7     0 0/0/0/0/0                 850.0   660.0    72.0    38.4   42.0   56.0     0 4/5/2/3/1/1           2     8  55.0   10.5  189.3   63.0  849.0 L 0.71 -
 180    7    7     0 0/0/0/0/0                 850.0   660.0    63.4    80.6   42.0   56.0     0 4/5/2/3/1/1           2     8  57.0   11.7  241.6   63.4  849.0 L 0.71 -
 190    7    7     0 0/0/0/0/0                 850.0   660.0    58.5   111.2   42.0   56.0     0 4/5/2/3/1/1           2     6  55.4   10.2  243.6   49.3  849.0 L 0.71 -
 200    7    7     0 0/0/0/0/0                 850.0   660.0    51.1   121.7   42.0   56.0     0 4/5/2/3/1/1           2     3  56.5   10.9  240.7   51.1  849.0 L 0.71 -
 210    7    7     0 0/0/0/0/0                 850.0   660.0    52.0   140.7   42.0   56.0     0 4/5/2/3/1/1           2     7  55.2   10.4  240.8   47.0  848.6 L 0.71 -
 220    7    7     0 0/0/0/0/0                1000.0   780.0    52.9   198.0   44.0   56.0     0 4/5/2/4/1/1           2    11  53.7   11.1   60.6   50.4  849.0 L 0.71 -
 230    7    7     0 0/0/0/0/0                1000.0   780.0    63.1   153.8   46.0   56.0     0 4/5/2/4/1/1           2    13  55.4   11.0   86.8   51.9  999.0 L 0.57 -
 240    7    7     0 0/0/0/0/0                1000.0   780.0    67.2   153.8   46.0   56.0     0 4/5/2/4/1/1           2     5  51.2   10.5  233.8   61.0  999.0 L 0.57 -
 250    7    7     0 0/0/0/0/0                1000.0   780.0    58.1   183.7   46.0   56.0     0 4/5/2/4/1/1           2     8  56.4   10.3  243.6   56.9  999.0 L 0.57 -
 260    7    7     0 0/0/0/0/0                1000.0   780.0    49.6   228.0   46.0   56.0     0 4/5/2/4/1/1           2     6  51.7   11.4  240.6   49.6  999.0 L 0.57 -
 270    7    7     0 0/0/0/0/0                1000.0   780.0    50.9   240.1   46.0   56.0     0 4/5/2/4/1/1           2     3  54.2    9.8  232.3   41.2  999.0 L 0.57 -
 280    7    7     0 0/0/0/0/0                1000.0   780.0    53.0   182.9   50.0   56.0     0 4/5/3/4/1/1           2     8  55.4   11.5  233.5   47.9  999.0 L 0.57 -
 290    7    7     0 0/0/0/0/0                1000.0   780.0    35.8   187.7   50.0   56.0     0 4/5/3/4/1/1           2     2  57.7    9.8  222.9   35.8  999.0 L 0.57 -
 300    9    7     2 0/0/0/0/0                1000.0   780.0    21.4   195.4   50.0   56.0     0 4/5/3/4/1/1           2     2  56.0   10.9  246.0   21.4  999.0 L 0.56 -
 310   12    9     5 0/0/0/0/0                1000.0   780.0    19.3   210.6   50.0   56.0     0 4/5/3/4/1/1           2     6  56.3   10.5  231.2   18.1  999.0 L 1.00 -
 320   12   12     5 0/0/0/0/0                1150.0   900.0     9.9   116.6   54.0   56.0     0 4/5/3/5/1/1           2     5  57.9   10.5  239.4    3.2  999.0 L 0.92 -
 330   12   12     6 0/1/0/0/0                1150.0   900.0     4.5   116.6   54.0   56.0     0 4/5/3/5/1/1           2     7  56.2   10.0  216.5    0.0 1149.0 L 0.92 -
 340   10   10     6 0/3/0/0/0                1150.0   900.0     0.0     8.6   54.0   70.0     0 5/5/3/5/1/1           2     4  56.6   10.5  195.7    0.0 1149.0 L 1.00 -
 350    6    6     6 0/7/0/0/0                1150.0   900.0     5.0     8.6   54.0   70.0     0 5/5/3/5/1/1           2     4  56.4   10.7  236.4    0.0 1149.0 L 0.83 -
 360    1    1     6 0/12/0/0/0               1150.0   900.0     3.3     8.6   54.0   70.0     0 5/5/3/5/1/1           2     1  56.3   10.2  246.6    0.0 1149.0 L 1.00 -
 370    1    1     6 0/12/0/0/0               1150.0   900.0     0.8     8.6   54.0   70.0     0 5/5/3/5/1/1           2     0  49.7    8.5  236.4    0.8 1149.0 L 1.00 -
 380    0    0     6 0/13/0/0/0               1150.0   900.0     0.0     8.6   54.0   70.0     0 5/5/3/5/1/1           2     0  60.7   11.0  246.6    0.0 1150.0 L 0.00 -
 390    0    0     6 0/13/0/0/0               1150.0   900.0     0.0     8.6   54.0   70.0     0 5/5/3/5/1/1           2     0   0.0    0.0  246.6    0.0 1150.0 L 0.00 -
 400    0    0     6 0/13/0/0/0               1150.0   900.0     0.0     8.6   54.0   70.0     0 5/5/3/5/1/1           2     0   0.0    0.0  246.6    0.0 1150.0 L 0.00 -
 410    0    0     6 0/13/0/0/0               1150.0   900.0     0.0     8.6   54.0   70.0     0 5/5/3/5/1/1           2     0   0.0    0.0  246.6    0.0 1150.0 L 0.00 -
 420    0    0     6 0/13/0/0/0               1150.0   900.0     0.0     8.6   54.0   70.0     0 5/5/3/5/1/1           2     0   0.0    0.0  246.6    0.0 1150.0 L 0.00 -
 430    0    0     6 0/13/0/0/0               1150.0   900.0     0.0     8.6   54.0   70.0     0 5/5/3/5/1/1           2     0   0.0    0.0  246.6    0.0 1150.0 L 0.00 -
 440    0    0     6 0/13/0/0/0               1150.0   900.0     0.0     8.6   54.0   70.0     0 5/5/3/5/1/1           2     0   0.0    0.0  246.6    0.0 1150.0 L 0.00 -
 450    0    0     6 0/13/0/0/0               1150.0   900.0     0.0     8.6   54.0   70.0     0 5/5/3/5/1/1           2     0   0.0    0.0  246.6    0.0 1150.0 L 0.00 -
 460    0    0     6 0/13/0/0/0               1150.0   900.0     0.0     8.6   54.0   70.0     0 5/5/3/5/1/1           2     0   0.0    0.0  246.6    0.0 1150.0 L 0.00 -
 470    0    0     6 0/13/0/0/0               1150.0   900.0     0.0     8.6   54.0   70.0     0 5/5/3/5/1/1           2     0   0.0    0.0  246.6    0.0 1150.0 L 0.00 -
 480    0    0     6 0/13/0/0/0               1150.0   900.0     0.0     8.6   54.0   70.0     0 5/5/3/5/1/1           2     0   0.0    0.0  246.6    0.0 1150.0 L 0.00 -
 490    0    0     6 0/13/0/0/0               1150.0   900.0     0.0     8.6   54.0   70.0     0 5/5/3/5/1/1           2     0   0.0    0.0  246.6    0.0 1150.0 L 0.00 -
 500    0    0     6 0/13/0/0/0               1150.0   900.0     0.0     8.6   54.0   70.0     0 5/5/3/5/1/1           2     0   0.0    0.0  246.6    0.0 1150.0 L 0.00 -
 510    0    0     6 0/13/0/0/0               1150.0   900.0     0.0     8.6   54.0   70.0     0 5/5/3/5/1/1           2     0   0.0    0.0  246.6    0.0 1150.0 L 0.00 -
 520    0    0     6 0/13/0/0/0               1150.0   900.0     0.0     8.6   54.0   70.0     0 5/5/3/5/1/1           2     0   0.0    0.0  246.6    0.0 1150.0 L 0.00 -
 530    0    0     6 0/13/0/0/0               1150.0   900.0     0.0     8.6   54.0   70.0     0 5/5/3/5/1/1           2     0   0.0    0.0  246.6    0.0 1150.0 L 0.00 -
 540    0    0     6 0/13/0/0/0               1150.0   900.0     0.0     8.6   54.0   70.0     0 5/5/3/5/1/1           2     0   0.0    0.0  246.6    0.0 1150.0 L 0.00 -
 550    0    0     6 0/13/0/0/0               1150.0   900.0     0.0     8.6   54.0   70.0     0 5/5/3/5/1/1           2     0   0.0    0.0  246.6    0.0 1150.0 L 0.00 -
 560    0    0     6 0/13/0/0/0               1150.0   900.0     0.0     8.6   54.0   70.0     0 5/5/3/5/1/1           2     0   0.0    0.0  246.6    0.0 1150.0 L 0.00 -
 570    0    0     6 0/13/0/0/0               1150.0   900.0     0.0     8.6   54.0   70.0     0 5/5/3/5/1/1           2     0   0.0    0.0  246.6    0.0 1150.0 L 0.00 -
 580    0    0     6 0/13/0/0/0               1150.0   900.0     0.0     8.6   54.0   70.0     0 5/5/3/5/1/1           2     0   0.0    0.0  246.6    0.0 1150.0 L 0.00 -
 590    0    0     6 0/13/0/0/0               1150.0   900.0     0.0     8.6   54.0   70.0     0 5/5/3/5/1/1           2     0   0.0    0.0  246.6    0.0 1150.0 L 0.00 -
 600    0    0     6 0/13/0/0/0               1150.0   900.0     0.0     8.6   54.0   70.0     0 5/5/3/5/1/1           2     0   0.0    0.0  246.6    0.0 1150.0 L 0.00 -
 610    0    0     6 0/13/0/0/0               1150.0   900.0     0.0     8.6   54.0   70.0     0 5/5/3/5/1/1           2     0   0.0    0.0  246.6    0.0 1150.0 L 0.00 -
 620    0    0     6 0/13/0/0/0               1150.0   900.0     0.0     8.6   54.0   70.0     0 5/5/3/5/1/1           2     0   0.0    0.0  246.6    0.0 1150.0 L 0.00 -
 630    0    0     6 0/13/0/0/0               1150.0   900.0     0.0     8.6   54.0   70.0     0 5/5/3/5/1/1           2     0   0.0    0.0  246.6    0.0 1150.0 L 0.00 -
 640    0    0     6 0/13/0/0/0               1150.0   900.0     0.0     8.6   54.0   70.0     0 5/5/3/5/1/1           2     0   0.0    0.0  246.6    0.0 1150.0 L 0.00 -
 650    0    0     6 0/13/0/0/0               1150.0   900.0     0.0     8.6   54.0   70.0     0 5/5/3/5/1/1           2     0   0.0    0.0  246.6    0.0 1150.0 L 0.00 -
 660    0    0     6 0/13/0/0/0               1150.0   900.0     0.0     8.6   54.0   70.0     0 5/5/3/5/1/1           2     0   0.0    0.0  246.6    0.0 1150.0 L 0.00 -
 670    0    0     6 0/13/0/0/0               1150.0   900.0     0.0     8.6   54.0   70.0     0 5/5/3/5/1/1           2     0   0.0    0.0  246.6    0.0 1150.0 L 0.00 -
 680    0    0     6 0/13/0/0/0               1150.0   900.0     0.0     8.6   54.0   70.0     0 5/5/3/5/1/1           2     0   0.0    0.0  246.6    0.0 1150.0 L 0.00 -
 690    0    0     6 0/13/0/0/0               1150.0   900.0     0.0     8.6   54.0   70.0     0 5/5/3/5/1/1           2     0   0.0    0.0  246.6    0.0 1150.0 L 0.00 -
 700    0    0     6 0/13/0/0/0               1150.0   900.0     0.0     8.6   54.0   70.0     0 5/5/3/5/1/1           2     0   0.0    0.0  246.6    0.0 1150.0 L 0.00 -
 710    0    0     6 0/13/0/0/0               1150.0   900.0     0.0     8.6   54.0   70.0     0 5/5/3/5/1/1           2     0   0.0    0.0  246.6    0.0 1150.0 L 0.00 -
 720    0    0     6 0/13/0/0/0               1150.0   900.0     0.0     8.6   54.0   70.0     0 5/5/3/5/1/1           2     0   0.0    0.0  246.6    0.0 1150.0 L 0.00 -
 730    0    0     6 0/13/0/0/0               1150.0   900.0     0.0     8.6   54.0   70.0     0 5/5/3/5/1/1           2     0   0.0    0.0  246.6    0.0 1150.0 L 0.00 -
 740    0    0     6 0/13/0/0/0               1150.0   900.0     0.0     8.6   54.0   70.0     0 5/5/3/5/1/1           2     0   0.0    0.0  246.6    0.0 1150.0 L 0.00 -
 750    0    0     6 0/13/0/0/0               1150.0   900.0     0.0     8.6   54.0   70.0     0 5/5/3/5/1/1           2     0   0.0    0.0  246.6    0.0 1150.0 L 0.00 -
 760    0    0     6 0/13/0/0/0               1150.0   900.0     0.0     8.6   54.0   70.0     0 5/5/3/5/1/1           2     0   0.0    0.0  246.6    0.0 1150.0 L 0.00 -
 770    0    0     6 0/13/0/0/0               1150.0   900.0     0.0     8.6   54.0   70.0     0 5/5/3/5/1/1           2     0   0.0    0.0  246.6    0.0 1150.0 L 0.00 -
 780    0    0     6 0/13/0/0/0               1150.0   900.0     0.0     8.6   54.0   70.0     0 5/5/3/5/1/1           2     0   0.0    0.0  246.6    0.0 1150.0 L 0.00 -
 790    0    0     6 0/13/0/0/0               1150.0   900.0     0.0     8.6   54.0   70.0     0 5/5/3/5/1/1           2     0   0.0    0.0  246.6    0.0 1150.0 L 0.00 -
 800    0    0     6 0/13/0/0/0               1150.0   900.0     0.0     8.6   54.0   70.0     0 5/5/3/5/1/1           2     0   0.0    0.0  246.6    0.0 1150.0 L 0.00 -
 810    0    0     6 0/13/0/0/0               1150.0   900.0     0.0     8.6   54.0   70.0     0 5/5/3/5/1/1           2     0   0.0    0.0  246.6    0.0 1150.0 L 0.00 -
 820    0    0     6 0/13/0/0/0               1150.0   900.0     0.0     8.6   54.0   70.0     0 5/5/3/5/1/1           2     0   0.0    0.0  246.6    0.0 1150.0 L 0.00 -
 830    0    0     6 0/13/0/0/0               1150.0   900.0     0.0     8.6   54.0   70.0     0 5/5/3/5/1/1           2     0   0.0    0.0  246.6    0.0 1150.0 L 0.00 -
 840    0    0     6 0/13/0/0/0               1150.0   900.0     0.0     8.6   54.0   70.0     0 5/5/3/5/1/1           2     0   0.0    0.0  246.6    0.0 1150.0 L 0.00 -
 850    0    0     6 0/13/0/0/0               1150.0   900.0     0.0     8.6   54.0   70.0     0 5/5/3/5/1/1           2     0   0.0    0.0  246.6    0.0 1150.0 L 0.00 -
 860    0    0     6 0/13/0/0/0               1150.0   900.0     0.0     8.6   54.0   70.0     0 5/5/3/5/1/1           2     0   0.0    0.0  246.6    0.0 1150.0 L 0.00 -
 870    0    0     6 0/13/0/0/0               1150.0   900.0     0.0     8.6   54.0   70.0     0 5/5/3/5/1/1           2     0   0.0    0.0  246.6    0.0 1150.0 L 0.00 -
 880    0    0     6 0/13/0/0/0               1150.0   900.0     0.0     8.6   54.0   70.0     0 5/5/3/5/1/1           2     0   0.0    0.0  246.6    0.0 1150.0 L 0.00 -
 890    0    0     6 0/13/0/0/0               1150.0   900.0     0.0     8.6   54.0   70.0     0 5/5/3/5/1/1           2     0   0.0    0.0  246.6    0.0 1150.0 L 0.00 -
 900    0    0     6 0/13/0/0/0               1150.0   900.0     0.0     8.6   54.0   70.0     0 5/5/3/5/1/1           2     0   0.0    0.0  246.6    0.0 1150.0 L 0.00 -
 910    0    0     6 0/13/0/0/0               1150.0   900.0     0.0     8.6   54.0   70.0     0 5/5/3/5/1/1           2     0   0.0    0.0  246.6    0.0 1150.0 L 0.00 -
 920    0    0     6 0/13/0/0/0               1150.0   900.0     0.0     8.6   54.0   70.0     0 5/5/3/5/1/1           2     0   0.0    0.0  246.6    0.0 1150.0 L 0.00 -
 930    0    0     6 0/13/0/0/0               1150.0   900.0     0.0     8.6   54.0   70.0     0 5/5/3/5/1/1           2     0   0.0    0.0  246.6    0.0 1150.0 L 0.00 -
 940    0    0     6 0/13/0/0/0               1150.0   900.0     0.0     8.6   54.0   70.0     0 5/5/3/5/1/1           2     0   0.0    0.0  246.6    0.0 1150.0 L 0.00 -
 950    0    0     6 0/13/0/0/0               1150.0   900.0     0.0     8.6   54.0   70.0     0 5/5/3/5/1/1           2     0   0.0    0.0  246.6    0.0 1150.0 L 0.00 -
 960    0    0     6 0/13/0/0/0               1150.0   900.0     0.0     8.6   54.0   70.0     0 5/5/3/5/1/1           2     0   0.0    0.0  246.6    0.0 1150.0 L 0.00 -
 970    0    0     6 0/13/0/0/0               1150.0   900.0     0.0     8.6   54.0   70.0     0 5/5/3/5/1/1           2     0   0.0    0.0  246.6    0.0 1150.0 L 0.00 -
 980    0    0     6 0/13/0/0/0               1150.0   900.0     0.0     8.6   54.0   70.0     0 5/5/3/5/1/1           2     0   0.0    0.0  246.6    0.0 1150.0 L 0.00 -
 990    0    0     6 0/13/0/0/0               1150.0   900.0     0.0     8.6   54.0   70.0     0 5/5/3/5/1/1           2     0   0.0    0.0  246.6    0.0 1150.0 L 0.00 -
1000    0    0     6 0/13/0/0/0               1150.0   900.0     0.0     8.6   54.0   70.0     0 5/5/3/5/1/1           2     0   0.0    0.0  246.6    0.0 1150.0 L 0.00 -
1010    0    0     6 0/13/0/0/0               1150.0   900.0     0.0     8.6   54.0   70.0     0 5/5/3/5/1/1           2     0   0.0    0.0  246.6    0.0 1150.0 L 0.00 -
1020    0    0     6 0/13/0/0/0               1150.0   900.0     0.0     8.6   54.0   70.0     0 5/5/3/5/1/1           2     0   0.0    0.0  246.6    0.0 1150.0 L 0.00 -
1030    0    0     6 0/13/0/0/0               1150.0   900.0     0.0     8.6   54.0   70.0     0 5/5/3/5/1/1           2     0   0.0    0.0  246.6    0.0 1150.0 L 0.00 -
1040    0    0     6 0/13/0/0/0               1150.0   900.0     0.0     8.6   54.0   70.0     0 5/5/3/5/1/1           2     0   0.0    0.0  246.6    0.0 1150.0 L 0.00 -
1050    0    0     6 0/13/0/0/0               1150.0   900.0     0.0     8.6   54.0   70.0     0 5/5/3/5/1/1           2     0   0.0    0.0  246.6    0.0 1150.0 L 0.00 -
1060    0    0     6 0/13/0/0/0               1150.0   900.0     0.0     8.6   54.0   70.0     0 5/5/3/5/1/1           2     0   0.0    0.0  246.6    0.0 1150.0 L 0.00 -
1070    0    0     6 0/13/0/0/0               1150.0   900.0     0.0     8.6   54.0   70.0     0 5/5/3/5/1/1           2     0   0.0    0.0  246.6    0.0 1150.0 L 0.00 -
1080    0    0     6 0/13/0/0/0               1150.0   900.0     0.0     8.6   54.0   70.0     0 5/5/3/5/1/1           2     0   0.0    0.0  246.6    0.0 1150.0 L 0.00 -
1090    0    0     6 0/13/0/0/0               1150.0   900.0     0.0     8.6   54.0   70.0     0 5/5/3/5/1/1           2     0   0.0    0.0  246.6    0.0 1150.0 L 0.00 -
1100    0    0     6 0/13/0/0/0               1150.0   900.0     0.0     8.6   54.0   70.0     0 5/5/3/5/1/1           2     0   0.0    0.0  246.6    0.0 1150.0 L 0.00 -
1110    0    0     6 0/13/0/0/0               1150.0   900.0     0.0     8.6   54.0   70.0     0 5/5/3/5/1/1           2     0   0.0    0.0  246.6    0.0 1150.0 L 0.00 -
1120    0    0     6 0/13/0/0/0               1150.0   900.0     0.0     8.6   54.0   70.0     0 5/5/3/5/1/1           2     0   0.0    0.0  246.6    0.0 1150.0 L 0.00 -
1130    0    0     6 0/13/0/0/0               1150.0   900.0     0.0     8.6   54.0   70.0     0 5/5/3/5/1/1           2     0   0.0    0.0  246.6    0.0 1150.0 L 0.00 -
1140    0    0     6 0/13/0/0/0               1150.0   900.0     0.0     8.6   54.0   70.0     0 5/5/3/5/1/1           2     0   0.0    0.0  246.6    0.0 1150.0 L 0.00 -
1150    0    0     6 0/13/0/0/0               1150.0   900.0     0.0     8.6   54.0   70.0     0 5/5/3/5/1/1           2     0   0.0    0.0  246.6    0.0 1150.0 L 0.00 -
1160    0    0     6 0/13/0/0/0               1150.0   900.0     0.0     8.6   54.0   70.0     0 5/5/3/5/1/1           2     0   0.0    0.0  246.6    0.0 1150.0 L 0.00 -
1170    0    0     6 0/13/0/0/0               1150.0   900.0     0.0     8.6   54.0   70.0     0 5/5/3/5/1/1           2     0   0.0    0.0  246.6    0.0 1150.0 L 0.00 -
1180    0    0     6 0/13/0/0/0               1150.0   900.0     0.0     8.6   54.0   70.0     0 5/5/3/5/1/1           2     0   0.0    0.0  246.6    0.0 1150.0 L 0.00 -
1190    0    0     6 0/13/0/0/0               1150.0   900.0     0.0     8.6   54.0   70.0     0 5/5/3/5/1/1           2     0   0.0    0.0  246.6    0.0 1150.0 L 0.00 -
1200    0    0     6 0/13/0/0/0               1150.0   900.0     0.0     8.6   54.0   70.0     0 5/5/3/5/1/1           2     0   0.0    0.0  246.6    0.0 1150.0 L 0.00 -
1210    0    0     6 0/13/0/0/0               1150.0   900.0     0.0     8.6   54.0   70.0     0 5/5/3/5/1/1           2     0   0.0    0.0  246.6    0.0 1150.0 L 0.00 -
1220    0    0     6 0/13/0/0/0               1150.0   900.0     0.0     8.6   54.0   70.0     0 5/5/3/5/1/1           2     0   0.0    0.0  246.6    0.0 1150.0 L 0.00 -
1230    0    0     6 0/13/0/0/0               1150.0   900.0     0.0     8.6   54.0   70.0     0 5/5/3/5/1/1           2     0   0.0    0.0  246.6    0.0 1150.0 L 0.00 -
1240    0    0     6 0/13/0/0/0               1150.0   900.0     0.0     8.6   54.0   70.0     0 5/5/3/5/1/1           2     0   0.0    0.0  246.6    0.0 1150.0 L 0.00 -
1250    0    0     6 0/13/0/0/0               1150.0   900.0     0.0     8.6   54.0   70.0     0 5/5/3/5/1/1           2     0   0.0    0.0  246.6    0.0 1150.0 L 0.00 -
1260    0    0     6 0/13/0/0/0               1150.0   900.0     0.0     8.6   54.0   70.0     0 5/5/3/5/1/1           2     0   0.0    0.0  246.6    0.0 1150.0 L 0.00 -
1270    0    0     6 0/13/0/0/0               1150.0   900.0     0.0     8.6   54.0   70.0     0 5/5/3/5/1/1           2     0   0.0    0.0  246.6    0.0 1150.0 L 0.00 -
1280    0    0     6 0/13/0/0/0               1150.0   900.0     0.0     8.6   54.0   70.0     0 5/5/3/5/1/1           2     0   0.0    0.0  246.6    0.0 1150.0 L 0.00 -
1290    0    0     6 0/13/0/0/0               1150.0   900.0     0.0     8.6   54.0   70.0     0 5/5/3/5/1/1           2     0   0.0    0.0  246.6    0.0 1150.0 L 0.00 -
1300    0    0     6 0/13/0/0/0               1150.0   900.0     0.0     8.6   54.0   70.0     0 5/5/3/5/1/1           2     0   0.0    0.0  246.6    0.0 1150.0 L 0.00 -
1310    0    0     6 0/13/0/0/0               1150.0   900.0     0.0     8.6   54.0   70.0     0 5/5/3/5/1/1           2     0   0.0    0.0  246.6    0.0 1150.0 L 0.00 -
1320    0    0     6 0/13/0/0/0               1150.0   900.0     0.0     8.6   54.0   70.0     0 5/5/3/5/1/1           2     0   0.0    0.0  246.6    0.0 1150.0 L 0.00 -
1330    0    0     6 0/13/0/0/0               1150.0   900.0     0.0     8.6   54.0   70.0     0 5/5/3/5/1/1           2     0   0.0    0.0  246.6    0.0 1150.0 L 0.00 -
1340    0    0     6 0/13/0/0/0               1150.0   900.0     0.0     8.6   54.0   70.0     0 5/5/3/5/1/1           2     0   0.0    0.0  246.6    0.0 1150.0 L 0.00 -
1350    0    0     6 0/13/0/0/0               1150.0   900.0     0.0     8.6   54.0   70.0     0 5/5/3/5/1/1           2     0   0.0    0.0  246.6    0.0 1150.0 L 0.00 -
1360    0    0     6 0/13/0/0/0               1150.0   900.0     0.0     8.6   54.0   70.0     0 5/5/3/5/1/1           2     0   0.0    0.0  246.6    0.0 1150.0 L 0.00 -
1370    0    0     6 0/13/0/0/0               1150.0   900.0     0.0     8.6   54.0   70.0     0 5/5/3/5/1/1           2     0   0.0    0.0  246.6    0.0 1150.0 L 0.00 -
1380    0    0     6 0/13/0/0/0               1150.0   900.0     0.0     8.6   54.0   70.0     0 5/5/3/5/1/1           2     0   0.0    0.0  246.6    0.0 1150.0 L 0.00 -
1390    0    0     6 0/13/0/0/0               1150.0   900.0     0.0     8.6   54.0   70.0     0 5/5/3/5/1/1           2     0   0.0    0.0  246.6    0.0 1150.0 L 0.00 -
1400    0    0     6 0/13/0/0/0               1150.0   900.0     0.0     8.6   54.0   70.0     0 5/5/3/5/1/1           2     0   0.0    0.0  246.6    0.0 1150.0 L 0.00 -
1410    0    0     6 0/13/0/0/0               1150.0   900.0     0.0     8.6   54.0   70.0     0 5/5/3/5/1/1           2     0   0.0    0.0  246.6    0.0 1150.0 L 0.00 -
1420    0    0     6 0/13/0/0/0               1150.0   900.0     0.0     8.6   54.0   70.0     0 5/5/3/5/1/1           2     0   0.0    0.0  246.6    0.0 1150.0 L 0.00 -
1430    0    0     6 0/13/0/0/0               1150.0   900.0     0.0     8.6   54.0   70.0     0 5/5/3/5/1/1           2     0   0.0    0.0  246.6    0.0 1150.0 L 0.00 -
1440    0    0     6 0/13/0/0/0               1150.0   900.0     0.0     8.6   54.0   70.0     0 5/5/3/5/1/1           2     0   0.0    0.0  246.6    0.0 1150.0 L 0.00 -
1450    0    0     6 0/13/0/0/0               1150.0   900.0     0.0     8.6   54.0   70.0     0 5/5/3/5/1/1           2     0   0.0    0.0  246.6    0.0 1150.0 L 0.00 -
1460    0    0     6 0/13/0/0/0               1150.0   900.0     0.0     8.6   54.0   70.0     0 5/5/3/5/1/1           2     0   0.0    0.0  246.6    0.0 1150.0 L 0.00 -
1470    0    0     6 0/13/0/0/0               1150.0   900.0     0.0     8.6   54.0   70.0     0 5/5/3/5/1/1           2     0   0.0    0.0  246.6    0.0 1150.0 L 0.00 -
1480    0    0     6 0/13/0/0/0               1150.0   900.0     0.0     8.6   54.0   70.0     0 5/5/3/5/1/1           2     0   0.0    0.0  246.6    0.0 1150.0 L 0.00 -
1490    0    0     6 0/13/0/0/0               1150.0   900.0     0.0     8.6   54.0   70.0     0 5/5/3/5/1/1           2     0   0.0    0.0  246.6    0.0 1150.0 L 0.00 -
1500    0    0     6 0/13/0/0/0               1150.0   900.0     0.0     8.6   54.0   70.0     0 5/5/3/5/1/1           2     0   0.0    0.0  246.6    0.0 1150.0 L 0.00 -

targets for seed 7 (1500 sols):
  T1 FAIL run min pop 0 (needs >= 5), final pop 0
  T2 PASS deaths 13 (air 0 thirst 13 hunger 0 eva 0 other 0), unexplained 0
  T3 PASS births 6, first_birth_sol 297, at_capacity 0, cooldown_violations 0, pop@30=7, pop@100=7, pop@300=9
  T4 PASS min O2 264.5, food 203.1; ice ran dry (pressure): min ice 0.0, ice>30 0.0, thirst deaths 13; max ice/target 0.63, regolith/target 0.68
  T5 PASS demand>supply 0.00% of steps (<=10), max shorts/sol 0 (<=2), max offline 0.0 h (<=24.7), first new reactor sol 13 (<=15)
  T6 PASS limited 34554.2 h = 93.42% (>=2% provisional; 4 of 5 seeds), site busy 94.8%; waiting_regolith 100.0 h, site_no_crew 34454.2 h
  T7 PASS turn_backs_air 0, exhausted 127, reachable>=2 at 100.0% of 1500 sol samples (>=95), trips 265
  T8 FAIL row avg energy 0.0..60.7 (40..90), row asleep 0.0..12.1% (5..30), max sleep 8.8 h (<=18)
  T9 N/A  checked by repeating the run and by tests/test_determinism.gd (compare the table sha256)
  T10 FAIL first settlement sol <null> (40..150), age_changes 0 (<=4), min gap between consecutive history entries - (>=20), history 1 entries (changes+1 = 1); report: sols_in_age landing 1500 settlement 0 council 0, age at end landing, changes [], fall back causes [none], not-ok sols 79 (by group, a sol can fail several: ice 24, food 1, oxygen 1, power 0, death 6, unrest 57)
  T11 FAIL (1) list lengths 1501/1501/1501/1501 ok; (2) lonely mean of last 50 readings 0.000 (max 0.35) ok; (3) friends_mean 0.00 (1.0..15.0) BAD; (4) first_friendship_sol 113 ok; (5) lines_dropped (total) 0 ok; report: web 0.00 second 0.00 lonely 0.00 friends_mean 0.00 friends share of colony 0.000 (pop 0)
  T12 PASS (1) list lengths 1501/1501/1501 ok; (2) C2 ok; (3) council changes 0 (<=4) ok; (4) proposals 0 ok; (5) one Council line per boundary ok; report: first Council sol <null>, meetings 0, proposals [], pledge sol <null> reason -, lines {}, dropped 0; council_min_seeds 3 pledge_min_seeds 1
RESULT FAIL (target 9 determinism: table sha256 6b7b8aeebdaffaf6)
