Godot Engine v4.5.stable.official.876b29033 - https://godotengine.org

# station zero balance run: seed=99 sols=1500 overrides=[resources.throughput.water_before_construction=true] fixed_step=0.05 data_hash=fa4e853f877611d0
# deaths and births are cumulative; shorts, trips, energy, asleep, wait, min_* are for the 30-sol window
 sol  pop  min birth dead a/t/h/o/x           oxygen    food     ice   regol   dmnd   supp short bldg R/H/W/G/A/C  reach trips  avgE asleep%  waitH minIce  minO2 age web cn
  10    7    7     0 0/0/0/0/0                 387.9   296.2    56.8    61.0   13.0   14.0     0 1/1/1/1/0/0           2     5  55.0    9.2  197.0   48.9  262.5 L 1.00 -
  20    7    7     0 0/0/0/0/0                 550.0   420.0    54.0    50.1   13.0   28.0     0 2/1/1/1/0/0           2     9  55.1   12.0  208.1   49.2  388.0 L 1.00 -
  30    7    7     0 0/0/0/0/0                 550.0   420.0    49.4    56.7   16.0   28.0     0 2/2/1/1/0/0           2    11  53.6   10.7  156.1   49.4  549.0 L 1.00 -
  40    7    7     0 0/0/0/0/0                 700.0   540.0    52.9    75.5   20.0   28.0     0 2/2/1/2/0/0           2    12  57.5   12.5  105.0   39.4  549.0 L 1.00 -
  50    7    7     0 0/0/0/0/0                 700.0   540.0    62.1    98.7   20.0   28.0     0 2/2/1/2/0/0           2     7  53.9   10.8  218.7   47.8  699.0 L 1.00 -
  60    7    7     0 0/0/0/0/0                 850.0   660.0    79.1   127.4   22.0   28.0     0 2/2/1/3/0/0           2    11  56.1   10.8  123.7   57.0  699.0 L 0.71 -
  70    7    7     0 0/0/0/0/0                 850.0   660.0    81.9    94.6   24.0   28.0     0 2/2/1/3/0/0           2     6  58.8   11.2  146.2   75.2  849.0 L 0.71 -
  80    7    7     0 0/0/0/0/0                 850.0   660.0    88.1   105.5   24.0   28.0     0 2/2/1/3/0/0           2     7  54.5   10.6  220.3   80.7  849.0 L 0.71 -
  90    7    7     0 0/0/0/0/0                 850.0   660.0    93.1    82.5   27.0   28.0     0 2/2/1/3/0/1           2     9  57.9   11.3   66.6   80.0  849.0 L 0.71 -
 100    7    7     0 0/0/0/0/0                 850.0   660.0    92.4    52.6   27.0   42.0     0 3/2/1/3/0/1           2     8  52.7   11.8  158.1   89.4  849.0 L 0.71 -
 110    7    7     0 0/0/0/0/0                1000.0   780.0    75.1    59.7   31.0   42.0     0 3/2/1/4/0/1           2    10  54.8   11.1  207.9   75.1  849.0 L 0.71 -
 120    7    7     0 0/0/0/0/0                1000.0   780.0    73.9    86.8   31.0   42.0     0 3/2/1/4/0/1           2    10  55.3   11.6  240.1   68.0  999.0 L 0.71 -
 130    7    7     0 0/0/0/0/0                1000.0   780.0    64.5   123.0   31.0   42.0     0 3/2/1/4/0/1           2     6  59.2   10.8  243.3   64.5  999.0 L 0.71 -
 140    7    7     0 0/0/0/0/0                1077.5   835.4    63.1   150.4   33.0   42.0     0 3/2/1/5/0/1           2     7  55.3   10.3  213.7   58.3  999.0 L 0.71 -
 150    7    7     0 0/0/0/0/0                1150.0   900.0    52.9   107.8   35.0   42.0     0 3/2/1/5/0/1           2     7  55.7   11.6  129.7   52.1 1077.8 L 0.71 -
 160    7    7     0 0/0/0/0/0                1150.0   900.0    57.3   129.3   35.0   42.0     0 3/2/1/5/0/1           2     6  54.2    9.8  237.5   48.1 1149.0 L 0.71 -
 170    7    7     0 0/0/0/0/0                1150.0   900.0    67.1   158.5   36.0   42.0     0 3/3/1/5/0/1           2     9  54.9   10.8  183.8   50.8 1149.0 L 0.71 -
 180    7    7     0 0/0/0/0/0                1150.0   900.0    60.3   234.0   36.0   42.0     0 3/3/1/5/0/1           2    12  60.0   12.2    0.0   54.6 1149.0 L 0.71 -
 190    7    7     0 0/0/0/0/0                1150.0   900.0    82.7   178.9   38.0   42.0     0 3/3/1/5/0/1           2    11  58.0   10.5   76.9   55.6 1149.0 L 0.71 -
 200    7    7     0 0/0/0/0/0                1150.0   900.0    73.0   138.5   41.0   42.0     0 3/4/1/5/0/1           2     5  59.1   12.1  102.2   73.0 1149.0 L 0.71 -
 210    7    7     0 0/0/0/0/0                1150.0   900.0    69.2   100.5   41.0   56.0     0 4/4/1/5/0/1           2    12  56.9   11.5  181.1   68.9 1149.0 L 0.71 -
 220    7    7     0 0/0/0/0/0                1150.0   900.0    69.6   125.8   41.0   56.0     0 4/4/1/5/0/1           2     6  58.8   11.2  237.9   60.4 1149.0 L 0.71 -
 230    7    7     0 0/0/0/0/0                1150.0   900.0    78.4   141.6   41.0   56.0     0 4/4/1/5/0/1           2     8  56.5   10.9  231.8   67.7 1149.0 L 0.71 -
 240    7    7     0 0/0/0/0/0                1150.0   900.0    70.0   178.9   41.0   56.0     0 4/4/1/5/0/1           2     7  56.8   10.6  240.9   69.7 1149.0 L 0.71 -
 250    7    7     0 0/0/0/0/0                1150.0   900.0    75.1   220.5   41.0   56.0     0 4/4/1/5/0/1           2    10  55.8   10.9  238.5   67.4 1149.0 L 0.71 -
 260    7    7     0 0/0/0/0/0                1150.0   900.0    65.0   144.6   44.0   56.0     0 4/5/1/5/0/1           2     2  58.8   10.6  203.5   65.0 1149.0 L 0.71 -
 270    7    7     0 0/0/0/0/0                1150.0   900.0    67.6    61.1   50.0   56.0     0 4/5/3/5/0/1           2     6  58.7   12.2  126.5   61.5 1149.0 L 0.71 -
 280    7    7     0 0/0/0/0/0                1150.0   900.0    74.7    10.0   52.0   56.0     0 4/5/3/5/0/1           2    10  54.4   11.0  149.8   60.7 1149.0 L 0.71 -
 290    7    7     0 0/0/0/0/0                1150.0   900.0    61.5    33.0   53.0   56.0     0 4/6/3/5/0/1           2     5  57.4   11.2  133.3   59.8 1149.0 L 0.71 -
 300   11    7     4 0/0/0/0/0                1150.0   900.0    49.6    71.8   53.0   56.0     0 4/6/3/5/0/1           2     8  62.1   10.5   55.0   49.6 1149.0 L 0.91 -
 310   12   11     5 0/0/0/0/0                1150.0   900.0    56.0    85.3   53.0   56.0     0 4/6/3/5/0/1           2    10  57.8   11.0   70.0   48.0 1149.0 S 1.00 -
 320   12   12     5 0/0/0/0/0                1150.0   900.0    46.1    23.5   55.0   56.0     0 4/6/3/5/0/1           2     9  62.1   10.6  196.2   46.1 1149.0 S 1.00 -
 330   12   12     5 0/0/0/0/0                1150.0   900.0    31.9    41.9   53.0   70.0     0 5/6/3/5/0/1           2     9  59.1   10.5   87.6   28.0 1149.0 S 0.67 -
 340   12   12     5 0/0/0/0/0                1150.0   900.0    37.2    78.7   53.0   70.0     0 5/6/3/5/0/1           2    12  60.3   11.5  100.0   31.8 1149.0 S 0.67 -
 350   12   12     5 0/0/0/0/0                1150.0   900.0    37.7    12.9   56.0   70.0     0 5/7/3/5/0/1           2    11  58.8   11.4   89.6   22.4 1149.0 S 0.67 -
 360   12   12     5 0/0/0/0/0                1150.0   900.0    35.0    44.3   56.0   70.0     0 5/7/3/5/0/1           2    11  62.1   10.9  100.0   31.8 1149.0 S 0.67 -
 370   12   12     5 0/0/0/0/0                1150.0   900.0    33.8   107.2   56.0   70.0     0 5/7/3/5/0/1           2    13  60.1   10.9   85.0   27.3 1149.0 S 0.67 -
 380   12   12     5 0/0/0/0/0                1150.0   900.0    41.8    19.9   58.0   70.0     0 5/7/3/5/0/1           2    11  59.1   10.5  200.9   26.3 1149.0 S 0.67 -
 390   12   12     5 0/0/0/0/0                1150.0   900.0    27.9    69.9   58.0   70.0     0 5/7/3/5/0/1           2    10  59.1   11.2  236.9   27.2 1149.0 S 0.67 -
 400   12   12     5 0/0/0/0/0                1150.0   900.0    40.6    69.9   58.0   70.0     0 5/7/3/5/1/1           2    10  60.5   11.3  141.0   18.0 1149.0 S 0.67 -
 410   12   12     5 0/0/0/0/0                1150.0   900.0    34.9   105.7   58.0   70.0     0 5/7/3/5/1/1           2     8  61.9   10.5   60.0   34.9 1149.0 S 0.67 -
 420   12   12     5 0/0/0/0/0                1150.0   900.0    45.8    11.8   60.0   70.0     0 5/7/3/5/1/1           2     9  59.1   11.3  162.6   29.6 1149.0 S 0.67 -
 430   12   12     5 0/0/0/0/0                1300.0  1020.0    43.5    27.9   62.0   70.0     0 5/7/3/6/1/1           2     9  59.6   10.9  115.5   33.6 1149.0 S 0.67 -
 440   12   12     5 0/0/0/0/0                1300.0  1020.0    46.3    58.1   62.0   70.0     0 5/7/3/6/1/1           2    13  60.3   10.5   70.0   32.0 1299.0 S 0.67 -
 450   12   12     5 0/0/0/0/0                1300.0  1020.0    45.0    98.6   62.0   70.0     0 5/7/3/6/1/1           2    11  60.7   10.9   65.0   31.6 1299.0 S 0.67 -
 460   13   12     6 0/0/0/0/0                1300.0  1020.0    42.2     9.7   64.0   70.0     0 5/7/3/6/1/1           2     9  61.8   10.9   33.6   35.6 1299.0 S 0.69 -
 470   13   13     6 0/0/0/0/0                1300.0  1020.0    24.0    28.5   64.0   70.0     0 5/7/3/6/1/1           2     4  61.1   11.1  226.8   24.0 1299.0 S 0.69 -
 480   13   13     6 0/0/0/0/0                1300.0  1020.0    15.7    28.5   65.0   70.0     0 5/7/3/6/1/2           2     4  61.9   10.9  208.1    9.8 1299.0 S 0.69 -
 490   13   13     6 0/0/0/0/0                1300.0  1020.0    35.9    48.8   65.0   70.0     0 5/7/3/6/1/2           2    16  58.7   10.6  100.0   11.8 1299.0 S 0.69 -
 500   13   13     6 0/0/0/0/0                1300.0  1020.0    25.8    69.3   65.0   70.0     0 5/7/3/6/1/2           2     9  60.6   11.0   95.0   25.8 1299.0 S 0.69 -
 510   13   13     6 0/0/0/0/0                1300.0  1020.0    24.2    98.3   65.0   70.0     0 5/7/3/6/1/2           2    11  60.1   10.9   85.0   14.4 1299.0 S 0.69 -
 520   13   13     6 0/0/0/0/0                1300.0  1020.0    30.8     4.2   67.0   70.0     0 5/7/3/6/1/2           2     8  60.7   11.0   63.1   21.7 1299.0 S 0.69 -
 530   13   13     6 0/0/0/0/0                1450.0  1140.0    28.2    31.4   69.0   70.0     0 5/7/3/7/1/2           2     8  60.9   11.1  132.5   22.8 1299.0 S 0.69 -
 540   13   13     6 0/0/0/0/0                1450.0  1140.0    37.3    51.1   69.0   70.0     0 5/7/3/7/1/2           2    13  58.9   11.0   40.0   18.2 1449.0 S 0.69 -
 550   13   13     6 0/0/0/0/0                1450.0  1140.0    31.7    64.3   69.0   70.0     0 5/7/3/7/1/2           2     8  61.0   10.6   25.0   31.7 1449.0 S 0.69 -
 560   14   13     7 0/0/0/0/0                1450.0  1140.0    17.9    89.8   69.0   70.0     0 5/7/3/7/1/2           2     7  62.3   11.0   55.0   17.9 1449.0 S 0.71 -
 570   16   14     9 0/0/0/0/0                1450.0  1140.0    32.1   114.5   69.0   70.0     0 5/7/3/7/1/2           2    12  62.0   10.5   25.0    7.2 1449.0 S 0.81 -
 580   17   16    10 0/0/0/0/0                1300.0  1020.0    28.0     5.8   71.0   70.0     1 5/7/3/6/1/2           2    11  60.4   10.7   62.7   24.8 1299.0 S 0.88 -
 590   17   17    10 0/0/0/0/0                1450.0  1140.0    28.3    23.1   69.0   84.0     0 6/7/3/7/1/2           2    10  60.8   11.2  139.4   19.5 1299.0 S 0.82 -
 600   18   17    11 0/0/0/0/0                1450.0  1140.0    51.9    34.6   69.0   84.0     0 6/7/3/7/1/2           2    14  60.9   10.6   35.0   12.9 1449.0 S 0.83 -
 610   18   18    11 0/0/0/0/0                1450.0  1140.0    25.9    53.4   69.0   84.0     0 6/7/3/7/1/2           2     8  63.7   10.6   15.0   25.9 1449.0 S 0.83 -
 620   18   18    11 0/0/0/0/0                1450.0  1140.0    13.0    69.7   69.0   84.0     0 6/7/3/7/1/2           2     9  62.2   10.8   15.0   12.7 1449.0 S 0.83 -
 630   18   18    11 0/0/0/0/0                1450.0  1140.0     9.4    69.7   69.0   84.0     0 6/7/3/7/1/2           2    13  60.7   10.2    0.0    4.4 1449.0 S 0.83 -
 640   18   18    11 0/0/0/0/0                1450.0  1140.0    21.8    69.7   69.0   84.0     0 6/7/3/7/1/2           2    11  59.0   10.9    0.0    9.3 1449.0 S 0.83 -
 650   18   18    11 0/0/0/0/0                1450.0  1140.0    12.2    69.7   69.0   84.0     0 6/7/3/7/1/2           2     7  62.3   10.3    0.0   12.2 1449.0 S 0.78 -
 660   17   17    11 0/1/0/0/0                1450.0  1140.0     0.0    69.7   69.0   84.0     0 6/7/3/7/1/2           2     9  60.6   10.4    0.0    0.0 1449.0 S 0.71 -
 670   15   15    11 0/3/0/0/0                1450.0  1140.0    26.2    69.7   69.0   84.0     0 6/7/3/7/1/2           2    11  56.6   10.4    0.0    0.0 1449.0 S 0.73 -
 680   15   15    11 0/3/0/0/0                1450.0  1140.0    26.3    69.7   69.0   84.0     0 6/7/3/7/1/2           2    11  58.6   11.0    0.0   21.1 1449.0 S 0.73 -
 690   15   15    11 0/3/0/0/0                1450.0  1140.0    19.5    84.2   69.0   84.0     0 6/7/3/7/1/2           2     8  58.5   10.3   20.0   19.5 1449.0 S 0.73 -
 700   15   15    11 0/3/0/0/0                1450.0  1140.0    24.8    84.2   69.0   84.0     0 6/7/3/7/1/2           2     9  58.6   10.1    5.0   10.9 1449.0 S 0.73 -
 710   15   15    11 0/3/0/0/0                1450.0  1140.0    19.6    84.2   69.0   84.0     0 6/7/3/7/1/2           2     8  57.6   10.8   35.0    7.5 1449.0 S 0.73 -
 720   15   15    11 0/3/0/0/0                1450.0  1140.0    23.3    91.6   69.0   84.0     0 6/7/3/7/1/2           2    11  59.9   10.3    0.0   12.6 1449.0 S 0.73 -
 730   15   15    11 0/3/0/0/0                1450.0  1140.0    30.5    91.6   69.0   84.0     0 6/7/3/7/1/2           2     8  60.8   11.1    5.0   21.7 1449.0 S 0.73 -
 740   16   15    12 0/3/0/0/0                1450.0  1140.0    10.9   108.1   69.0   84.0     0 6/7/3/7/1/2           2     7  61.0   10.6   30.0    7.0 1449.0 S 0.88 -
 750   16   16    12 0/3/0/0/0                1450.0  1140.0    14.0   110.2   69.0   84.0     0 6/7/3/7/1/2           2    12  60.2   10.5    0.0    1.9 1449.0 S 0.88 -
 760   16   16    12 0/3/0/0/0                1450.0  1140.0    30.3   110.2   69.0   84.0     0 6/7/3/7/1/2           2    10  62.3   11.1    5.0   13.6 1449.0 S 0.88 -
 770   16   16    12 0/3/0/0/0                1450.0  1140.0    23.1     4.4   71.0   84.0     0 6/7/3/7/1/2           2     9  62.5   10.9  158.0   19.0 1449.0 S 0.81 -
 780   16   16    12 0/3/0/0/0                1450.0  1140.0    27.6     9.1   71.0   84.0     0 6/7/3/7/1/2           2    10  60.7   10.7  236.1   18.7 1449.0 S 0.81 -
 790   16   16    12 0/3/0/0/0                1600.0  1260.0    23.7    18.0   73.0   84.0     0 6/7/3/8/1/2           2     9  61.1   10.7  123.5   17.3 1449.0 S 0.81 -
 800   16   16    12 0/3/0/0/0                1600.0  1260.0    34.1    20.0   73.0   84.0     0 6/7/3/8/1/2           2    11  60.7   10.8   45.0   17.4 1599.0 S 0.81 -
 810   16   16    12 0/3/0/0/0                1600.0  1260.0    25.2    27.3   73.0   84.0     0 6/7/3/8/1/2           2     7  62.1   10.9   10.0   25.2 1599.0 S 0.69 -
 820   16   16    12 0/3/0/0/0                1600.0  1260.0    34.6    47.0   73.0   84.0     0 6/7/3/8/1/2           2    11  61.2   10.5   40.0   16.5 1599.0 S 0.69 -
 830   17   16    13 0/3/0/0/0                1600.0  1260.0    23.9    55.2   73.0   84.0     0 6/7/3/8/1/2           2     9  60.9   10.9   50.0   23.7 1599.0 S 0.71 -
 840   18   17    14 0/3/0/0/0                1600.0  1260.0    19.1    83.0   73.0   84.0     0 6/7/3/8/1/2           2    10  60.6   11.2   20.0   13.3 1598.5 S 0.72 -
 850   20   18    16 0/3/0/0/0                1600.0  1260.0    18.1    83.0   73.0   84.0     0 6/7/3/8/1/2           2     7  63.7   10.6   20.0   15.8 1599.0 S 0.85 -
 860   19   19    16 0/4/0/0/0                1600.0  1260.0     9.2   116.7   73.0   84.0     0 6/7/3/8/1/2           2    12  61.7   10.9   65.0    0.0 1599.0 S 0.95 -
 870   19   19    16 0/4/0/0/0                1600.0  1260.0    22.0   116.7   73.0   84.0     0 6/7/3/8/1/2           2    10  63.6   10.8   55.0    2.6 1599.0 S 0.84 -
 880   19   19    16 0/4/0/0/0                1600.0  1260.0    11.0   116.7   73.0   84.0     0 6/7/3/8/1/2           2     7  62.3   10.7   55.0    5.7 1599.0 S 0.79 -
 890   19   19    17 0/5/0/0/0                1600.0  1260.0     0.0   116.7   73.0   84.0     0 6/7/3/8/1/2           2    10  61.8   10.9   60.0    0.0 1599.0 L 0.84 -
 900   18   18    17 0/6/0/0/0                1600.0  1260.0    15.5   116.7   73.0   84.0     0 6/7/3/8/1/2           2    12  60.8   11.0   45.0    0.0 1599.0 L 0.83 -
 910   18   18    17 0/6/0/0/0                1600.0  1260.0     8.6   116.7   73.0   84.0     0 6/7/3/8/1/2           2     9  60.8   10.2   70.0    3.6 1599.0 L 0.83 -
 920   18   18    17 0/6/0/0/0                1600.0  1260.0     8.1   116.7   73.0   84.0     0 6/7/3/8/1/2           2     8  61.9   10.7   45.0    0.0 1599.0 L 0.89 -
 930   18   18    17 0/6/0/0/0                1600.0  1260.0     0.0   116.7   73.0   84.0     0 6/7/3/8/1/2           2     9  60.4   10.8   45.0    0.0 1599.0 L 0.89 -
 940   14   14    17 0/10/0/0/0               1600.0  1260.0     8.7   116.7   73.0   84.0     0 6/7/3/8/1/2           2     6  61.5   10.3   55.0    0.0 1599.0 L 0.64 -
 950   12   12    17 0/12/0/0/0               1600.0  1260.0    12.9   116.7   73.0   84.0     0 6/7/3/8/1/2           2     9  61.0   11.0   40.0    0.0 1599.0 L 0.58 -
 960   12   12    17 0/12/0/0/0               1600.0  1260.0    15.8   116.7   73.0   84.0     0 6/7/3/8/1/2           2     7  61.9   10.5   85.0   11.3 1599.0 L 0.58 -
 970   12   12    17 0/12/0/0/0               1600.0  1260.0    15.2   116.7   73.0   84.0     0 6/7/3/8/1/2           2     5  61.2   10.5   50.0   15.1 1599.0 L 0.58 -
 980   12   12    17 0/12/0/0/0               1600.0  1260.0    22.0   116.7   73.0   84.0     0 6/7/3/8/1/2           2     8  58.5   10.7    0.0    8.7 1599.0 L 0.58 -
 990   12   12    17 0/12/0/0/0               1600.0  1260.0    40.1   116.7   73.0   84.0     0 6/7/3/8/1/2           2     9  59.6   10.8   10.0   17.7 1599.0 S 0.58 -
1000   12   12    17 0/12/0/0/0               1600.0  1260.0    25.3     4.8   75.0   84.0     0 6/7/3/8/1/2           2     4  59.2   10.5   89.8   25.3 1599.0 S 0.58 -
1010   12   12    17 0/12/0/0/0               1600.0  1260.0    15.1     4.8   75.0   84.0     0 6/7/3/8/1/2           2     5  60.6   11.2  246.6   11.4 1599.0 S 0.58 -
1020   12   12    17 0/12/0/0/0               1600.0  1260.0    14.1     4.8   75.0   84.0     0 6/7/3/8/1/2           2     4  60.5   10.5  216.2    9.3 1599.0 S 0.58 -
1030   12   12    17 0/12/0/0/0               1750.0  1380.0     7.0    12.4   77.0   84.0     0 6/7/3/9/1/2           2     5  61.1   11.2   52.0    5.6 1599.0 S 0.42 -
1040   12   12    17 0/12/0/0/0               1750.0  1380.0    21.3    12.4   77.0   84.0     0 6/7/3/9/1/2           2     9  58.5   10.7    0.0    3.1 1749.0 S 0.58 -
1050   12   12    17 0/12/0/0/0               1750.0  1380.0    24.7    23.7   77.0   84.0     0 6/7/3/9/1/2           2     8  60.1   10.8    5.0   15.7 1749.0 S 0.58 -
1060   12   12    17 0/12/0/0/0               1750.0  1380.0    38.3    23.7   77.0   84.0     0 6/7/3/9/1/2           2     9  59.2   10.6   25.0   19.8 1749.0 S 0.58 -
1070   12   12    17 0/12/0/0/0               1750.0  1380.0    36.4    42.1   77.0   84.0     0 6/7/3/9/1/2           2    11  58.8   10.6    5.0   32.5 1749.0 S 0.58 -
1080   12   12    17 0/12/0/0/0               1750.0  1380.0    15.0    49.4   77.0   84.0     0 6/7/3/9/1/2           2     6  60.6   10.6   25.0   15.0 1749.0 S 0.58 -
1090   12   12    17 0/12/0/0/0               1750.0  1380.0    12.4    49.4   77.0   84.0     0 6/7/3/9/1/2           2     6  60.3   10.5    0.0    7.7 1749.0 S 0.58 -
1100   12   12    17 0/12/0/0/0               1750.0  1380.0    37.1    49.4   77.0   84.0     0 6/7/3/9/1/2           2    10  58.3   10.5    0.0   10.3 1749.0 S 0.58 -
1110   14   12    19 0/12/0/0/0               1750.0  1380.0    19.0    74.3   77.0   84.0     0 6/7/3/9/1/2           2     5  60.7   11.1   15.0   19.0 1749.0 S 0.50 -
1120   16   14    21 0/12/0/0/0               1750.0  1380.0    20.1    90.7   77.0   84.0     0 6/7/3/9/1/2           2    10  60.7   10.6   10.0   15.4 1749.0 S 0.88 -
1130   16   16    21 0/12/0/0/0               1750.0  1380.0    32.2    90.7   77.0   84.0     0 6/7/3/9/1/2           2     9  61.5   10.8    0.0   15.0 1749.0 S 0.81 -
1140   16   16    21 0/12/0/0/0               1750.0  1380.0    14.0   102.4   77.0   84.0     0 6/7/3/9/1/2           2     8  60.4   10.4   40.0   14.0 1749.0 S 0.62 -
1150   16   16    21 0/12/0/0/0               1750.0  1380.0    25.4   102.4   77.0   84.0     0 6/7/3/9/1/2           2     8  60.8   10.9    0.0   13.9 1749.0 S 0.62 -
1160   16   16    21 0/12/0/0/0               1750.0  1380.0    25.1   102.4   77.0   84.0     0 6/7/3/9/1/2           2     8  61.0   10.8    0.0   14.1 1749.0 S 0.62 -
1170   16   16    21 0/12/0/0/0               1750.0  1380.0    36.5   111.2   77.0   84.0     0 6/7/3/9/1/2           2    12  60.4   10.8   35.0   17.9 1749.0 S 0.62 -
1180   16   16    21 0/12/0/0/0               1750.0  1380.0    18.4   129.7   77.0   84.0     0 6/7/3/9/1/2           2     5  62.1   10.8   45.0   11.5 1749.0 S 0.62 -
1190   16   16    21 0/12/0/0/0               1750.0  1380.0    11.8   129.7   77.0   84.0     0 6/7/3/9/1/2           2     9  61.7   10.6    0.0    9.0 1749.0 S 0.62 -
1200   16   16    21 0/12/0/0/0               1750.0  1380.0     3.9   129.7   77.0   84.0     0 6/7/3/9/1/2           2     8  61.0   10.2    0.0    0.5 1749.0 S 0.62 -
1210    7    7    21 0/21/0/0/0               1750.0  1380.0    14.8   129.7   77.0   84.0     0 6/7/3/9/1/2           2     7  59.5   10.7    0.0    0.0 1749.0 S 0.57 -
1220    7    7    21 0/21/0/0/0               1750.0  1380.0    28.9   129.7   77.0   84.0     0 6/7/3/9/1/2           2     6  58.2   10.8    0.0   12.5 1749.0 S 0.57 -
1230    7    7    21 0/21/0/0/0               1750.0  1380.0    24.5   129.7   77.0   84.0     0 6/7/3/9/1/2           2     4  59.5   11.1    0.0   24.5 1749.0 S 0.57 -
1240    7    7    21 0/21/0/0/0               1750.0  1380.0    25.1     9.7   79.0   84.0     0 6/7/3/9/1/2           2     4  55.7   10.1  163.3   22.1 1749.0 S 0.43 -
1250    7    7    21 0/21/0/0/0               1900.0  1500.0    30.1    18.8   81.0   84.0     0 6/7/3/10/1/2          2     6  56.8   10.9   52.9   22.3 1749.0 S 0.43 -
1260    7    7    21 0/21/0/0/0               1900.0  1500.0    36.2    27.7   81.0   84.0     0 6/7/3/10/1/2          2     5  59.4   11.6   30.0   17.8 1899.0 S 0.29 -
1270    7    7    21 0/21/0/0/0               1900.0  1500.0    32.9    42.1   81.0   84.0     0 6/7/3/10/1/2          2     5  58.9   11.0   45.0   28.1 1899.0 S 0.29 -
1280    7    7    21 0/21/0/0/0               1900.0  1500.0    29.1    49.0   81.0   84.0     0 6/7/3/10/1/2          2     4  59.7   10.5   55.0   23.5 1899.0 S 0.29 -
1290    7    7    21 0/21/0/0/0               1900.0  1500.0    27.2    56.8   81.0   84.0     0 6/7/3/10/1/2          2     4  59.8   10.3   15.0   22.0 1899.0 S 0.29 -
1300    7    7    21 0/21/0/0/0               1900.0  1500.0    29.8    65.2   81.0   84.0     0 6/7/3/10/1/2          2     5  56.7   10.2   15.0   23.1 1899.0 S 0.29 -
1310    7    7    21 0/21/0/0/0               1900.0  1500.0    30.1    76.6   81.0   84.0     0 6/7/3/10/1/2          2     5  59.6   10.7   40.0   25.9 1899.0 S 0.29 -
1320    7    7    21 0/21/0/0/0               1900.0  1500.0    39.6    76.6   81.0   84.0     0 6/7/3/10/1/2          2     6  59.5   11.3   10.0   24.1 1899.0 S 0.29 -
1330    7    7    21 0/21/0/0/0               1900.0  1500.0    31.7    96.5   81.0   84.0     0 6/7/3/10/1/2          2     6  59.0   10.7   30.0   24.6 1899.0 S 0.43 -
1340    7    7    21 0/21/0/0/0               1900.0  1500.0    27.3    96.5   81.0   84.0     0 6/7/3/10/1/2          2     4  62.1   10.2   40.0   26.7 1899.0 S 0.43 -
1350    7    7    21 0/21/0/0/0               1900.0  1500.0    31.1   120.2   81.0   84.0     0 6/7/3/10/1/2          2     6  58.8   10.6   15.0   16.6 1899.0 S 0.43 -
1360    7    7    21 0/21/0/0/0               1900.0  1500.0    45.2   120.2   81.0   84.0     0 6/7/3/10/1/2          2     6  59.0   11.0    0.0   27.2 1899.0 S 0.43 -
1370    7    7    21 0/21/0/0/0               1900.0  1500.0    27.9     7.6   83.0   84.0     0 6/7/3/10/1/2          2     3  59.2   10.6  118.8   27.9 1899.0 S 0.43 -
1380    8    7    22 0/21/0/0/0               1900.0  1500.0    22.1     7.6   81.0   98.0     0 7/7/3/10/1/2          2     2  59.7   11.0  113.6   16.7 1899.0 S 0.38 -
1390    9    8    23 0/21/0/0/0               1900.0  1500.0    15.8    26.6   81.0   98.0     0 7/7/3/10/1/2          2     5  59.4   10.8   40.0   14.4 1899.0 S 0.33 -
1400   10    9    24 0/21/0/0/0               1900.0  1500.0    16.0    26.6   81.0   98.0     0 7/7/3/10/1/2          2     6  59.3   10.9   10.0   13.6 1899.0 S 0.70 -
1410   10   10    24 0/21/0/0/0               1900.0  1500.0    19.4    26.6   81.0   98.0     0 7/7/3/10/1/2          2     8  59.5   10.2    0.0   10.1 1899.0 S 0.50 -
1420   10   10    24 0/21/0/0/0               1900.0  1500.0    26.0    26.6   81.0   98.0     0 7/7/3/10/1/2          2     5  59.5   11.0   10.0   18.7 1899.0 S 0.50 -
1430   10   10    24 0/21/0/0/0               1900.0  1500.0    30.0    26.6   81.0   98.0     0 7/7/3/10/1/2          2     6  59.4   10.5    0.0   18.4 1899.0 S 0.40 -
1440   10   10    24 0/21/0/0/0               1900.0  1500.0    23.6    26.6   81.0   98.0     0 7/7/3/10/1/2          2     4  58.1   10.4    0.0   23.6 1899.0 S 0.30 -
1450   10   10    24 0/21/0/0/0               1900.0  1500.0    19.7    32.1   81.0   98.0     0 7/7/3/10/1/2          2     8  60.3   10.4   15.0   15.3 1899.0 S 0.60 -
1460   10   10    24 0/21/0/0/0               1900.0  1500.0    14.4    35.0   81.0   98.0     0 7/7/3/10/1/2          2     5  59.5   11.0    0.0   14.4 1899.0 S 0.60 -
1470   10   10    24 0/21/0/0/0               1900.0  1500.0    33.8    35.0   81.0   98.0     0 7/7/3/10/1/2          2     7  59.2    9.9    0.0   14.3 1899.0 S 0.60 -
1480   10   10    24 0/21/0/0/0               1900.0  1500.0     9.1    55.1   81.0   98.0     0 7/7/3/10/1/2          2     4  61.1   11.3   35.0    9.1 1899.0 S 0.60 -
1490   10   10    24 0/21/0/0/0               1900.0  1500.0    24.6    55.1   81.0   98.0     0 7/7/3/10/1/2          2     6  62.9   10.6    0.0    7.9 1899.0 S 0.60 -
1500   10   10    24 0/21/0/0/0               1900.0  1500.0    30.6    55.1   81.0   98.0     0 7/7/3/10/1/2          2     6  62.8   11.0    0.0   17.4 1899.0 S 0.60 -

targets for seed 99 (1500 sols):
  T1 PASS run min pop 7 (needs >= 5), final pop 10
  T2 PASS deaths 21 (air 0 thirst 21 hunger 0 eva 0 other 0), unexplained 0
  T3 PASS births 24, first_birth_sol 291, at_capacity 0, cooldown_violations 0, pop@30=7, pop@100=7, pop@300=11
  T4 PASS min O2 262.5, food 203.1; ice ran dry (pressure): min ice 0.0, ice>30 0.0, thirst deaths 21; max ice/target 0.80, regolith/target 0.79
  T5 FAIL demand>supply 0.56% of steps (<=10), max shorts/sol 1 (<=2), max offline 205.3 h (<=24.7), first new reactor sol 14 (<=15)
  T6 PASS limited 11315.5 h = 30.59% (>=2% provisional; 4 of 5 seeds), site busy 24.7%; waiting_regolith 3140.0 h, site_no_crew 8175.5 h
  T7 PASS turn_backs_air 0, exhausted 385, reachable>=2 at 100.0% of 1500 sol samples (>=95), trips 1215
  T8 PASS row avg energy 52.7..63.7 (40..90), row asleep 9.2..12.5% (5..30), max sleep 8.8 h (<=18)
  T9 N/A  checked by repeating the run and by tests/test_determinism.gd (compare the table sha256)
  T10 FAIL first settlement sol 301 (40..150), age_changes 3 (<=4), min gap between consecutive history entries 98 (>=20), history 4 entries (changes+1 = 4); report: sols_in_age landing 399 settlement 1101 council 0, age at end settlement, changes [sol 301 settled; sol 885 fell_back (cause ice); sol 983 settled_again], fall back causes [sol 885 ice], not-ok sols 157 (by group, a sol can fail several: ice 89, food 1, oxygen 1, power 8, death 15, unrest 58)
  T11 PASS (1) list lengths 1501/1501/1501/1501 ok; (2) lonely mean of last 50 readings 0.200 (max 0.35) ok; (3) friends_mean 2.60 (1.0..15.0) ok; (4) first_friendship_sol 189 ok; (5) lines_dropped (total) 0 ok; report: web 0.60 second 0.20 lonely 0.20 friends_mean 2.60 friends share of colony 0.289 (pop 10)
  T12 PASS (1) list lengths 1501/1501/1501 ok; (2) C2 ok; (3) council changes 0 (<=4) ok; (4) proposals 0 ok; (5) one Council line per boundary ok; report: first Council sol <null>, meetings 0, proposals [], pledge sol <null> reason -, lines {"circles_few":4}, dropped 0; council_min_seeds 3 pledge_min_seeds 1
RESULT FAIL (target 9 determinism: table sha256 09d1d02b76b78f94)
