Godot Engine v4.5.stable.official.876b29033 - https://godotengine.org

# station zero balance run: seed=1234 sols=1500 overrides=[colony.consumption.ice_stage_mult={ "baby": 0.3, "toddler": 0.5, "child": 0.75, "teen": 1.0, "adult": 1.0 } buildings.reonline.load_fraction=1.0] fixed_step=0.05 data_hash=f1b3ec3acf8814f4
# deaths and births are cumulative; shorts, trips, energy, asleep, wait, min_* are for the 30-sol window
 sol  pop  min birth dead a/t/h/o/x           oxygen    food     ice   regol   dmnd   supp short bldg R/H/W/G/A/C  reach trips  avgE asleep%  waitH minIce  minO2 age web cn
  10    7    7     0 0/0/0/0/0                 387.9   296.2    55.0    65.0   13.0   14.0     0 1/1/1/1/0/0           2     6  53.2    9.3  213.3   54.6  262.5 L 1.00 -
  20    7    7     0 0/0/0/0/0                 550.0   420.0    58.5    46.0   14.0   28.0     0 2/2/1/1/0/0           2     9  51.8   11.1  181.6   50.4  388.0 L 1.00 -
  30    7    7     0 0/0/0/0/0                 700.0   540.0    58.0    48.1   18.0   28.0     0 2/2/1/2/0/0           2    10  57.2   12.0  126.2   52.9  549.0 L 1.00 -
  40    7    7     0 0/0/0/0/0                 700.0   540.0    66.4    23.8   21.0   28.0     0 2/2/1/2/0/1           2    10  58.5   11.2  109.9   50.6  699.0 L 1.00 -
  50    7    7     0 0/0/0/0/0                 700.0   540.0    71.4    23.1   23.0   28.0     0 2/2/1/2/0/1           2    12  53.4   11.4  142.5   64.6  698.1 L 0.86 -
  60    7    7     0 0/0/0/0/0                 700.0   540.0    58.5    68.3   23.0   28.0     0 2/2/1/2/0/1           2     7  52.3   10.8  230.2   57.5  699.0 L 0.86 -
  70    7    7     0 0/0/0/0/0                 700.0   540.0    54.5    86.7   23.0   28.0     0 2/2/1/2/0/1           2     5  56.5   10.5  229.3   43.8  699.0 L 0.86 -
  80    7    7     0 0/0/0/0/0                 700.0   540.0    37.3   105.3   23.0   28.0     0 2/2/1/2/1/1           2     3  57.0   10.8  243.2   37.3  699.0 L 0.71 -
  90    7    7     0 0/0/0/0/0                 700.0   540.0    49.3    47.9   25.0   28.0     0 2/2/1/2/1/1           2     8  53.5   10.5  164.1   35.0  699.0 L 0.71 -
 100    7    7     0 0/0/0/0/0                 700.0   540.0    41.0    77.9   25.0   28.0     0 2/2/1/2/1/1           2     6  52.3   10.8  227.9   41.0  699.0 L 0.71 -
 110    7    7     0 0/0/0/0/0                 700.0   540.0    48.6    25.0   28.0   28.0     0 2/3/1/2/1/1           2     6  57.6   10.7  206.5   38.7  699.0 L 0.71 -
 120    7    7     0 0/0/0/0/0                 700.0   540.0    60.7    41.6   26.0   42.0     0 3/3/1/2/1/1           2    10  56.2   11.5  154.8   47.5  699.0 L 0.57 -
 130    7    7     0 0/0/0/0/0                 700.0   540.0    80.2    20.9   28.0   42.0     0 3/3/1/2/1/1           2    11  56.8   10.4  155.2   59.8  699.0 L 0.43 -
 140    7    7     0 0/0/0/0/0                 700.0   540.0    84.9    63.0   28.0   42.0     0 3/3/1/2/1/1           2    10  53.2   11.3  223.7   79.1  698.0 L 0.57 -
 150    7    7     0 0/0/0/0/0                 850.0   660.0    79.3    25.4   32.0   42.0     0 3/3/1/3/1/1           2     8  54.1   11.5  156.0   79.3  699.0 L 0.43 -
 160    7    7     0 0/0/0/0/0                 850.0   660.0    74.0     7.7   35.0   42.0     0 3/4/1/3/1/1           2     9  56.3   10.8   90.8   69.0  849.0 L 0.43 -
 170    7    7     0 0/0/0/0/0                 850.0   660.0    61.8    25.5   35.0   42.0     0 3/4/1/3/1/1           2     4  53.3   10.6  241.0   61.8  849.0 L 0.29 -
 180    7    7     0 0/0/0/0/0                 850.0   660.0    49.2    47.5   35.0   42.0     0 3/4/1/3/1/1           2     5  56.5   11.0  243.6   48.3  849.0 L 0.29 -
 190    7    7     0 0/0/0/0/0                 850.0   660.0    58.3    61.6   35.0   42.0     0 3/4/1/3/1/1           2     7  54.2   10.2  222.7   45.4  849.0 L 0.29 -
 200    7    7     0 0/0/0/0/0                 850.0   660.0    44.7    85.5   35.0   42.0     0 3/4/1/3/1/1           2     4  56.7   10.0  246.6   44.7  849.0 L 0.29 -
 210    7    7     0 0/0/0/0/0                 850.0   660.0    36.1    90.1   35.0   42.0     0 3/4/1/3/1/1           2     4  56.7   10.8  242.7   36.1  849.0 L 0.29 -
 220    7    7     0 0/0/0/0/0                 850.0   660.0    30.3   106.6   35.0   42.0     0 3/4/1/3/1/1           2     4  59.5   10.9  246.6   30.3  849.0 L 0.29 -
 230    7    7     0 0/0/0/0/0                 850.0   660.0    38.5   106.6   35.0   42.0     0 3/4/1/3/1/1           2     5  58.0   10.9  246.6   26.5  849.0 L 0.29 -
 240    7    7     0 0/0/0/0/0                1000.0   780.0    37.8    32.4   39.0   42.0     0 3/4/1/4/1/1           2     6  54.8   10.5  225.3   33.9  849.0 L 0.29 -
 250    7    7     0 0/0/0/0/0                1000.0   780.0    54.3    46.9   40.0   42.0     0 3/4/1/4/1/2           2     7  56.3   11.7  105.3   37.6  999.0 L 0.29 -
 260    7    7     0 0/0/0/0/0                1000.0   780.0    62.2    24.5   42.0   42.0     0 3/4/1/4/1/2           2    13  55.0   10.5   40.5   52.4  999.0 L 0.43 -
 270    7    7     0 0/0/0/0/0                1000.0   780.0    72.1    63.5   40.0   56.0     0 4/4/1/4/1/2           2    12  56.1   12.6  143.3   59.0  999.0 L 0.43 -
 280    7    7     0 0/0/0/0/0                1000.0   780.0    64.9    27.0   42.0   56.0     0 4/4/1/4/1/2           2     9  54.2   10.2  134.8   64.9  999.0 L 0.43 -
 290    9    7     2 0/0/0/0/0                1150.0   900.0    51.7    51.2   44.0   56.0     0 4/4/1/5/1/2           2     6  53.8   10.9  178.0   51.7  999.0 L 0.33 -
 300   10    9     3 0/0/0/0/0                1150.0   900.0    57.0     7.0   46.0   56.0     0 4/4/1/5/1/2           2     9  59.5   11.2   53.0   49.7 1149.0 L 0.40 -
 310   11   10     4 0/0/0/0/0                1150.0   900.0    37.2    50.9   46.0   56.0     0 4/4/1/5/1/2           2     6  59.9   11.0  212.1   37.2 1149.0 L 0.55 -
 320   12   11     5 0/0/0/0/0                1300.0  1020.0    32.7    97.7   48.0   56.0     0 4/4/1/6/1/2           2    13  58.3   10.8   18.9   32.7 1149.0 S 0.83 -
 330   12   12     5 0/0/0/0/0                1300.0  1020.0    26.4    26.7   50.0   56.0     0 4/4/1/6/1/2           2     5  62.1   10.8  147.8   26.4 1299.0 S 0.83 -
 340   12   12     5 0/0/0/0/0                1300.0  1020.0    21.3    26.7   50.0   56.0     0 4/4/1/6/1/2           2     4  59.6   10.5  246.6   21.3 1299.0 S 0.83 -
 350   12   12     5 0/0/0/0/0                1300.0  1020.0     5.7    26.7   50.0   56.0     0 4/4/1/6/1/2           2     2  61.8   10.4  246.6    4.0 1299.0 S 0.75 -
 360   12   12     5 0/0/0/0/0                1300.0  1020.0    21.1    36.2   50.0   56.0     0 4/4/1/6/1/2           2     9  57.9   10.2  244.8    3.9 1299.0 S 0.67 -
 370   12   12     5 0/0/0/0/0                1300.0  1020.0    17.6    36.2   50.0   56.0     0 4/4/1/6/1/2           2     3  59.3   11.5  246.6   14.9 1299.0 S 0.58 -
 380   13   12     6 0/0/0/0/0                1300.0  1020.0     7.2    36.2   50.0   56.0     0 4/4/1/6/1/2           2     3  61.0   10.3  246.6    2.4 1299.0 S 0.54 -
 390   11   11     6 0/2/0/0/0                1300.0  1020.0     0.0    36.2   50.0   56.0     0 4/4/1/6/1/2           2     4  61.4   10.9  241.4    0.0 1299.0 S 0.82 -
 400    9    9     6 0/4/0/0/0                1300.0  1020.0    15.2    36.2   50.0   56.0     0 4/4/1/6/1/2           2     3  63.2   10.7  246.6    0.0 1299.0 S 0.44 -
 410    9    9     6 0/4/0/0/0                1300.0  1020.0    12.5    36.2   50.0   56.0     0 4/4/1/6/1/2           2     2  61.0   10.5  242.7   11.5 1299.0 S 0.44 -
 420    9    9     6 0/4/0/0/0                1300.0  1020.0    18.0    36.2   50.0   56.0     0 4/4/1/6/1/2           2     3  61.0   10.8  246.6    5.3 1299.0 S 0.44 -
 430    9    9     6 0/4/0/0/0                1300.0  1020.0    14.0    36.2   50.0   56.0     0 4/4/1/6/1/2           2     4  60.4   10.4  246.6   14.0 1298.8 S 0.44 -
 440    9    9     6 0/4/0/0/0                1300.0  1020.0    17.7    36.2   50.0   56.0     0 4/4/1/6/1/2           2     1  62.7   11.0  246.6   13.4 1299.0 S 0.44 -
 450    9    9     6 0/4/0/0/0                1300.0  1020.0    18.8    36.2   50.0   56.0     0 4/4/1/6/1/2           2     4  60.5   10.9  246.6   13.8 1299.0 S 0.44 -
 460    9    9     6 0/4/0/0/0                1300.0  1020.0    16.2    36.2   50.0   56.0     0 4/4/1/6/1/2           2     2  62.8   10.7  246.6   15.8 1299.0 S 0.44 -
 470    9    9     6 0/4/0/0/0                1300.0  1020.0    27.8    36.2   50.0   56.0     0 4/4/1/6/1/2           2     5  59.9   11.0  246.6   14.7 1299.0 S 0.44 -
 480    9    9     6 0/4/0/0/0                1300.0  1020.0    26.8    36.2   50.0   56.0     0 4/4/1/6/1/2           2     2  61.3   10.3  242.1   22.4 1299.0 S 0.44 -
 490    9    9     6 0/4/0/0/0                1300.0  1020.0    23.6    36.2   50.0   56.0     0 4/4/1/6/1/2           2     2  62.7   10.7  246.6   19.0 1299.0 S 0.44 -
 500    9    9     6 0/4/0/0/0                1300.0  1020.0    10.0    36.2   50.0   56.0     0 4/4/1/6/1/2           2     1  63.1   10.6  246.6   10.0 1299.0 S 0.44 -
 510    9    9     6 0/4/0/0/0                1300.0  1020.0     1.4    36.2   50.0   56.0     0 4/4/1/6/1/2           2     0  61.8   10.5  246.6    1.4 1300.0 S 0.44 -
 520    3    3     6 0/10/0/0/0               1300.0  1020.0    11.1    36.2   50.0   56.0     0 4/4/1/6/1/2           2     3  60.1   10.9  246.6    0.0 1299.0 S 0.33 -
 530    3    3     6 0/10/0/0/0               1300.0  1020.0    11.5    36.2   50.0   56.0     0 4/4/1/6/1/2           2     3  56.0   11.4  246.6    6.8 1299.0 S 0.33 -
 540    3    3     6 0/10/0/0/0               1300.0  1020.0    36.8    39.4   50.0   56.0     0 4/4/1/6/1/2           2     5  51.4   11.0  246.6   11.0 1299.0 L 0.33 -
 550    3    3     6 0/10/0/0/0               1300.0  1020.0    29.4    57.7   50.0   56.0     0 4/4/1/6/1/2           2     2  58.1   10.9  243.3   29.4 1299.0 L 0.33 -
 560    3    3     6 0/10/0/0/0               1300.0  1020.0    26.2    65.4   50.0   56.0     0 4/4/1/6/1/2           2     2  57.9   10.8  246.6   26.2 1299.0 L 0.33 -
 570    5    3     8 0/10/0/0/0               1300.0  1020.0    33.7    65.4   50.0   56.0     0 4/4/1/6/1/2           2     3  60.5   10.5  246.6   24.6 1299.0 L 0.80 -
 580    5    5     8 0/10/0/0/0               1300.0  1020.0    24.8    70.2   50.0   56.0     0 4/4/1/6/1/2           2     1  58.5   10.5  246.6   24.8 1299.0 L 0.80 -
 590    5    5     8 0/10/0/0/0               1300.0  1020.0    23.1    70.2   50.0   56.0     0 4/4/1/6/1/2           2     2  59.1   10.9  246.6   22.6 1299.0 L 0.60 -
 600    5    5     8 0/10/0/0/0               1300.0  1020.0    23.7    70.2   50.0   56.0     0 4/4/1/6/1/2           2     1  61.7   10.8  246.6   22.5 1299.0 L 0.60 -
 610    5    5     8 0/10/0/0/0               1300.0  1020.0    14.8    70.2   50.0   56.0     0 4/4/1/6/1/2           2     1  61.3   10.6  246.6   14.8 1299.0 L 0.60 -
 620    5    5     8 0/10/0/0/0               1300.0  1020.0    11.9    70.2   50.0   56.0     0 4/4/1/6/1/2           2     3  61.0   10.2  246.6   11.9 1299.0 L 0.60 -
 630    5    5     8 0/10/0/0/0               1300.0  1020.0    21.4    70.2   50.0   56.0     0 4/4/1/6/1/2           2     4  59.0   11.2  246.6   11.0 1299.0 L 0.40 -
 640    5    5     8 0/10/0/0/0               1300.0  1020.0    16.6    70.2   50.0   56.0     0 4/4/1/6/1/2           2     1  60.2   10.1  246.6   16.6 1299.0 L 0.40 -
 650    5    5     8 0/10/0/0/0               1300.0  1020.0    27.7    70.2   50.0   56.0     0 4/4/1/6/1/2           2     4  59.7   11.4  246.6   14.4 1299.0 L 0.40 -
 660    5    5     8 0/10/0/0/0               1300.0  1020.0    29.0    70.2   50.0   56.0     0 4/4/1/6/1/2           2     2  61.3   10.6  246.6   24.8 1299.0 L 0.40 -
 670    5    5     8 0/10/0/0/0               1300.0  1020.0    29.3    70.2   50.0   56.0     0 4/4/1/6/1/2           2     2  62.3   10.9  246.6   27.5 1299.0 L 0.40 -
 680    6    5     9 0/10/0/0/0               1300.0  1020.0    30.2    78.7   50.0   56.0     0 4/4/1/6/1/2           2     3  60.9   10.3  246.6   26.3 1299.0 L 0.33 -
 690    6    6     9 0/10/0/0/0               1300.0  1020.0    25.3    96.1   50.0   56.0     0 4/4/1/6/1/2           2     4  60.6   11.2  246.6   25.3 1299.0 L 0.33 -
 700    6    6     9 0/10/0/0/0               1300.0  1020.0    21.2    96.1   50.0   56.0     0 4/4/1/6/1/2           2     1  62.4   10.2  245.3   21.2 1299.0 L 0.33 -
 710    6    6     9 0/10/0/0/0               1300.0  1020.0    14.3    96.1   50.0   56.0     0 4/4/1/6/1/2           2     1  58.8    9.9  242.1   14.3 1299.0 L 0.33 -
 720    6    6     9 0/10/0/0/0               1300.0  1020.0    11.5    96.1   50.0   56.0     0 4/4/1/6/1/2           2     2  62.5   11.4  246.6    9.5 1299.0 L 0.33 -
 730    6    6     9 0/10/0/0/0               1300.0  1020.0    12.7    96.1   50.0   56.0     0 4/4/1/6/1/2           2     3  61.0   10.4  245.1    5.7 1299.0 L 0.33 -
 740    6    6     9 0/10/0/0/0               1300.0  1020.0    12.7    96.1   50.0   56.0     0 4/4/1/6/1/2           2     1  60.2   11.0  246.6    6.3 1299.0 L 0.33 -
 750    6    6     9 0/10/0/0/0               1300.0  1020.0     6.7    96.1   50.0   56.0     0 4/4/1/6/1/2           2     3  58.9   10.3  246.6    5.5 1299.0 L 0.33 -
 760    6    6     9 0/10/0/0/0               1300.0  1020.0     7.2    96.1   50.0   56.0     0 4/4/1/6/1/2           2     1  61.5   10.4  246.6    5.4 1299.0 L 0.33 -
 770    6    6     9 0/10/0/0/0               1300.0  1020.0     7.5    96.1   50.0   56.0     0 4/4/1/6/1/2           2     2  60.3   11.1  245.0    2.6 1299.0 L 0.33 -
 780    6    6     9 0/10/0/0/0               1300.0  1020.0     2.1    96.1   50.0   56.0     0 4/4/1/6/1/2           2     1  61.6   10.3  246.6    2.1 1299.0 L 0.33 -
 790    0    0     9 0/16/0/0/0               1300.0  1020.0     0.0    96.1   50.0   56.0     0 4/4/1/6/1/2           2     1  56.1   10.6  246.6    0.0 1299.0 L 0.00 -
 800    0    0     9 0/16/0/0/0               1300.0  1020.0     0.0    96.1   50.0   56.0     0 4/4/1/6/1/2           2     0   0.0    0.0  246.6    0.0 1300.0 L 0.00 -
 810    0    0     9 0/16/0/0/0               1300.0  1020.0     0.0    96.1   50.0   56.0     0 4/4/1/6/1/2           2     0   0.0    0.0  246.6    0.0 1300.0 L 0.00 -
 820    0    0     9 0/16/0/0/0               1300.0  1020.0     0.0    96.1   50.0   56.0     0 4/4/1/6/1/2           2     0   0.0    0.0  246.6    0.0 1300.0 L 0.00 -
 830    0    0     9 0/16/0/0/0               1300.0  1020.0     0.0    96.1   50.0   56.0     0 4/4/1/6/1/2           2     0   0.0    0.0  246.6    0.0 1300.0 L 0.00 -
 840    0    0     9 0/16/0/0/0               1300.0  1020.0     0.0    96.1   50.0   56.0     0 4/4/1/6/1/2           2     0   0.0    0.0  246.6    0.0 1300.0 L 0.00 -
 850    0    0     9 0/16/0/0/0               1300.0  1020.0     0.0    96.1   50.0   56.0     0 4/4/1/6/1/2           2     0   0.0    0.0  246.6    0.0 1300.0 L 0.00 -
 860    0    0     9 0/16/0/0/0               1300.0  1020.0     0.0    96.1   50.0   56.0     0 4/4/1/6/1/2           2     0   0.0    0.0  246.6    0.0 1300.0 L 0.00 -
 870    0    0     9 0/16/0/0/0               1300.0  1020.0     0.0    96.1   50.0   56.0     0 4/4/1/6/1/2           2     0   0.0    0.0  246.6    0.0 1300.0 L 0.00 -
 880    0    0     9 0/16/0/0/0               1300.0  1020.0     0.0    96.1   50.0   56.0     0 4/4/1/6/1/2           2     0   0.0    0.0  246.6    0.0 1300.0 L 0.00 -
 890    0    0     9 0/16/0/0/0               1300.0  1020.0     0.0    96.1   50.0   56.0     0 4/4/1/6/1/2           2     0   0.0    0.0  246.6    0.0 1300.0 L 0.00 -
 900    0    0     9 0/16/0/0/0               1300.0  1020.0     0.0    96.1   50.0   56.0     0 4/4/1/6/1/2           2     0   0.0    0.0  246.6    0.0 1300.0 L 0.00 -
 910    0    0     9 0/16/0/0/0               1300.0  1020.0     0.0    96.1   50.0   56.0     0 4/4/1/6/1/2           2     0   0.0    0.0  246.6    0.0 1300.0 L 0.00 -
 920    0    0     9 0/16/0/0/0               1300.0  1020.0     0.0    96.1   50.0   56.0     0 4/4/1/6/1/2           2     0   0.0    0.0  246.6    0.0 1300.0 L 0.00 -
 930    0    0     9 0/16/0/0/0               1300.0  1020.0     0.0    96.1   50.0   56.0     0 4/4/1/6/1/2           2     0   0.0    0.0  246.6    0.0 1300.0 L 0.00 -
 940    0    0     9 0/16/0/0/0               1300.0  1020.0     0.0    96.1   50.0   56.0     0 4/4/1/6/1/2           2     0   0.0    0.0  246.6    0.0 1300.0 L 0.00 -
 950    0    0     9 0/16/0/0/0               1300.0  1020.0     0.0    96.1   50.0   56.0     0 4/4/1/6/1/2           2     0   0.0    0.0  246.6    0.0 1300.0 L 0.00 -
 960    0    0     9 0/16/0/0/0               1300.0  1020.0     0.0    96.1   50.0   56.0     0 4/4/1/6/1/2           2     0   0.0    0.0  246.6    0.0 1300.0 L 0.00 -
 970    0    0     9 0/16/0/0/0               1300.0  1020.0     0.0    96.1   50.0   56.0     0 4/4/1/6/1/2           2     0   0.0    0.0  246.6    0.0 1300.0 L 0.00 -
 980    0    0     9 0/16/0/0/0               1300.0  1020.0     0.0    96.1   50.0   56.0     0 4/4/1/6/1/2           2     0   0.0    0.0  246.6    0.0 1300.0 L 0.00 -
 990    0    0     9 0/16/0/0/0               1300.0  1020.0     0.0    96.1   50.0   56.0     0 4/4/1/6/1/2           2     0   0.0    0.0  246.6    0.0 1300.0 L 0.00 -
1000    0    0     9 0/16/0/0/0               1300.0  1020.0     0.0    96.1   50.0   56.0     0 4/4/1/6/1/2           2     0   0.0    0.0  246.6    0.0 1300.0 L 0.00 -
1010    0    0     9 0/16/0/0/0               1300.0  1020.0     0.0    96.1   50.0   56.0     0 4/4/1/6/1/2           2     0   0.0    0.0  246.6    0.0 1300.0 L 0.00 -
1020    0    0     9 0/16/0/0/0               1300.0  1020.0     0.0    96.1   50.0   56.0     0 4/4/1/6/1/2           2     0   0.0    0.0  246.6    0.0 1300.0 L 0.00 -
1030    0    0     9 0/16/0/0/0               1300.0  1020.0     0.0    96.1   50.0   56.0     0 4/4/1/6/1/2           2     0   0.0    0.0  246.6    0.0 1300.0 L 0.00 -
1040    0    0     9 0/16/0/0/0               1300.0  1020.0     0.0    96.1   50.0   56.0     0 4/4/1/6/1/2           2     0   0.0    0.0  246.6    0.0 1300.0 L 0.00 -
1050    0    0     9 0/16/0/0/0               1300.0  1020.0     0.0    96.1   50.0   56.0     0 4/4/1/6/1/2           2     0   0.0    0.0  246.6    0.0 1300.0 L 0.00 -
1060    0    0     9 0/16/0/0/0               1300.0  1020.0     0.0    96.1   50.0   56.0     0 4/4/1/6/1/2           2     0   0.0    0.0  246.6    0.0 1300.0 L 0.00 -
1070    0    0     9 0/16/0/0/0               1300.0  1020.0     0.0    96.1   50.0   56.0     0 4/4/1/6/1/2           2     0   0.0    0.0  246.6    0.0 1300.0 L 0.00 -
1080    0    0     9 0/16/0/0/0               1300.0  1020.0     0.0    96.1   50.0   56.0     0 4/4/1/6/1/2           2     0   0.0    0.0  246.6    0.0 1300.0 L 0.00 -
1090    0    0     9 0/16/0/0/0               1300.0  1020.0     0.0    96.1   50.0   56.0     0 4/4/1/6/1/2           2     0   0.0    0.0  246.6    0.0 1300.0 L 0.00 -
1100    0    0     9 0/16/0/0/0               1300.0  1020.0     0.0    96.1   50.0   56.0     0 4/4/1/6/1/2           2     0   0.0    0.0  246.6    0.0 1300.0 L 0.00 -
1110    0    0     9 0/16/0/0/0               1300.0  1020.0     0.0    96.1   50.0   56.0     0 4/4/1/6/1/2           2     0   0.0    0.0  246.6    0.0 1300.0 L 0.00 -
1120    0    0     9 0/16/0/0/0               1300.0  1020.0     0.0    96.1   50.0   56.0     0 4/4/1/6/1/2           2     0   0.0    0.0  246.6    0.0 1300.0 L 0.00 -
1130    0    0     9 0/16/0/0/0               1300.0  1020.0     0.0    96.1   50.0   56.0     0 4/4/1/6/1/2           2     0   0.0    0.0  246.6    0.0 1300.0 L 0.00 -
1140    0    0     9 0/16/0/0/0               1300.0  1020.0     0.0    96.1   50.0   56.0     0 4/4/1/6/1/2           2     0   0.0    0.0  246.6    0.0 1300.0 L 0.00 -
1150    0    0     9 0/16/0/0/0               1300.0  1020.0     0.0    96.1   50.0   56.0     0 4/4/1/6/1/2           2     0   0.0    0.0  246.6    0.0 1300.0 L 0.00 -
1160    0    0     9 0/16/0/0/0               1300.0  1020.0     0.0    96.1   50.0   56.0     0 4/4/1/6/1/2           2     0   0.0    0.0  246.6    0.0 1300.0 L 0.00 -
1170    0    0     9 0/16/0/0/0               1300.0  1020.0     0.0    96.1   50.0   56.0     0 4/4/1/6/1/2           2     0   0.0    0.0  246.6    0.0 1300.0 L 0.00 -
1180    0    0     9 0/16/0/0/0               1300.0  1020.0     0.0    96.1   50.0   56.0     0 4/4/1/6/1/2           2     0   0.0    0.0  246.6    0.0 1300.0 L 0.00 -
1190    0    0     9 0/16/0/0/0               1300.0  1020.0     0.0    96.1   50.0   56.0     0 4/4/1/6/1/2           2     0   0.0    0.0  246.6    0.0 1300.0 L 0.00 -
1200    0    0     9 0/16/0/0/0               1300.0  1020.0     0.0    96.1   50.0   56.0     0 4/4/1/6/1/2           2     0   0.0    0.0  246.6    0.0 1300.0 L 0.00 -
1210    0    0     9 0/16/0/0/0               1300.0  1020.0     0.0    96.1   50.0   56.0     0 4/4/1/6/1/2           2     0   0.0    0.0  246.6    0.0 1300.0 L 0.00 -
1220    0    0     9 0/16/0/0/0               1300.0  1020.0     0.0    96.1   50.0   56.0     0 4/4/1/6/1/2           2     0   0.0    0.0  246.6    0.0 1300.0 L 0.00 -
1230    0    0     9 0/16/0/0/0               1300.0  1020.0     0.0    96.1   50.0   56.0     0 4/4/1/6/1/2           2     0   0.0    0.0  246.6    0.0 1300.0 L 0.00 -
1240    0    0     9 0/16/0/0/0               1300.0  1020.0     0.0    96.1   50.0   56.0     0 4/4/1/6/1/2           2     0   0.0    0.0  246.6    0.0 1300.0 L 0.00 -
1250    0    0     9 0/16/0/0/0               1300.0  1020.0     0.0    96.1   50.0   56.0     0 4/4/1/6/1/2           2     0   0.0    0.0  246.6    0.0 1300.0 L 0.00 -
1260    0    0     9 0/16/0/0/0               1300.0  1020.0     0.0    96.1   50.0   56.0     0 4/4/1/6/1/2           2     0   0.0    0.0  246.6    0.0 1300.0 L 0.00 -
1270    0    0     9 0/16/0/0/0               1300.0  1020.0     0.0    96.1   50.0   56.0     0 4/4/1/6/1/2           2     0   0.0    0.0  246.6    0.0 1300.0 L 0.00 -
1280    0    0     9 0/16/0/0/0               1300.0  1020.0     0.0    96.1   50.0   56.0     0 4/4/1/6/1/2           2     0   0.0    0.0  246.6    0.0 1300.0 L 0.00 -
1290    0    0     9 0/16/0/0/0               1300.0  1020.0     0.0    96.1   50.0   56.0     0 4/4/1/6/1/2           2     0   0.0    0.0  246.6    0.0 1300.0 L 0.00 -
1300    0    0     9 0/16/0/0/0               1300.0  1020.0     0.0    96.1   50.0   56.0     0 4/4/1/6/1/2           2     0   0.0    0.0  246.6    0.0 1300.0 L 0.00 -
1310    0    0     9 0/16/0/0/0               1300.0  1020.0     0.0    96.1   50.0   56.0     0 4/4/1/6/1/2           2     0   0.0    0.0  246.6    0.0 1300.0 L 0.00 -
1320    0    0     9 0/16/0/0/0               1300.0  1020.0     0.0    96.1   50.0   56.0     0 4/4/1/6/1/2           2     0   0.0    0.0  246.6    0.0 1300.0 L 0.00 -
1330    0    0     9 0/16/0/0/0               1300.0  1020.0     0.0    96.1   50.0   56.0     0 4/4/1/6/1/2           2     0   0.0    0.0  246.6    0.0 1300.0 L 0.00 -
1340    0    0     9 0/16/0/0/0               1300.0  1020.0     0.0    96.1   50.0   56.0     0 4/4/1/6/1/2           2     0   0.0    0.0  246.6    0.0 1300.0 L 0.00 -
1350    0    0     9 0/16/0/0/0               1300.0  1020.0     0.0    96.1   50.0   56.0     0 4/4/1/6/1/2           2     0   0.0    0.0  246.6    0.0 1300.0 L 0.00 -
1360    0    0     9 0/16/0/0/0               1300.0  1020.0     0.0    96.1   50.0   56.0     0 4/4/1/6/1/2           2     0   0.0    0.0  246.6    0.0 1300.0 L 0.00 -
1370    0    0     9 0/16/0/0/0               1300.0  1020.0     0.0    96.1   50.0   56.0     0 4/4/1/6/1/2           2     0   0.0    0.0  246.6    0.0 1300.0 L 0.00 -
1380    0    0     9 0/16/0/0/0               1300.0  1020.0     0.0    96.1   50.0   56.0     0 4/4/1/6/1/2           2     0   0.0    0.0  246.6    0.0 1300.0 L 0.00 -
1390    0    0     9 0/16/0/0/0               1300.0  1020.0     0.0    96.1   50.0   56.0     0 4/4/1/6/1/2           2     0   0.0    0.0  246.6    0.0 1300.0 L 0.00 -
1400    0    0     9 0/16/0/0/0               1300.0  1020.0     0.0    96.1   50.0   56.0     0 4/4/1/6/1/2           2     0   0.0    0.0  246.6    0.0 1300.0 L 0.00 -
1410    0    0     9 0/16/0/0/0               1300.0  1020.0     0.0    96.1   50.0   56.0     0 4/4/1/6/1/2           2     0   0.0    0.0  246.6    0.0 1300.0 L 0.00 -
1420    0    0     9 0/16/0/0/0               1300.0  1020.0     0.0    96.1   50.0   56.0     0 4/4/1/6/1/2           2     0   0.0    0.0  246.6    0.0 1300.0 L 0.00 -
1430    0    0     9 0/16/0/0/0               1300.0  1020.0     0.0    96.1   50.0   56.0     0 4/4/1/6/1/2           2     0   0.0    0.0  246.6    0.0 1300.0 L 0.00 -
1440    0    0     9 0/16/0/0/0               1300.0  1020.0     0.0    96.1   50.0   56.0     0 4/4/1/6/1/2           2     0   0.0    0.0  246.6    0.0 1300.0 L 0.00 -
1450    0    0     9 0/16/0/0/0               1300.0  1020.0     0.0    96.1   50.0   56.0     0 4/4/1/6/1/2           2     0   0.0    0.0  246.6    0.0 1300.0 L 0.00 -
1460    0    0     9 0/16/0/0/0               1300.0  1020.0     0.0    96.1   50.0   56.0     0 4/4/1/6/1/2           2     0   0.0    0.0  246.6    0.0 1300.0 L 0.00 -
1470    0    0     9 0/16/0/0/0               1300.0  1020.0     0.0    96.1   50.0   56.0     0 4/4/1/6/1/2           2     0   0.0    0.0  246.6    0.0 1300.0 L 0.00 -
1480    0    0     9 0/16/0/0/0               1300.0  1020.0     0.0    96.1   50.0   56.0     0 4/4/1/6/1/2           2     0   0.0    0.0  246.6    0.0 1300.0 L 0.00 -
1490    0    0     9 0/16/0/0/0               1300.0  1020.0     0.0    96.1   50.0   56.0     0 4/4/1/6/1/2           2     0   0.0    0.0  246.6    0.0 1300.0 L 0.00 -
1500    0    0     9 0/16/0/0/0               1300.0  1020.0     0.0    96.1   50.0   56.0     0 4/4/1/6/1/2           2     0   0.0    0.0  246.6    0.0 1300.0 L 0.00 -

targets for seed 1234 (1500 sols):
  T1 FAIL run min pop 0 (needs >= 5), final pop 0
  T2 PASS deaths 16 (air 0 thirst 16 hunger 0 eva 0 other 0), unexplained 0
  T3 PASS births 9, first_birth_sol 288, at_capacity 0, cooldown_violations 0, pop@30=7, pop@100=7, pop@300=10
  T4 PASS min O2 262.5, food 203.1; ice ran dry (pressure): min ice 0.0, ice>30 0.0, thirst deaths 16; max ice/target 0.75, regolith/target 0.41
  T5 PASS demand>supply 0.00% of steps (<=10), max shorts/sol 0 (<=2), max offline 0.0 h (<=24.7), first new reactor sol 11 (<=15)
  T6 PASS limited 34627.9 h = 93.62% (>=2% provisional; 4 of 5 seeds), site busy 94.1%; waiting_regolith 390.0 h, site_no_crew 34237.9 h
  T7 PASS turn_backs_air 0, exhausted 127, reachable>=2 at 100.0% of 1500 sol samples (>=95), trips 365
  T8 FAIL row avg energy 0.0..63.2 (40..90), row asleep 0.0..12.6% (5..30), max sleep 8.8 h (<=18)
  T9 N/A  checked by repeating the run and by tests/test_determinism.gd (compare the table sha256)
  T10 FAIL first settlement sol 312 (40..150), age_changes 2 (<=4), min gap between consecutive history entries 222 (>=20), history 3 entries (changes+1 = 3); report: sols_in_age landing 1278 settlement 222 council 0, age at end landing, changes [sol 312 settled; sol 534 fell_back (cause ice)], fall back causes [sol 534 ice], not-ok sols 103 (by group, a sol can fail several: ice 31, food 1, oxygen 1, power 0, death 9, unrest 73)
  T11 FAIL (1) list lengths 1501/1501/1501/1501 ok; (2) lonely mean of last 50 readings 0.000 (max 0.35) ok; (3) friends_mean 0.00 (1.0..15.0) BAD; (4) first_friendship_sol 250 ok; (5) lines_dropped (total) 0 ok; report: web 0.00 second 0.00 lonely 0.00 friends_mean 0.00 friends share of colony 0.000 (pop 0)
  T12 PASS (1) list lengths 1501/1501/1501 ok; (2) C2 ok; (3) council changes 0 (<=4) ok; (4) proposals 0 ok; (5) one Council line per boundary ok; report: first Council sol <null>, meetings 0, proposals [], pledge sol <null> reason -, lines {"circles_few":2}, dropped 0; council_min_seeds 3 pledge_min_seeds 1
RESULT FAIL (target 9 determinism: table sha256 9951f2cbd0730ede)
