Godot Engine v4.5.stable.official.876b29033 - https://godotengine.org

# station zero balance run: seed=42 sols=1500 overrides=[colony.consumption.ice_stage_mult={ "baby": 0.3, "toddler": 0.5, "child": 0.75, "teen": 1.0, "adult": 1.0 } buildings.reonline.load_fraction=1.0] fixed_step=0.05 data_hash=f1b3ec3acf8814f4
# deaths and births are cumulative; shorts, trips, energy, asleep, wait, min_* are for the 30-sol window
 sol  pop  min birth dead a/t/h/o/x           oxygen    food     ice   regol   dmnd   supp short bldg R/H/W/G/A/C  reach trips  avgE asleep%  waitH minIce  minO2 age web cn
  10    7    7     0 0/0/0/0/0                 386.9   296.2    52.3    14.4   13.0   28.0     0 2/1/1/1/0/0           2     5  55.4    9.4  171.4   52.3  261.5 L 1.00 -
  20    7    7     0 0/0/0/0/0                 550.0   420.0    70.7     8.6   16.0   28.0     0 2/2/1/1/0/0           2    13  51.2   11.5  130.7   50.4  386.9 L 1.00 -
  30    7    7     0 0/0/0/0/0                 700.0   540.0    68.6    52.9   18.0   28.0     0 2/2/1/2/0/0           2     9  53.2   11.6  109.1   68.6  549.0 L 1.00 -
  40    7    7     0 0/0/0/0/0                 700.0   540.0    76.5    20.0   21.0   28.0     0 2/3/1/2/0/0           2    11  55.4   11.3   63.8   64.9  698.4 L 1.00 -
  50    7    7     0 0/0/0/0/0                 700.0   540.0    84.6    11.9   23.0   28.0     0 2/3/1/2/0/0           2    10  56.9   11.7  146.8   76.1  699.0 L 1.00 -
  60    7    7     0 0/0/0/0/0                 700.0   540.0    76.5    15.8   24.0   42.0     0 3/3/1/2/0/1           2    12  52.9   11.3   88.6   72.2  699.0 L 0.86 -
  70    7    7     0 0/0/0/0/0                 700.0   540.0    83.7    66.3   24.0   42.0     0 3/3/1/2/0/1           2    12  56.0   11.7   45.0   74.5  699.0 L 0.86 -
  80    7    7     0 0/0/0/0/0                 850.0   660.0    97.3    27.9   28.0   42.0     0 3/3/1/3/0/1           2    10  55.7   11.3  139.6   81.0  699.0 L 0.86 -
  90    7    7     0 0/0/0/0/0                 850.0   660.0   101.0    25.2   30.0   42.0     0 3/3/1/3/0/1           2    11  54.1   10.6  139.4   96.0  849.0 L 0.86 -
 100    7    7     0 0/0/0/0/0                 850.0   660.0    83.7    77.3   30.0   42.0     0 3/3/1/3/0/1           2     8  52.0   10.9  223.3   83.7  849.0 L 0.86 -
 110    7    7     0 0/0/0/0/0                 911.5   704.7    80.7   104.1   32.0   42.0     0 3/3/1/4/0/1           2     8  56.2   11.1  214.8   77.1  849.0 L 0.71 -
 120    7    7     0 0/0/0/0/0                1000.0   780.0    72.5    49.5   34.0   42.0     0 3/3/1/4/0/1           2     4  54.0   10.5   97.3   72.5  911.7 L 0.57 -
 130    7    7     0 0/0/0/0/0                1000.0   780.0    67.4    10.6   38.0   42.0     0 3/3/2/4/0/1           2     8  58.6   11.5  169.8   65.5  999.0 L 0.57 -
 140    7    7     0 0/0/0/0/0                1000.0   780.0    56.2    47.9   40.0   42.0     0 3/3/3/4/0/1           2     8  56.9   11.8  131.2   54.0  999.0 L 0.71 -
 150    7    7     0 0/0/0/0/0                1000.0   780.0    80.3     4.5   42.0   42.0     0 3/3/3/4/0/1           2    10  58.6   10.4   88.5   56.0  999.0 L 0.86 -
 160    7    7     0 0/0/0/0/0                1000.0   780.0    83.8    55.9   40.0   56.0     0 4/3/3/4/0/1           2    10  55.4   12.1  146.9   71.9  999.0 L 0.86 -
 170    7    7     0 0/0/0/0/0                1000.0   780.0    83.1    19.6   42.0   56.0     0 4/3/3/4/0/1           2    12  55.3   10.1  122.1   79.4  999.0 L 0.71 -
 180    7    7     0 0/0/0/0/0                1000.0   780.0    69.5    36.4   42.0   56.0     0 4/3/3/4/0/1           2     3  53.7   11.0  224.8   69.5  999.0 L 0.71 -
 190    7    7     0 0/0/0/0/0                1109.4   858.9    60.2    63.2   44.0   56.0     0 4/3/3/5/0/1           2     7  57.6   11.3  214.6   59.4  999.0 L 0.43 -
 200    7    7     0 0/0/0/0/0                1150.0   900.0    60.6    20.8   46.0   56.0     0 4/3/3/5/0/1           2     9  56.4   11.0  137.0   59.5 1109.7 L 0.57 -
 210    7    7     0 0/0/0/0/0                1150.0   900.0    55.2    43.3   46.0   56.0     0 4/3/3/5/0/1           2     6  55.9   10.9  231.9   55.2 1149.0 L 0.57 -
 220    7    7     0 0/0/0/0/0                1150.0   900.0    55.9    58.7   46.0   56.0     0 4/3/3/5/0/1           2     6  55.6   10.4  240.6   53.3 1149.0 L 0.57 -
 230    7    7     0 0/0/0/0/0                1150.0   900.0    45.2    82.5   46.0   56.0     0 4/3/3/5/0/1           2     6  56.8   10.7  235.6   45.2 1149.0 L 0.29 -
 240    7    7     0 0/0/0/0/0                1150.0   900.0    36.6   103.4   46.0   56.0     0 4/3/3/5/0/1           2     4  53.8   11.2  238.5   36.6 1149.0 L 0.29 -
 250    7    7     0 0/0/0/0/0                1150.0   900.0    25.2   124.2   46.0   56.0     0 4/3/3/5/0/1           2     5  57.6   10.7  246.6   25.2 1149.0 L 0.29 -
 260    7    7     0 0/0/0/0/0                1150.0   900.0    22.5   135.5   46.0   56.0     0 4/3/3/5/0/1           2     5  57.3   11.3  246.6   16.4 1149.0 L 0.29 -
 270    7    7     0 0/0/0/0/0                1150.0   900.0    33.8    39.5   49.0   56.0     0 4/4/3/5/0/1           2     5  57.5   10.5  197.1   21.9 1149.0 L 0.29 -
 280    7    7     0 0/0/0/0/0                1150.0   900.0    30.5    44.1   49.0   56.0     0 4/4/3/5/0/1           2     4  56.4   10.5  226.1   28.1 1149.0 L 0.29 -
 290   12    7     5 0/0/0/0/0                1150.0   900.0    19.2    59.2   50.0   56.0     0 4/5/3/5/0/1           2     6  61.1   10.5  186.6   19.2 1149.0 S 0.33 -
 300   12   12     5 0/0/0/0/0                1150.0   900.0    61.0    83.3   50.0   56.0     0 4/5/3/5/0/1           2    13  62.9   11.0   40.0   19.0 1149.0 S 0.92 -
 310   12   12     5 0/0/0/0/0                1150.0   900.0    64.7    24.2   52.0   56.0     0 4/5/3/5/0/1           2    10  61.4   11.3  113.0   59.8 1149.0 S 0.75 -
 320   13   12     6 0/0/0/0/0                1204.6   939.1    58.6    28.2   54.0   56.0     0 4/5/3/6/0/1           2     4  63.4   10.4  206.7   58.6 1149.0 S 0.77 -
 330   13   13     6 0/0/0/0/0                1300.0  1020.0    68.1    69.2   54.0   56.0     0 4/5/3/6/0/1           2    13  59.7   11.1   70.0   44.8 1205.0 S 0.77 -
 340   13   13     6 0/0/0/0/0                1300.0  1020.0    68.7    10.6   56.0   56.0     0 4/5/3/6/0/1           2     9  61.5   10.5  104.3   65.4 1299.0 S 0.69 -
 350   13   13     6 0/0/0/0/0                1300.0  1020.0    51.4    19.3   56.0   56.0     0 4/5/3/6/0/1           2     4  60.3   10.9  230.3   51.4 1299.0 S 0.77 -
 360   13   13     6 0/0/0/0/0                1300.0  1020.0    29.7    43.6   56.0   56.0     0 4/5/3/6/0/1           2     3  61.5   10.3  246.6   29.7 1299.0 S 0.77 -
 370   13   13     6 0/0/0/0/0                1300.0  1020.0    26.7    51.7   56.0   56.0     0 4/5/3/6/0/1           2     5  60.5   10.7  226.4   26.0 1299.0 S 0.77 -
 380   13   13     6 0/0/0/0/0                1300.0  1020.0    18.4    51.7   54.0   70.0     0 5/5/3/6/0/1           2     3  61.3   10.8  200.1   18.4 1299.0 S 0.92 -
 390   13   13     6 0/0/0/0/0                1300.0  1020.0    41.6    70.8   54.0   70.0     0 5/5/3/6/0/1           2    11  61.4   11.3   25.0   10.2 1299.0 S 0.92 -
 400   13   13     6 0/0/0/0/0                1300.0  1020.0    41.5   102.1   54.0   70.0     0 5/5/3/6/0/1           2     9  62.1   10.2   60.0   32.6 1299.0 S 0.92 -
 410   13   13     6 0/0/0/0/0                1450.0  1140.0    43.2    28.9   58.0   70.0     0 5/5/3/7/0/1           2     9  60.7   11.2   96.2   39.7 1299.0 S 0.92 -
 420   13   13     6 0/0/0/0/0                1450.0  1140.0    57.7    68.1   58.0   70.0     0 5/5/3/7/0/1           2    11  60.7   11.0   65.0   35.7 1449.0 S 0.54 -
 430   13   13     6 0/0/0/0/0                1450.0  1140.0    46.3     6.1   60.0   70.0     0 5/5/3/7/0/1           2     9  60.6   10.8   78.8   44.6 1449.0 S 0.69 -
 440   13   13     6 0/0/0/0/0                1450.0  1140.0    32.8    37.6   60.0   70.0     0 5/5/3/7/0/1           2     4  61.0   11.2  246.6   31.1 1449.0 S 0.69 -
 450   13   13     6 0/0/0/0/0                1600.0  1260.0    26.9    54.2   62.0   70.0     0 5/5/3/8/0/1           2     5  61.8   10.5  142.5   18.9 1449.0 S 0.54 -
 460   13   13     6 0/0/0/0/0                1600.0  1260.0    45.7    90.2   62.0   70.0     0 5/5/3/8/0/1           2    15  60.5   11.2   40.0   24.6 1599.0 S 0.54 -
 470   13   13     6 0/0/0/0/0                1600.0  1260.0    39.8     0.2   64.0   70.0     0 5/5/3/8/0/1           2     6  62.0   10.7  143.6   37.2 1599.0 S 0.62 -
 480   13   13     6 0/0/0/0/0                1600.0  1260.0    32.6    20.2   65.0   70.0     0 5/6/3/8/0/1           2     8  60.0   10.8  101.4   24.3 1599.0 S 0.62 -
 490   13   13     6 0/0/0/0/0                1600.0  1260.0    50.1    51.4   65.0   70.0     0 5/6/3/8/0/1           2    13  61.3   10.9   45.0   22.7 1599.0 S 0.77 -
 500   13   13     6 0/0/0/0/0                1600.0  1260.0    53.5    88.1   65.0   70.0     0 5/6/3/8/0/1           2    10  59.8   11.0   30.0   41.5 1599.0 S 0.85 -
 510   13   13     6 0/0/0/0/0                1600.0  1260.0    36.5    14.6   67.0   70.0     0 5/6/3/8/0/1           2     6  61.4   10.9  185.9   36.5 1599.0 S 0.77 -
 520   13   13     6 0/0/0/0/0                1750.0  1380.0    61.6    53.6   69.0   70.0     0 5/6/3/9/0/1           2    14  61.9   11.2   41.5   28.6 1599.0 S 0.69 -
 530   13   13     6 0/0/0/0/0                1750.0  1380.0    65.3   102.0   69.0   70.0     0 5/6/3/9/0/1           2    16  59.4   10.3   45.0   59.7 1749.0 S 0.54 -
 540   13   13     6 0/0/0/0/0                1600.0  1260.0    58.0    23.2   71.0   70.0     1 5/6/3/8/0/1           2     6  59.6   11.3  171.3   58.0 1599.0 S 0.54 -
 550   14   13     7 0/0/0/0/0                1750.0  1380.0    58.0   103.5   69.0   84.0     0 6/6/3/9/0/1           2    14  58.3   10.7  164.7   56.6 1599.0 S 0.71 -
 560   16   14     9 0/0/0/0/0                1750.0  1380.0    66.8     3.7   71.0   84.0     0 6/6/3/9/0/1           2    10  63.1   10.8   54.5   50.1 1749.0 S 0.88 -
 570   17   16    10 0/0/0/0/0                1750.0  1380.0    52.2    29.8   71.0   84.0     0 6/6/3/9/0/1           2     5  63.2   10.6  233.4   52.2 1749.0 S 0.88 -
 580   18   17    11 0/0/0/0/0                1750.0  1380.0    46.8    70.7   72.0   84.0     0 6/6/3/9/0/2           2    14  60.5   10.9   28.7   39.3 1749.0 S 0.89 -
 590   18   18    11 0/0/0/0/0                1750.0  1380.0    49.8     9.1   74.0   84.0     0 6/6/3/9/0/2           2    10  62.4   11.1   64.3   36.7 1749.0 S 0.89 -
 600   18   18    11 0/0/0/0/0                1900.0  1500.0    29.6    26.7   76.0   84.0     0 6/6/3/10/0/2          2     5  62.5   10.8  178.8   25.0 1749.0 S 0.89 -
 610   19   18    12 0/0/0/0/0                1900.0  1500.0    48.5    57.2   76.0   84.0     0 6/6/3/10/0/2          2    13  62.5   10.7   75.0   24.2 1899.0 S 0.89 -
 620   19   19    12 0/0/0/0/0                1900.0  1500.0    59.0   100.0   76.0   84.0     0 6/6/3/10/0/2          2    13  62.1   10.5   65.0   43.9 1899.0 S 0.89 -
 630   19   19    12 0/0/0/0/0                1900.0  1500.0    67.7   106.7   76.0   84.0     0 6/6/3/10/0/2          2     8  64.7   11.0   40.0   56.6 1899.0 S 0.89 -
 640   19   19    12 0/0/0/0/0                1900.0  1500.0    83.1   132.7   76.0   84.0     0 6/6/3/10/0/2          2    10  62.0   11.0   25.0   66.9 1899.0 S 0.84 -
 650   19   19    12 0/0/0/0/0                1900.0  1500.0    77.4    28.4   78.0   84.0     0 6/6/3/10/0/2          2     8  61.5   10.6  185.3   77.4 1899.0 S 0.89 -
 660   19   19    12 0/0/0/0/0                2050.0  1620.0    54.9    62.9   80.0   84.0     0 6/6/3/11/0/2          2     8  63.0   10.6   99.2   49.6 1899.0 S 0.89 -
 670   19   19    12 0/0/0/0/0                2050.0  1620.0    44.9     4.6   82.0   84.0     0 6/6/3/11/0/2          2    12  61.2   11.1  112.9   44.9 2049.0 S 0.89 -
 680   19   19    12 0/0/0/0/0                2050.0  1620.0    33.9    41.8   80.0   98.0     0 7/6/3/11/0/2          2     8  61.6   10.7  120.8   32.1 2049.0 S 0.89 -
 690   19   19    12 0/0/0/0/0                2050.0  1620.0    44.5    74.2   80.0   98.0     0 7/6/3/11/0/2          2    13  62.0   11.1   75.0   30.8 2049.0 S 0.89 -
 700   19   19    12 0/0/0/0/0                2050.0  1620.0    58.5   115.0   80.0   98.0     0 7/6/3/11/0/2          2    11  60.4   10.1   45.0   43.5 2049.0 S 0.89 -
 710   19   19    12 0/0/0/0/0                2050.0  1620.0    58.1     2.6   82.0   98.0     0 7/6/3/11/0/2          2    11  62.2   11.2   48.5   47.7 2048.7 S 0.89 -
 720   19   19    12 0/0/0/0/0                2050.0  1620.0    45.6    27.0   82.0   98.0     0 7/6/3/11/0/2          2     5  61.0   10.9  245.0   45.6 2049.0 S 0.89 -
 730   19   19    12 0/0/0/0/0                2050.0  1620.0    25.1    32.8   82.0   98.0     0 7/6/3/11/0/2          2     3  60.3   10.7  226.5   25.1 2049.0 S 0.89 -
 740   19   19    12 0/0/0/0/0                2050.0  1620.0    13.1    39.3   82.0   98.0     0 7/6/3/11/0/2          2     5  61.0   10.5  228.8   13.1 2049.0 S 0.89 -
 750   19   19    12 0/0/0/0/0                2050.0  1620.0    23.2    51.5   83.0   98.0     0 7/6/3/11/0/3          2    10  60.2   10.9   73.6    6.3 2049.0 S 0.89 -
 760   19   19    12 0/0/0/0/0                2050.0  1620.0    27.9    75.7   83.0   98.0     0 7/6/3/11/0/3          2    12  62.2   10.5   25.0   22.1 2049.0 S 0.89 -
 770   19   19    12 0/0/0/0/0                2050.0  1620.0    41.9    78.5   83.0   98.0     0 7/6/3/11/0/3          2     9  60.7   10.5   15.0   18.2 2049.0 S 0.95 -
 780   19   19    12 0/0/0/0/0                2050.0  1620.0    34.0   129.3   83.0   98.0     0 7/6/3/11/0/3          2    10  59.9   10.9   55.0   34.0 2048.0 S 0.95 -
 790   19   19    12 0/0/0/0/0                2050.0  1620.0    10.0    21.2   85.0   98.0     0 7/6/3/11/0/3          2     6  61.0   10.5  172.4    5.2 2049.0 S 1.00 -
 800   14   14    12 0/5/0/0/0                2050.0  1620.0     0.0    21.2   85.0   98.0     0 7/6/3/11/0/3          2     2  60.9   10.9  239.0    0.0 2049.0 S 0.93 -
 810    6    6    12 0/13/0/0/0               2050.0  1620.0     0.0    21.2   85.0   98.0     0 7/6/3/11/0/3          2     2  60.6   10.6  237.2    0.0 2049.0 L 0.33 -
 820    0    0    12 0/19/0/0/0               2200.0  1740.0     0.0    25.2   87.0   98.0     0 7/6/3/12/0/3          2     2  57.7   10.4   43.9    0.0 2049.0 L 0.00 -
 830    0    0    12 0/19/0/0/0               2200.0  1740.0     0.0    25.2   87.0   98.0     0 7/6/3/12/0/3          2     0   0.0    0.0    0.0    0.0 2200.0 L 0.00 -
 840    0    0    12 0/19/0/0/0               2200.0  1740.0     0.0    25.2   87.0   98.0     0 7/6/3/12/0/3          2     0   0.0    0.0    0.0    0.0 2200.0 L 0.00 -
 850    0    0    12 0/19/0/0/0               2200.0  1740.0     0.0    25.2   87.0   98.0     0 7/6/3/12/0/3          2     0   0.0    0.0    0.0    0.0 2200.0 L 0.00 -
 860    0    0    12 0/19/0/0/0               2200.0  1740.0     0.0    25.2   87.0   98.0     0 7/6/3/12/0/3          2     0   0.0    0.0    0.0    0.0 2200.0 L 0.00 -
 870    0    0    12 0/19/0/0/0               2200.0  1740.0     0.0    25.2   87.0   98.0     0 7/6/3/12/0/3          2     0   0.0    0.0    0.0    0.0 2200.0 L 0.00 -
 880    0    0    12 0/19/0/0/0               2200.0  1740.0     0.0    25.2   87.0   98.0     0 7/6/3/12/0/3          2     0   0.0    0.0    0.0    0.0 2200.0 L 0.00 -
 890    0    0    12 0/19/0/0/0               2200.0  1740.0     0.0    25.2   87.0   98.0     0 7/6/3/12/0/3          2     0   0.0    0.0    0.0    0.0 2200.0 L 0.00 -
 900    0    0    12 0/19/0/0/0               2200.0  1740.0     0.0    25.2   87.0   98.0     0 7/6/3/12/0/3          2     0   0.0    0.0    0.0    0.0 2200.0 L 0.00 -
 910    0    0    12 0/19/0/0/0               2200.0  1740.0     0.0    25.2   87.0   98.0     0 7/6/3/12/0/3          2     0   0.0    0.0    0.0    0.0 2200.0 L 0.00 -
 920    0    0    12 0/19/0/0/0               2200.0  1740.0     0.0    25.2   87.0   98.0     0 7/6/3/12/0/3          2     0   0.0    0.0    0.0    0.0 2200.0 L 0.00 -
 930    0    0    12 0/19/0/0/0               2200.0  1740.0     0.0    25.2   87.0   98.0     0 7/6/3/12/0/3          2     0   0.0    0.0    0.0    0.0 2200.0 L 0.00 -
 940    0    0    12 0/19/0/0/0               2200.0  1740.0     0.0    25.2   87.0   98.0     0 7/6/3/12/0/3          2     0   0.0    0.0    0.0    0.0 2200.0 L 0.00 -
 950    0    0    12 0/19/0/0/0               2200.0  1740.0     0.0    25.2   87.0   98.0     0 7/6/3/12/0/3          2     0   0.0    0.0    0.0    0.0 2200.0 L 0.00 -
 960    0    0    12 0/19/0/0/0               2200.0  1740.0     0.0    25.2   87.0   98.0     0 7/6/3/12/0/3          2     0   0.0    0.0    0.0    0.0 2200.0 L 0.00 -
 970    0    0    12 0/19/0/0/0               2200.0  1740.0     0.0    25.2   87.0   98.0     0 7/6/3/12/0/3          2     0   0.0    0.0    0.0    0.0 2200.0 L 0.00 -
 980    0    0    12 0/19/0/0/0               2200.0  1740.0     0.0    25.2   87.0   98.0     0 7/6/3/12/0/3          2     0   0.0    0.0    0.0    0.0 2200.0 L 0.00 -
 990    0    0    12 0/19/0/0/0               2200.0  1740.0     0.0    25.2   87.0   98.0     0 7/6/3/12/0/3          2     0   0.0    0.0    0.0    0.0 2200.0 L 0.00 -
1000    0    0    12 0/19/0/0/0               2200.0  1740.0     0.0    25.2   87.0   98.0     0 7/6/3/12/0/3          2     0   0.0    0.0    0.0    0.0 2200.0 L 0.00 -
1010    0    0    12 0/19/0/0/0               2200.0  1740.0     0.0    25.2   87.0   98.0     0 7/6/3/12/0/3          2     0   0.0    0.0    0.0    0.0 2200.0 L 0.00 -
1020    0    0    12 0/19/0/0/0               2200.0  1740.0     0.0    25.2   87.0   98.0     0 7/6/3/12/0/3          2     0   0.0    0.0    0.0    0.0 2200.0 L 0.00 -
1030    0    0    12 0/19/0/0/0               2200.0  1740.0     0.0    25.2   87.0   98.0     0 7/6/3/12/0/3          2     0   0.0    0.0    0.0    0.0 2200.0 L 0.00 -
1040    0    0    12 0/19/0/0/0               2200.0  1740.0     0.0    25.2   87.0   98.0     0 7/6/3/12/0/3          2     0   0.0    0.0    0.0    0.0 2200.0 L 0.00 -
1050    0    0    12 0/19/0/0/0               2200.0  1740.0     0.0    25.2   87.0   98.0     0 7/6/3/12/0/3          2     0   0.0    0.0    0.0    0.0 2200.0 L 0.00 -
1060    0    0    12 0/19/0/0/0               2200.0  1740.0     0.0    25.2   87.0   98.0     0 7/6/3/12/0/3          2     0   0.0    0.0    0.0    0.0 2200.0 L 0.00 -
1070    0    0    12 0/19/0/0/0               2200.0  1740.0     0.0    25.2   87.0   98.0     0 7/6/3/12/0/3          2     0   0.0    0.0    0.0    0.0 2200.0 L 0.00 -
1080    0    0    12 0/19/0/0/0               2200.0  1740.0     0.0    25.2   87.0   98.0     0 7/6/3/12/0/3          2     0   0.0    0.0    0.0    0.0 2200.0 L 0.00 -
1090    0    0    12 0/19/0/0/0               2200.0  1740.0     0.0    25.2   87.0   98.0     0 7/6/3/12/0/3          2     0   0.0    0.0    0.0    0.0 2200.0 L 0.00 -
1100    0    0    12 0/19/0/0/0               2200.0  1740.0     0.0    25.2   87.0   98.0     0 7/6/3/12/0/3          2     0   0.0    0.0    0.0    0.0 2200.0 L 0.00 -
1110    0    0    12 0/19/0/0/0               2200.0  1740.0     0.0    25.2   87.0   98.0     0 7/6/3/12/0/3          2     0   0.0    0.0    0.0    0.0 2200.0 L 0.00 -
1120    0    0    12 0/19/0/0/0               2200.0  1740.0     0.0    25.2   87.0   98.0     0 7/6/3/12/0/3          2     0   0.0    0.0    0.0    0.0 2200.0 L 0.00 -
1130    0    0    12 0/19/0/0/0               2200.0  1740.0     0.0    25.2   87.0   98.0     0 7/6/3/12/0/3          2     0   0.0    0.0    0.0    0.0 2200.0 L 0.00 -
1140    0    0    12 0/19/0/0/0               2200.0  1740.0     0.0    25.2   87.0   98.0     0 7/6/3/12/0/3          2     0   0.0    0.0    0.0    0.0 2200.0 L 0.00 -
1150    0    0    12 0/19/0/0/0               2200.0  1740.0     0.0    25.2   87.0   98.0     0 7/6/3/12/0/3          2     0   0.0    0.0    0.0    0.0 2200.0 L 0.00 -
1160    0    0    12 0/19/0/0/0               2200.0  1740.0     0.0    25.2   87.0   98.0     0 7/6/3/12/0/3          2     0   0.0    0.0    0.0    0.0 2200.0 L 0.00 -
1170    0    0    12 0/19/0/0/0               2200.0  1740.0     0.0    25.2   87.0   98.0     0 7/6/3/12/0/3          2     0   0.0    0.0    0.0    0.0 2200.0 L 0.00 -
1180    0    0    12 0/19/0/0/0               2200.0  1740.0     0.0    25.2   87.0   98.0     0 7/6/3/12/0/3          2     0   0.0    0.0    0.0    0.0 2200.0 L 0.00 -
1190    0    0    12 0/19/0/0/0               2200.0  1740.0     0.0    25.2   87.0   98.0     0 7/6/3/12/0/3          2     0   0.0    0.0    0.0    0.0 2200.0 L 0.00 -
1200    0    0    12 0/19/0/0/0               2200.0  1740.0     0.0    25.2   87.0   98.0     0 7/6/3/12/0/3          2     0   0.0    0.0    0.0    0.0 2200.0 L 0.00 -
1210    0    0    12 0/19/0/0/0               2200.0  1740.0     0.0    25.2   87.0   98.0     0 7/6/3/12/0/3          2     0   0.0    0.0    0.0    0.0 2200.0 L 0.00 -
1220    0    0    12 0/19/0/0/0               2200.0  1740.0     0.0    25.2   87.0   98.0     0 7/6/3/12/0/3          2     0   0.0    0.0    0.0    0.0 2200.0 L 0.00 -
1230    0    0    12 0/19/0/0/0               2200.0  1740.0     0.0    25.2   87.0   98.0     0 7/6/3/12/0/3          2     0   0.0    0.0    0.0    0.0 2200.0 L 0.00 -
1240    0    0    12 0/19/0/0/0               2200.0  1740.0     0.0    25.2   87.0   98.0     0 7/6/3/12/0/3          2     0   0.0    0.0    0.0    0.0 2200.0 L 0.00 -
1250    0    0    12 0/19/0/0/0               2200.0  1740.0     0.0    25.2   87.0   98.0     0 7/6/3/12/0/3          2     0   0.0    0.0    0.0    0.0 2200.0 L 0.00 -
1260    0    0    12 0/19/0/0/0               2200.0  1740.0     0.0    25.2   87.0   98.0     0 7/6/3/12/0/3          2     0   0.0    0.0    0.0    0.0 2200.0 L 0.00 -
1270    0    0    12 0/19/0/0/0               2200.0  1740.0     0.0    25.2   87.0   98.0     0 7/6/3/12/0/3          2     0   0.0    0.0    0.0    0.0 2200.0 L 0.00 -
1280    0    0    12 0/19/0/0/0               2200.0  1740.0     0.0    25.2   87.0   98.0     0 7/6/3/12/0/3          2     0   0.0    0.0    0.0    0.0 2200.0 L 0.00 -
1290    0    0    12 0/19/0/0/0               2200.0  1740.0     0.0    25.2   87.0   98.0     0 7/6/3/12/0/3          2     0   0.0    0.0    0.0    0.0 2200.0 L 0.00 -
1300    0    0    12 0/19/0/0/0               2200.0  1740.0     0.0    25.2   87.0   98.0     0 7/6/3/12/0/3          2     0   0.0    0.0    0.0    0.0 2200.0 L 0.00 -
1310    0    0    12 0/19/0/0/0               2200.0  1740.0     0.0    25.2   87.0   98.0     0 7/6/3/12/0/3          2     0   0.0    0.0    0.0    0.0 2200.0 L 0.00 -
1320    0    0    12 0/19/0/0/0               2200.0  1740.0     0.0    25.2   87.0   98.0     0 7/6/3/12/0/3          2     0   0.0    0.0    0.0    0.0 2200.0 L 0.00 -
1330    0    0    12 0/19/0/0/0               2200.0  1740.0     0.0    25.2   87.0   98.0     0 7/6/3/12/0/3          2     0   0.0    0.0    0.0    0.0 2200.0 L 0.00 -
1340    0    0    12 0/19/0/0/0               2200.0  1740.0     0.0    25.2   87.0   98.0     0 7/6/3/12/0/3          2     0   0.0    0.0    0.0    0.0 2200.0 L 0.00 -
1350    0    0    12 0/19/0/0/0               2200.0  1740.0     0.0    25.2   87.0   98.0     0 7/6/3/12/0/3          2     0   0.0    0.0    0.0    0.0 2200.0 L 0.00 -
1360    0    0    12 0/19/0/0/0               2200.0  1740.0     0.0    25.2   87.0   98.0     0 7/6/3/12/0/3          2     0   0.0    0.0    0.0    0.0 2200.0 L 0.00 -
1370    0    0    12 0/19/0/0/0               2200.0  1740.0     0.0    25.2   87.0   98.0     0 7/6/3/12/0/3          2     0   0.0    0.0    0.0    0.0 2200.0 L 0.00 -
1380    0    0    12 0/19/0/0/0               2200.0  1740.0     0.0    25.2   87.0   98.0     0 7/6/3/12/0/3          2     0   0.0    0.0    0.0    0.0 2200.0 L 0.00 -
1390    0    0    12 0/19/0/0/0               2200.0  1740.0     0.0    25.2   87.0   98.0     0 7/6/3/12/0/3          2     0   0.0    0.0    0.0    0.0 2200.0 L 0.00 -
1400    0    0    12 0/19/0/0/0               2200.0  1740.0     0.0    25.2   87.0   98.0     0 7/6/3/12/0/3          2     0   0.0    0.0    0.0    0.0 2200.0 L 0.00 -
1410    0    0    12 0/19/0/0/0               2200.0  1740.0     0.0    25.2   87.0   98.0     0 7/6/3/12/0/3          2     0   0.0    0.0    0.0    0.0 2200.0 L 0.00 -
1420    0    0    12 0/19/0/0/0               2200.0  1740.0     0.0    25.2   87.0   98.0     0 7/6/3/12/0/3          2     0   0.0    0.0    0.0    0.0 2200.0 L 0.00 -
1430    0    0    12 0/19/0/0/0               2200.0  1740.0     0.0    25.2   87.0   98.0     0 7/6/3/12/0/3          2     0   0.0    0.0    0.0    0.0 2200.0 L 0.00 -
1440    0    0    12 0/19/0/0/0               2200.0  1740.0     0.0    25.2   87.0   98.0     0 7/6/3/12/0/3          2     0   0.0    0.0    0.0    0.0 2200.0 L 0.00 -
1450    0    0    12 0/19/0/0/0               2200.0  1740.0     0.0    25.2   87.0   98.0     0 7/6/3/12/0/3          2     0   0.0    0.0    0.0    0.0 2200.0 L 0.00 -
1460    0    0    12 0/19/0/0/0               2200.0  1740.0     0.0    25.2   87.0   98.0     0 7/6/3/12/0/3          2     0   0.0    0.0    0.0    0.0 2200.0 L 0.00 -
1470    0    0    12 0/19/0/0/0               2200.0  1740.0     0.0    25.2   87.0   98.0     0 7/6/3/12/0/3          2     0   0.0    0.0    0.0    0.0 2200.0 L 0.00 -
1480    0    0    12 0/19/0/0/0               2200.0  1740.0     0.0    25.2   87.0   98.0     0 7/6/3/12/0/3          2     0   0.0    0.0    0.0    0.0 2200.0 L 0.00 -
1490    0    0    12 0/19/0/0/0               2200.0  1740.0     0.0    25.2   87.0   98.0     0 7/6/3/12/0/3          2     0   0.0    0.0    0.0    0.0 2200.0 L 0.00 -
1500    0    0    12 0/19/0/0/0               2200.0  1740.0     0.0    25.2   87.0   98.0     0 7/6/3/12/0/3          2     0   0.0    0.0    0.0    0.0 2200.0 L 0.00 -

targets for seed 42 (1500 sols):
  T1 FAIL run min pop 0 (needs >= 5), final pop 0
  T2 PASS deaths 19 (air 0 thirst 19 hunger 0 eva 0 other 0), unexplained 0
  T3 PASS births 12, first_birth_sol 280, at_capacity 0, cooldown_violations 0, pop@30=7, pop@100=7, pop@300=12
  T4 PASS min O2 261.5, food 203.1; ice ran dry (pressure): min ice 0.0, ice>30 0.0, thirst deaths 19; max ice/target 0.91, regolith/target 0.38
  T5 FAIL demand>supply 0.78% of steps (<=10), max shorts/sol 1 (<=2), max offline 289.7 h (<=24.7), first new reactor sol 5 (<=15)
  T6 PASS limited 10987.0 h = 29.70% (>=2% provisional; 4 of 5 seeds), site busy 27.0%; waiting_regolith 1995.0 h, site_no_crew 8992.0 h
  T7 PASS turn_backs_air 0, exhausted 189, reachable>=2 at 100.0% of 1500 sol samples (>=95), trips 682
  T8 FAIL row avg energy 0.0..64.7 (40..90), row asleep 0.0..12.1% (5..30), max sleep 8.8 h (<=18)
  T9 N/A  checked by repeating the run and by tests/test_determinism.gd (compare the table sha256)
  T10 FAIL first settlement sol 290 (40..150), age_changes 2 (<=4), min gap between consecutive history entries 290 (>=20), history 3 entries (changes+1 = 3); report: sols_in_age landing 982 settlement 518 council 0, age at end landing, changes [sol 290 settled; sol 808 fell_back (cause ice)], fall back causes [sol 808 ice], not-ok sols 80 (by group, a sol can fail several: ice 25, food 1, oxygen 1, power 11, death 9, unrest 45)
  T11 FAIL (1) list lengths 1501/1501/1501/1501 ok; (2) lonely mean of last 50 readings 0.000 (max 0.35) ok; (3) friends_mean 0.00 (1.0..15.0) BAD; (4) first_friendship_sol 83 ok; (5) lines_dropped (total) 0 ok; report: web 0.00 second 0.00 lonely 0.00 friends_mean 0.00 friends share of colony 0.000 (pop 0)
  T12 PASS (1) list lengths 1501/1501/1501 ok; (2) C2 ok; (3) council changes 0 (<=4) ok; (4) proposals 0 ok; (5) one Council line per boundary ok; report: first Council sol <null>, meetings 0, proposals [], pledge sol <null> reason -, lines {"circles_few":2}, dropped 0; council_min_seeds 3 pledge_min_seeds 1
RESULT FAIL (target 9 determinism: table sha256 1a55e63fc77f1394)
