Godot Engine v4.5.stable.official.876b29033 - https://godotengine.org

# station zero balance run: seed=99 sols=1500 overrides=[colony.consumption.ice_stage_mult={ "baby": 0.3, "toddler": 0.5, "child": 0.75, "teen": 1.0, "adult": 1.0 } buildings.reonline.load_fraction=1.0] fixed_step=0.05 data_hash=f1b3ec3acf8814f4
# deaths and births are cumulative; shorts, trips, energy, asleep, wait, min_* are for the 30-sol window
 sol  pop  min birth dead a/t/h/o/x           oxygen    food     ice   regol   dmnd   supp short bldg R/H/W/G/A/C  reach trips  avgE asleep%  waitH minIce  minO2 age web cn
  10    7    7     0 0/0/0/0/0                 387.9   296.2    51.9    61.0   13.0   14.0     0 1/1/1/1/0/0           2     4  55.9    9.7  205.9   48.9  262.5 L 1.00 -
  20    7    7     0 0/0/0/0/0                 549.6   420.0    44.2    75.5   13.0   28.0     0 2/1/1/1/0/0           2    12  54.0   11.2  181.6   44.2  388.0 L 1.00 -
  30    7    7     0 0/0/0/0/0                 560.9   427.8    47.8    74.0   18.0   28.0     0 2/2/1/2/0/0           2     9  55.5   11.3  156.3   43.1  549.0 L 1.00 -
  40    7    7     0 0/0/0/0/0                 700.0   540.0    62.5    49.7   20.0   28.0     0 2/2/1/2/1/0           2     9  53.3   12.0  125.1   46.6  561.0 L 1.00 -
  50    7    7     0 0/0/0/0/0                 700.0   540.0    67.6    44.7   22.0   28.0     0 2/2/1/2/1/0           2    11  53.7   11.1  159.3   61.5  699.0 L 1.00 -
  60    7    7     0 0/0/0/0/0                 850.0   660.0    92.9    71.2   24.0   28.0     0 2/2/1/3/1/0           2    14  53.8   10.5   41.4   65.3  699.0 L 1.00 -
  70    7    7     0 0/0/0/0/0                 850.0   660.0    92.5    70.6   26.0   28.0     0 2/2/1/3/1/0           2    13  50.2   11.6  179.8   88.7  849.0 L 1.00 -
  80    7    7     0 0/0/0/0/0                 850.0   660.0    85.9   111.7   26.0   28.0     0 2/2/1/3/1/0           2     6  58.8   10.8  246.6   81.6  849.0 L 1.00 -
  90    7    7     0 0/0/0/0/0                 850.0   660.0    78.8   156.5   26.0   28.0     0 2/2/1/3/1/0           2     9  54.0   10.9  231.0   78.8  849.0 L 0.71 -
 100    7    7     0 0/0/0/0/0                 850.0   660.0    65.6   145.9   26.0   42.0     0 3/2/1/3/1/0           2     6  55.8   11.2  221.3   65.6  849.0 L 0.71 -
 110    7    7     0 0/0/0/0/0                1000.0   780.0    54.0    88.4   30.0   42.0     0 3/2/1/4/1/0           2     4  53.6   10.7  222.0   54.0  849.0 L 0.57 -
 120    7    7     0 0/0/0/0/0                1000.0   780.0    56.0   109.1   30.0   42.0     0 3/2/1/4/1/0           2     7  55.7   11.5  227.6   45.4  999.0 L 0.57 -
 130    7    7     0 0/0/0/0/0                1000.0   780.0    43.0   141.1   30.0   42.0     0 3/2/1/4/1/0           2     6  54.4   10.9  231.3   43.0  999.0 L 0.57 -
 140    7    7     0 0/0/0/0/0                1000.0   780.0    49.0    91.2   33.0   42.0     0 3/3/1/4/1/0           2     7  54.3   10.6  214.9   36.8  999.0 L 0.71 -
 150    7    7     0 0/0/0/0/0                1000.0   780.0    50.1   122.1   33.0   42.0     0 3/3/1/4/1/0           2     7  55.4   10.9  239.0   40.0  999.0 L 0.71 -
 160    7    7     0 0/0/0/0/0                1000.0   780.0    43.4   155.1   33.0   42.0     0 3/3/1/4/1/0           2     7  57.3   10.6  230.4   33.1  999.0 L 0.71 -
 170    7    7     0 0/0/0/0/0                1150.0   900.0    42.9    93.8   37.0   42.0     0 3/3/1/5/1/0           2     7  52.7   10.7  190.7   39.6  998.5 L 0.71 -
 180    7    7     0 0/0/0/0/0                1150.0   900.0    41.9   119.1   37.0   42.0     0 3/3/1/5/1/0           2     6  55.8   11.5  217.1   34.6 1149.0 L 0.71 -
 190    7    7     0 0/0/0/0/0                1150.0   900.0    50.2    48.0   40.0   42.0     0 3/3/1/5/2/1           2     9  56.9   10.9  106.4   40.4 1149.0 L 0.57 -
 200    7    7     0 0/0/0/0/0                1150.0   900.0    62.7    74.5   40.0   42.0     0 3/3/1/5/2/1           2     8  59.0   10.7   25.0   50.0 1149.0 L 0.57 -
 210    7    7     0 0/0/0/0/0                1150.0   900.0    71.7    19.8   42.0   42.0     0 3/3/1/5/2/1           2    10  55.5   11.1  103.6   61.8 1149.0 L 0.57 -
 220    7    7     0 0/0/0/0/0                1150.0   900.0    76.7    63.0   42.0   42.0     0 3/3/1/5/2/1           2    10  53.9   11.6  211.4   65.7 1149.0 L 0.43 -
 230    7    7     0 0/0/0/0/0                1150.0   900.0    90.5    94.5   40.0   56.0     0 4/3/1/5/2/1           2     9  55.5   10.8   93.2   72.5 1149.0 L 0.57 -
 240    7    7     0 0/0/0/0/0                1150.0   900.0    77.1    62.8   42.0   56.0     0 4/3/1/5/2/1           2     9  58.7   11.1  218.2   76.1 1149.0 L 0.71 -
 250    7    7     0 0/0/0/0/0                1150.0   900.0    59.8    98.5   42.0   56.0     0 4/3/1/5/2/1           2     5  58.8   10.8  230.2   59.8 1149.0 L 0.71 -
 260    7    7     0 0/0/0/0/0                1150.0   900.0    57.4   106.8   42.0   56.0     0 4/3/1/5/2/1           2     5  56.2   10.8  229.4   57.4 1149.0 L 0.71 -
 270    7    7     0 0/0/0/0/0                1150.0   900.0    56.6    42.7   45.0   56.0     0 4/3/1/5/2/2           2     8  55.7   11.2  183.4   43.6 1149.0 L 0.71 -
 280    7    7     0 0/0/0/0/0                1150.0   900.0    49.1    76.0   45.0   56.0     0 4/3/1/5/2/2           2     8  56.9   10.7  246.6   47.0 1149.0 L 0.71 -
 290    7    7     0 0/0/0/0/0                1150.0   900.0    50.3   124.3   45.0   56.0     0 4/3/1/5/2/2           2    10  53.9   11.5  246.6   47.6 1149.0 L 0.71 -
 300   11    7     4 0/0/0/0/0                1150.0   900.0    52.1   138.4   45.0   56.0     0 4/3/1/5/2/2           2     6  58.9   10.0  246.6   44.9 1149.0 L 0.82 -
 310   12   11     5 0/0/0/0/0                1150.0   900.0    42.5   172.2   45.0   56.0     0 4/3/1/5/2/2           2     9  58.6   10.9  246.6   42.5 1149.0 S 1.00 -
 320   12   12     5 0/0/0/0/0                1150.0   900.0    32.0   196.3   45.0   56.0     0 4/3/1/5/2/2           2     6  58.8   10.5  246.6   26.8 1149.0 S 0.92 -
 330   12   12     5 0/0/0/0/0                1150.0   900.0    29.3   196.3   45.0   56.0     0 4/3/1/5/2/2           2     4  59.2   10.7  244.8   22.2 1149.0 S 0.92 -
 340   12   12     5 0/0/0/0/0                1150.0   900.0    22.9   212.7   45.0   56.0     0 4/3/1/5/2/2           2     6  60.6   10.7  246.6   22.9 1149.0 S 0.75 -
 350   12   12     5 0/0/0/0/0                1150.0   900.0    18.2   212.7   45.0   56.0     0 4/3/1/5/2/2           2     4  60.7   10.4  244.6   16.2 1149.0 S 0.75 -
 360   12   12     5 0/0/0/0/0                1150.0   900.0     8.4   212.7   45.0   56.0     0 4/3/1/5/2/2           2     4  61.4   10.9  241.2    8.4 1149.0 S 0.75 -
 370   12   12     5 0/0/0/0/0                1150.0   900.0    18.1   212.7   45.0   56.0     0 4/3/1/5/2/2           2     5  57.1   10.6  242.8    8.1 1149.0 S 0.83 -
 380   12   12     5 0/0/0/0/0                1150.0   900.0    22.4   212.7   45.0   56.0     0 4/3/1/5/2/2           2     6  60.0   10.8  246.6   13.7 1149.0 S 0.83 -
 390   12   12     5 0/0/0/0/0                1150.0   900.0    28.2   212.7   45.0   56.0     0 4/3/1/5/2/2           2     9  57.4   10.6  238.5   19.5 1149.0 S 0.83 -
 400   12   12     5 0/0/0/0/0                1150.0   900.0    25.6   226.7   45.0   56.0     0 4/3/1/5/2/2           2     7  60.8   10.8  241.1   25.6 1149.0 S 0.83 -
 410   13   12     6 0/0/0/0/0                1150.0   900.0    24.7   232.8   45.0   56.0     0 4/3/1/5/2/2           2     6  57.4   10.5  242.5   19.5 1149.0 S 0.77 -
 420   13   13     6 0/0/0/0/0                1150.0   900.0    20.0   232.8   45.0   56.0     0 4/3/1/5/2/2           2     5  58.9   10.3  246.6   18.0 1149.0 S 0.77 -
 430   13   13     6 0/0/0/0/0                1150.0   900.0    25.6   236.3   45.0   56.0     0 4/3/1/5/2/2           2     6  61.2   10.9  246.6   13.3 1149.0 S 0.77 -
 440   13   13     6 0/0/0/0/0                1150.0   900.0    19.0   236.3   45.0   56.0     0 4/3/1/5/2/2           2     4  61.5   10.7  246.6   14.1 1149.0 S 0.77 -
 450   13   13     6 0/0/0/0/0                1150.0   900.0     8.3   236.3   45.0   56.0     0 4/3/1/5/2/2           2     5  61.0   10.7  246.6    8.3 1149.0 S 0.77 -
 460   13   13     6 0/0/0/0/0                1150.0   900.0    19.3   236.3   45.0   56.0     0 4/3/1/5/2/2           2     7  58.8   10.3  246.6    7.8 1149.0 S 0.77 -
 470   13   13     6 0/0/0/0/0                1150.0   900.0    19.8   236.3   45.0   56.0     0 4/3/1/5/2/2           2     7  57.0   10.4  243.8    9.3 1149.0 S 0.77 -
 480   13   13     6 0/0/0/0/0                1150.0   900.0    12.6   236.3   45.0   56.0     0 4/3/1/5/2/2           2     3  62.1   11.3  246.6   12.6 1149.0 S 0.77 -
 490   13   13     6 0/0/0/0/0                1150.0   900.0    15.2   236.3   45.0   56.0     0 4/3/1/5/2/2           2     6  58.3   10.9  246.6   11.3 1149.0 S 0.77 -
 500   13   13     6 0/0/0/0/0                1150.0   900.0    36.1   236.3   45.0   56.0     0 4/3/1/5/2/2           2     8  60.5   10.6  246.6   12.0 1149.0 S 0.77 -
 510   13   13     6 0/0/0/0/0                1150.0   900.0    18.9   236.3   45.0   56.0     0 4/3/1/5/2/2           2     2  60.8   10.3  246.5   18.9 1149.0 S 0.77 -
 520   13   13     6 0/0/0/0/0                1150.0   900.0    28.5   236.3   45.0   56.0     0 4/3/1/5/2/2           2    10  58.0   10.5  241.5   16.3 1149.0 S 0.77 -
 530   13   13     6 0/0/0/0/0                1150.0   900.0    28.1   249.9   45.0   56.0     0 4/3/1/5/2/2           2     7  60.7   10.7  246.6   27.0 1149.0 S 0.77 -
 540   13   13     6 0/0/0/0/0                1150.0   900.0    26.6   263.7   45.0   56.0     0 4/3/1/5/2/2           2     6  60.6   10.6  246.6   18.0 1149.0 S 0.77 -
 550   13   13     6 0/0/0/0/0                1150.0   900.0    24.5   263.7   45.0   56.0     0 4/3/1/5/2/2           2     4  60.0   10.7  246.6   15.6 1149.0 S 0.77 -
 560   13   13     6 0/0/0/0/0                1150.0   900.0    13.8   263.7   45.0   56.0     0 4/3/1/5/2/2           2     3  60.0   11.1  246.6   11.4 1149.0 S 0.77 -
 570   14   13     7 0/0/0/0/0                1150.0   900.0    13.6   263.7   45.0   56.0     0 4/3/1/5/2/2           2     7  61.3   10.5  246.6    9.4 1149.0 S 0.79 -
 580   17   14    10 0/0/0/0/0                1150.0   900.0     7.7   263.7   45.0   56.0     0 4/3/1/5/2/2           2     3  60.0   10.4  244.4    7.7 1149.0 S 0.76 -
 590   17   17    10 0/0/0/0/0                1150.0   900.0    11.4   263.7   45.0   56.0     0 4/3/1/5/2/2           2     6  60.7   10.7  246.6    4.1 1149.0 S 0.88 -
 600   17   17    10 0/0/0/0/0                1150.0   900.0    16.7   263.7   45.0   56.0     0 4/3/1/5/2/2           2     7  60.8   10.7  246.6    5.1 1149.0 S 0.88 -
 610   17   17    10 0/0/0/0/0                1150.0   900.0    23.2   263.7   45.0   56.0     0 4/3/1/5/2/2           2     6  62.3   10.8  246.6   11.9 1149.0 S 0.82 -
 620   17   17    10 0/0/0/0/0                1150.0   900.0    31.9   265.9   45.0   56.0     0 4/3/1/5/2/2           2     9  60.5   10.5  246.6   22.4 1149.0 S 0.82 -
 630   17   17    10 0/0/0/0/0                1150.0   900.0    20.2   271.0   45.0   56.0     0 4/3/1/5/2/2           2     5  62.5   10.6  246.6   20.2 1149.0 S 0.82 -
 640   17   17    10 0/0/0/0/0                1150.0   900.0    19.8   271.0   45.0   56.0     0 4/3/1/5/2/2           2     5  60.5   10.8  246.6   15.5 1149.0 S 0.82 -
 650   17   17    10 0/0/0/0/0                1150.0   900.0    35.6   271.0   45.0   56.0     0 4/3/1/5/2/2           2     8  59.1   10.8  245.0   17.1 1149.0 S 0.82 -
 660   17   17    10 0/0/0/0/0                1150.0   900.0    40.5   203.2   48.0   56.0     0 4/4/1/5/2/2           2    11  61.4   10.3  153.9   27.0 1149.0 S 0.82 -
 670   17   17    10 0/0/0/0/0                1150.0   900.0    48.5   203.2   48.0   56.0     0 4/4/1/5/2/2           2     8  59.3   10.8  246.6   34.2 1149.0 S 0.82 -
 680   17   17    10 0/0/0/0/0                1150.0   900.0    33.0   230.8   48.0   56.0     0 4/4/1/5/2/2           2     6  58.9   10.8  230.9   29.1 1149.0 S 0.82 -
 690   17   17    10 0/0/0/0/0                1150.0   900.0    27.9   248.1   48.0   56.0     0 4/4/1/5/2/2           2     7  59.8   10.6  238.0   23.1 1149.0 S 0.82 -
 700   17   17    10 0/0/0/0/0                1150.0   900.0    13.3   256.6   49.0   56.0     0 4/5/1/5/2/2           2     6  59.3   10.4  224.6   13.3 1149.0 S 0.88 -
 710   17   17    10 0/0/0/0/0                1150.0   900.0    17.0   162.6   51.0   56.0     0 4/5/1/5/2/2           2     7  58.6   10.8  224.2    8.9 1149.0 S 0.88 -
 720   17   17    10 0/0/0/0/0                1150.0   900.0    11.1   162.6   51.0   56.0     0 4/5/1/5/2/2           2     6  58.0   10.6  226.3    4.9 1149.0 S 0.88 -
 730   17   17    10 0/0/0/0/0                1300.0  1020.0    10.3    64.6   55.0   56.0     0 4/5/1/6/2/2           2     7  60.1   10.8  231.2    0.0 1149.0 S 0.88 -
 740   17   17    10 0/0/0/0/0                1300.0  1020.0    21.5    64.6   53.0   70.0     0 5/5/1/6/2/2           2     8  59.6   10.8   67.9    3.8 1299.0 S 0.88 -
 750   17   17    10 0/0/0/0/0                1300.0  1020.0    32.7    83.1   53.0   70.0     0 5/5/1/6/2/2           2    10  61.3   10.7   10.0   14.4 1299.0 S 0.82 -
 760   17   17    10 0/0/0/0/0                1300.0  1020.0    30.1    26.4   55.0   70.0     0 5/5/1/6/2/2           2    12  60.5   10.7  170.9   25.9 1299.0 S 0.82 -
 770   17   17    10 0/0/0/0/0                1404.3  1094.6    19.0    39.0   57.0   70.0     0 5/5/1/7/2/2           2     5  60.2   11.1  215.2   17.3 1299.0 S 0.82 -
 780   17   17    10 0/0/0/0/0                1450.0  1140.0    35.5    50.1   57.0   70.0     0 5/5/1/7/2/2           2    11  60.3   10.7   10.0   14.4 1404.7 S 0.88 -
 790   17   17    10 0/0/0/0/0                1450.0  1140.0    32.5    88.7   57.0   70.0     0 5/5/1/7/2/2           2    11  60.5   10.7   25.0   23.2 1449.0 S 0.88 -
 800   17   17    10 0/0/0/0/0                1450.0  1140.0    42.0   113.2   57.0   70.0     0 5/5/1/7/2/2           2    11  60.0   10.5   45.0   30.3 1449.0 S 0.88 -
 810   17   17    10 0/0/0/0/0                1450.0  1140.0    34.0     6.4   59.0   70.0     0 5/5/1/7/2/2           2     6  59.1   10.8  205.1   27.9 1449.0 S 0.88 -
 820   17   17    10 0/0/0/0/0                1450.0  1140.0    15.4    25.0   59.0   70.0     0 5/5/1/7/2/2           2     5  60.3   10.4  226.1   15.4 1449.0 S 0.88 -
 830   17   17    10 0/0/0/0/0                1450.0  1140.0    15.2    25.0   59.0   70.0     0 5/5/1/7/2/2           2     5  60.3   10.3  243.3    7.0 1449.0 S 0.88 -
 840   17   17    10 0/0/0/0/0                1450.0  1140.0     1.7    31.3   59.0   70.0     0 5/5/1/7/2/2           2     4  60.7   10.9  246.6    1.7 1449.0 S 0.88 -
 850   13   13    10 0/4/0/0/0                1450.0  1140.0     0.0    31.3   60.0   70.0     0 5/5/1/7/2/3           2     5  59.9   10.8  201.4    0.0 1449.0 S 0.85 -
 860   13   13    10 0/4/0/0/0                1450.0  1140.0    18.4    31.3   60.0   70.0     0 5/5/1/7/2/3           2     7  58.9   11.0   20.0    0.0 1448.5 L 0.85 -
 870   13   13    10 0/4/0/0/0                1450.0  1140.0    28.9    58.9   60.0   70.0     0 5/5/1/7/2/3           2    11  59.8   10.6   25.0   15.9 1449.0 L 0.85 -
 880   13   13    10 0/4/0/0/0                1450.0  1140.0    41.7    81.4   60.0   70.0     0 5/5/1/7/2/3           2    11  57.8   11.0   25.0   26.6 1449.0 L 0.85 -
 890   13   13    10 0/4/0/0/0                1450.0  1140.0    36.2   100.0   60.0   70.0     0 5/5/1/7/2/3           2     8  59.7   11.0   15.0   32.4 1449.0 L 0.85 -
 900   13   13    10 0/4/0/0/0                1450.0  1140.0    32.0    26.7   62.0   70.0     0 5/5/1/7/2/3           2     9  60.4   10.6   93.8   32.0 1449.0 L 0.85 -
 910   13   13    10 0/4/0/0/0                1450.0  1140.0    17.8    26.7   62.0   70.0     0 5/5/1/7/2/3           2     2  62.3   10.8  220.1   17.8 1449.0 L 0.85 -
 920   14   13    11 0/4/0/0/0                1450.0  1140.0    26.9    34.0   62.0   70.0     0 5/5/1/7/3/3           2     8  59.4   10.9   33.4   13.3 1449.0 L 0.79 -
 930   17   14    14 0/4/0/0/0                1450.0  1140.0    35.2    49.6   62.0   70.0     0 5/5/1/7/3/3           2     8  60.9   10.7    0.0   25.2 1449.0 S 0.88 -
 940   17   17    14 0/4/0/0/0                1450.0  1140.0    24.8    64.6   62.0   70.0     0 5/5/1/7/3/3           2     9  61.1   10.3   10.0   17.7 1449.0 S 1.00 -
 950   17   17    14 0/4/0/0/0                1450.0  1140.0    33.9    74.9   62.0   70.0     0 5/5/1/7/3/3           2     7  59.1   10.7   15.0   24.5 1449.0 S 0.94 -
 960   17   17    14 0/4/0/0/0                1450.0  1140.0    29.0   111.2   62.0   70.0     0 5/5/1/7/3/3           2    12  62.0   10.6   10.0   14.8 1449.0 S 0.82 -
 970   18   17    15 0/4/0/0/0                1450.0  1140.0    44.3   125.2   62.0   70.0     0 5/5/1/7/3/3           2     9  60.6   10.5    5.0   27.8 1449.0 S 0.78 -
 980   18   18    15 0/4/0/0/0                1450.0  1140.0    36.3   170.7   62.0   70.0     0 5/5/1/7/3/3           2    11  60.5   11.4    0.0   36.3 1449.0 S 0.89 -
 990   18   18    15 0/4/0/0/0                1450.0  1140.0    24.7    60.3   64.0   70.0     0 5/5/1/7/3/3           2     6  60.1   10.5  186.2   21.2 1449.0 S 0.89 -
1000   18   18    15 0/4/0/0/0                1450.0  1140.0    10.9    60.3   64.0   70.0     0 5/5/1/7/3/3           2     4  61.4   10.5  246.6   10.2 1449.0 S 0.89 -
1010   17   17    15 0/5/0/0/0                1450.0  1140.0     0.0    60.3   64.0   70.0     0 5/5/1/7/3/3           2     2  61.9   10.3  245.6    0.0 1449.0 S 0.88 -
1020   10   10    15 0/12/0/0/0               1450.0  1140.0     4.9    60.3   64.0   70.0     0 5/5/1/7/3/3           2     4  59.7   11.1  243.8    0.0 1449.0 S 0.90 -
1030   10   10    15 0/12/0/0/0               1450.0  1140.0     6.5    60.3   64.0   70.0     0 5/5/1/7/3/3           2     5  59.9   10.4  246.6    1.7 1449.0 L 0.70 -
1040    0    0    15 0/22/0/0/0               1450.0  1140.0     0.0    60.3   64.0   70.0     0 5/5/1/7/3/3           2     0  60.7   10.7  237.6    0.0 1449.0 L 0.00 -
1050    0    0    15 0/22/0/0/0               1450.0  1140.0     0.0    60.3   64.0   70.0     0 5/5/1/7/3/3           2     0   0.0    0.0  246.6    0.0 1450.0 L 0.00 -
1060    0    0    15 0/22/0/0/0               1450.0  1140.0     0.0    60.3   64.0   70.0     0 5/5/1/7/3/3           2     0   0.0    0.0  246.6    0.0 1450.0 L 0.00 -
1070    0    0    15 0/22/0/0/0               1450.0  1140.0     0.0    60.3   64.0   70.0     0 5/5/1/7/3/3           2     0   0.0    0.0  246.6    0.0 1450.0 L 0.00 -
1080    0    0    15 0/22/0/0/0               1450.0  1140.0     0.0    60.3   64.0   70.0     0 5/5/1/7/3/3           2     0   0.0    0.0  246.6    0.0 1450.0 L 0.00 -
1090    0    0    15 0/22/0/0/0               1450.0  1140.0     0.0    60.3   64.0   70.0     0 5/5/1/7/3/3           2     0   0.0    0.0  246.6    0.0 1450.0 L 0.00 -
1100    0    0    15 0/22/0/0/0               1450.0  1140.0     0.0    60.3   64.0   70.0     0 5/5/1/7/3/3           2     0   0.0    0.0  246.6    0.0 1450.0 L 0.00 -
1110    0    0    15 0/22/0/0/0               1450.0  1140.0     0.0    60.3   64.0   70.0     0 5/5/1/7/3/3           2     0   0.0    0.0  246.6    0.0 1450.0 L 0.00 -
1120    0    0    15 0/22/0/0/0               1450.0  1140.0     0.0    60.3   64.0   70.0     0 5/5/1/7/3/3           2     0   0.0    0.0  246.6    0.0 1450.0 L 0.00 -
1130    0    0    15 0/22/0/0/0               1450.0  1140.0     0.0    60.3   64.0   70.0     0 5/5/1/7/3/3           2     0   0.0    0.0  246.6    0.0 1450.0 L 0.00 -
1140    0    0    15 0/22/0/0/0               1450.0  1140.0     0.0    60.3   64.0   70.0     0 5/5/1/7/3/3           2     0   0.0    0.0  246.6    0.0 1450.0 L 0.00 -
1150    0    0    15 0/22/0/0/0               1450.0  1140.0     0.0    60.3   64.0   70.0     0 5/5/1/7/3/3           2     0   0.0    0.0  246.6    0.0 1450.0 L 0.00 -
1160    0    0    15 0/22/0/0/0               1450.0  1140.0     0.0    60.3   64.0   70.0     0 5/5/1/7/3/3           2     0   0.0    0.0  246.6    0.0 1450.0 L 0.00 -
1170    0    0    15 0/22/0/0/0               1450.0  1140.0     0.0    60.3   64.0   70.0     0 5/5/1/7/3/3           2     0   0.0    0.0  246.6    0.0 1450.0 L 0.00 -
1180    0    0    15 0/22/0/0/0               1450.0  1140.0     0.0    60.3   64.0   70.0     0 5/5/1/7/3/3           2     0   0.0    0.0  246.6    0.0 1450.0 L 0.00 -
1190    0    0    15 0/22/0/0/0               1450.0  1140.0     0.0    60.3   64.0   70.0     0 5/5/1/7/3/3           2     0   0.0    0.0  246.6    0.0 1450.0 L 0.00 -
1200    0    0    15 0/22/0/0/0               1450.0  1140.0     0.0    60.3   64.0   70.0     0 5/5/1/7/3/3           2     0   0.0    0.0  246.6    0.0 1450.0 L 0.00 -
1210    0    0    15 0/22/0/0/0               1450.0  1140.0     0.0    60.3   64.0   70.0     0 5/5/1/7/3/3           2     0   0.0    0.0  246.6    0.0 1450.0 L 0.00 -
1220    0    0    15 0/22/0/0/0               1450.0  1140.0     0.0    60.3   64.0   70.0     0 5/5/1/7/3/3           2     0   0.0    0.0  246.6    0.0 1450.0 L 0.00 -
1230    0    0    15 0/22/0/0/0               1450.0  1140.0     0.0    60.3   64.0   70.0     0 5/5/1/7/3/3           2     0   0.0    0.0  246.6    0.0 1450.0 L 0.00 -
1240    0    0    15 0/22/0/0/0               1450.0  1140.0     0.0    60.3   64.0   70.0     0 5/5/1/7/3/3           2     0   0.0    0.0  246.6    0.0 1450.0 L 0.00 -
1250    0    0    15 0/22/0/0/0               1450.0  1140.0     0.0    60.3   64.0   70.0     0 5/5/1/7/3/3           2     0   0.0    0.0  246.6    0.0 1450.0 L 0.00 -
1260    0    0    15 0/22/0/0/0               1450.0  1140.0     0.0    60.3   64.0   70.0     0 5/5/1/7/3/3           2     0   0.0    0.0  246.6    0.0 1450.0 L 0.00 -
1270    0    0    15 0/22/0/0/0               1450.0  1140.0     0.0    60.3   64.0   70.0     0 5/5/1/7/3/3           2     0   0.0    0.0  246.6    0.0 1450.0 L 0.00 -
1280    0    0    15 0/22/0/0/0               1450.0  1140.0     0.0    60.3   64.0   70.0     0 5/5/1/7/3/3           2     0   0.0    0.0  246.6    0.0 1450.0 L 0.00 -
1290    0    0    15 0/22/0/0/0               1450.0  1140.0     0.0    60.3   64.0   70.0     0 5/5/1/7/3/3           2     0   0.0    0.0  246.6    0.0 1450.0 L 0.00 -
1300    0    0    15 0/22/0/0/0               1450.0  1140.0     0.0    60.3   64.0   70.0     0 5/5/1/7/3/3           2     0   0.0    0.0  246.6    0.0 1450.0 L 0.00 -
1310    0    0    15 0/22/0/0/0               1450.0  1140.0     0.0    60.3   64.0   70.0     0 5/5/1/7/3/3           2     0   0.0    0.0  246.6    0.0 1450.0 L 0.00 -
1320    0    0    15 0/22/0/0/0               1450.0  1140.0     0.0    60.3   64.0   70.0     0 5/5/1/7/3/3           2     0   0.0    0.0  246.6    0.0 1450.0 L 0.00 -
1330    0    0    15 0/22/0/0/0               1450.0  1140.0     0.0    60.3   64.0   70.0     0 5/5/1/7/3/3           2     0   0.0    0.0  246.6    0.0 1450.0 L 0.00 -
1340    0    0    15 0/22/0/0/0               1450.0  1140.0     0.0    60.3   64.0   70.0     0 5/5/1/7/3/3           2     0   0.0    0.0  246.6    0.0 1450.0 L 0.00 -
1350    0    0    15 0/22/0/0/0               1450.0  1140.0     0.0    60.3   64.0   70.0     0 5/5/1/7/3/3           2     0   0.0    0.0  246.6    0.0 1450.0 L 0.00 -
1360    0    0    15 0/22/0/0/0               1450.0  1140.0     0.0    60.3   64.0   70.0     0 5/5/1/7/3/3           2     0   0.0    0.0  246.6    0.0 1450.0 L 0.00 -
1370    0    0    15 0/22/0/0/0               1450.0  1140.0     0.0    60.3   64.0   70.0     0 5/5/1/7/3/3           2     0   0.0    0.0  246.6    0.0 1450.0 L 0.00 -
1380    0    0    15 0/22/0/0/0               1450.0  1140.0     0.0    60.3   64.0   70.0     0 5/5/1/7/3/3           2     0   0.0    0.0  246.6    0.0 1450.0 L 0.00 -
1390    0    0    15 0/22/0/0/0               1450.0  1140.0     0.0    60.3   64.0   70.0     0 5/5/1/7/3/3           2     0   0.0    0.0  246.6    0.0 1450.0 L 0.00 -
1400    0    0    15 0/22/0/0/0               1450.0  1140.0     0.0    60.3   64.0   70.0     0 5/5/1/7/3/3           2     0   0.0    0.0  246.6    0.0 1450.0 L 0.00 -
1410    0    0    15 0/22/0/0/0               1450.0  1140.0     0.0    60.3   64.0   70.0     0 5/5/1/7/3/3           2     0   0.0    0.0  246.6    0.0 1450.0 L 0.00 -
1420    0    0    15 0/22/0/0/0               1450.0  1140.0     0.0    60.3   64.0   70.0     0 5/5/1/7/3/3           2     0   0.0    0.0  246.6    0.0 1450.0 L 0.00 -
1430    0    0    15 0/22/0/0/0               1450.0  1140.0     0.0    60.3   64.0   70.0     0 5/5/1/7/3/3           2     0   0.0    0.0  246.6    0.0 1450.0 L 0.00 -
1440    0    0    15 0/22/0/0/0               1450.0  1140.0     0.0    60.3   64.0   70.0     0 5/5/1/7/3/3           2     0   0.0    0.0  246.6    0.0 1450.0 L 0.00 -
1450    0    0    15 0/22/0/0/0               1450.0  1140.0     0.0    60.3   64.0   70.0     0 5/5/1/7/3/3           2     0   0.0    0.0  246.6    0.0 1450.0 L 0.00 -
1460    0    0    15 0/22/0/0/0               1450.0  1140.0     0.0    60.3   64.0   70.0     0 5/5/1/7/3/3           2     0   0.0    0.0  246.6    0.0 1450.0 L 0.00 -
1470    0    0    15 0/22/0/0/0               1450.0  1140.0     0.0    60.3   64.0   70.0     0 5/5/1/7/3/3           2     0   0.0    0.0  246.6    0.0 1450.0 L 0.00 -
1480    0    0    15 0/22/0/0/0               1450.0  1140.0     0.0    60.3   64.0   70.0     0 5/5/1/7/3/3           2     0   0.0    0.0  246.6    0.0 1450.0 L 0.00 -
1490    0    0    15 0/22/0/0/0               1450.0  1140.0     0.0    60.3   64.0   70.0     0 5/5/1/7/3/3           2     0   0.0    0.0  246.6    0.0 1450.0 L 0.00 -
1500    0    0    15 0/22/0/0/0               1450.0  1140.0     0.0    60.3   64.0   70.0     0 5/5/1/7/3/3           2     0   0.0    0.0  246.6    0.0 1450.0 L 0.00 -

targets for seed 99 (1500 sols):
  T1 FAIL run min pop 0 (needs >= 5), final pop 0
  T2 PASS deaths 22 (air 0 thirst 22 hunger 0 eva 0 other 0), unexplained 0
  T3 PASS births 15, first_birth_sol 292, at_capacity 0, cooldown_violations 0, pop@30=7, pop@100=7, pop@300=11
  T4 PASS min O2 262.5, food 203.1; ice ran dry (pressure): min ice 0.0, ice>30 0.0, thirst deaths 22; max ice/target 0.83, regolith/target 0.81
  T5 PASS demand>supply 0.00% of steps (<=10), max shorts/sol 0 (<=2), max offline 0.0 h (<=24.7), first new reactor sol 11 (<=15)
  T6 PASS limited 30913.5 h = 83.57% (>=2% provisional; 4 of 5 seeds), site busy 84.7%; waiting_regolith 370.0 h, site_no_crew 30543.5 h
  T7 PASS turn_backs_air 0, exhausted 260, reachable>=2 at 100.0% of 1500 sol samples (>=95), trips 730
  T8 FAIL row avg energy 0.0..62.5 (40..90), row asleep 0.0..12.0% (5..30), max sleep 8.8 h (<=18)
  T9 N/A  checked by repeating the run and by tests/test_determinism.gd (compare the table sha256)
  T10 FAIL first settlement sol 309 (40..150), age_changes 4 (<=4), min gap between consecutive history entries 71 (>=20), history 5 entries (changes+1 = 5); report: sols_in_age landing 857 settlement 643 council 0, age at end landing, changes [sol 309 settled; sol 851 fell_back (cause ice); sol 922 settled_again; sol 1023 fell_back (cause ice)], fall back causes [sol 851 ice; sol 1023 ice], not-ok sols 119 (by group, a sol can fail several: ice 63, food 1, oxygen 1, power 0, death 11, unrest 56)
  T11 FAIL (1) list lengths 1501/1501/1501/1501 ok; (2) lonely mean of last 50 readings 0.000 (max 0.35) ok; (3) friends_mean 0.00 (1.0..15.0) BAD; (4) first_friendship_sol 137 ok; (5) lines_dropped (total) 0 ok; report: web 0.00 second 0.00 lonely 0.00 friends_mean 0.00 friends share of colony 0.000 (pop 0)
  T12 PASS (1) list lengths 1501/1501/1501 ok; (2) C2 ok; (3) council changes 0 (<=4) ok; (4) proposals 0 ok; (5) one Council line per boundary ok; report: first Council sol <null>, meetings 0, proposals [], pledge sol <null> reason -, lines {"circles_few":3}, dropped 0; council_min_seeds 3 pledge_min_seeds 1
RESULT FAIL (target 9 determinism: table sha256 2e1bdb43ae59636a)
