Godot Engine v4.5.stable.official.876b29033 - https://godotengine.org

# station zero balance run: seed=1234 sols=1500 overrides=[colony.consumption.ice_stage_mult={ "baby": 0.3, "toddler": 0.5, "child": 0.75, "teen": 1.0, "adult": 1.0 } buildings.reonline.load_fraction=1.0 resources.throughput.commute_pause=false] fixed_step=0.05 data_hash=069bd790548c2c7c
# deaths and births are cumulative; shorts, trips, energy, asleep, wait, min_* are for the 30-sol window
 sol  pop  min birth dead a/t/h/o/x           oxygen    food     ice   regol   dmnd   supp short bldg R/H/W/G/A/C  reach trips  avgE asleep%  waitH minIce  minO2 age web cn
  10    7    7     0 0/0/0/0/0                 382.9   296.2    51.8    49.3   13.0   28.0     0 2/1/1/1/0/0           2     9  54.2   10.2  170.4   48.5  261.5 L 1.00 -
  20    7    7     0 0/0/0/0/0                 549.1   420.0    77.9    35.3   17.0   28.0     0 2/3/1/1/0/0           2    14  58.1   12.8  102.3   47.1  383.0 L 1.00 -
  30    7    7     0 0/0/0/0/0                 550.0   420.0    83.4     3.7   23.0   28.0     0 2/3/2/1/0/0           2    15  56.0   12.1   92.6   70.4  548.9 L 1.00 -
  40    7    7     0 0/0/0/0/0                 550.0   420.0    92.5    50.5   24.0   28.0     0 2/3/2/1/0/1           2    10  57.7   11.6  145.7   79.9  548.3 L 1.00 -
  50    7    7     0 0/0/0/0/0                 550.0   420.0    98.4    64.9   24.0   42.0     0 3/3/2/1/0/1           2    14  54.6   11.1   66.4   85.4  548.1 L 1.00 -
  60    7    7     0 0/0/0/0/0                 550.0   420.0    93.3    38.3   26.0   42.0     0 3/3/2/1/1/1           2     8  58.5   12.0   76.3   91.8  548.0 L 1.00 -
  70    7    7     0 0/0/0/0/0                 550.0   420.0   110.5    36.7   28.0   42.0     0 3/3/2/1/1/1           2    15  54.6   11.7  124.3   92.8  549.0 L 1.00 -
  80    7    7     0 0/0/0/0/0                 550.0   420.0   105.3    43.5   31.0   42.0     0 3/4/2/1/1/1           2    11  59.8   11.8   96.8  105.1  549.0 L 1.00 -
  90    7    7     0 0/0/0/0/0                 700.0   532.8   105.1     7.6   35.0   42.0     0 3/4/2/2/1/1           2     8  55.3   10.8  191.3   99.2  549.0 L 1.00 -
 100    7    7     0 0/0/0/0/0                 700.0   540.0   109.8    66.2   36.0   42.0     0 3/4/2/2/1/2           2    14  60.7   11.6  152.7   93.5  699.0 L 0.43 -
 110    7    7     0 0/0/0/0/0                 700.0   540.0    97.6    76.6   39.0   42.0     0 3/5/2/2/1/2           2    15  57.6   12.0   80.9   97.6  699.0 L 0.86 -
 120    7    7     0 0/0/0/0/0                 700.0   540.0    98.5    53.9   39.0   56.0     0 4/5/2/2/1/2           2    10  57.0   12.3  113.4   92.4  699.0 L 0.86 -
 130    7    7     0 0/0/0/0/0                 700.0   540.0   108.4    11.8   41.0   56.0     0 4/5/2/2/1/2           2    15  57.0   10.7  159.4   93.0  698.2 L 0.86 -
 140    7    7     0 0/0/0/0/0                 700.0   540.0   118.5    79.6   41.0   56.0     0 4/5/2/2/1/2           2    10  55.2   11.8  234.1  107.0  699.0 L 0.86 -
 150    7    7     0 0/0/0/0/0                 700.0   540.0   122.3   103.5   41.0   56.0     0 4/5/2/2/1/2           2     7  56.6   10.9  223.3  113.7  698.4 L 0.57 -
 160    7    7     0 0/0/0/0/0                 700.0   540.0   113.5    59.0   45.0   56.0     0 4/7/2/2/1/2           2    11  59.4   11.7  169.7  113.5  698.4 L 0.43 -
 170    7    7     0 0/0/0/0/0                 700.0   540.0   106.3    26.0   47.0   56.0     0 4/7/2/2/1/2           2    10  57.7   11.7  143.7  106.3  699.0 L 0.43 -
 180    7    7     0 0/0/0/0/0                 700.0   540.0   106.5    64.9   48.0   56.0     0 4/7/2/2/1/3           2    10  57.8   10.7  175.2  101.2  699.0 L 0.43 -
 190    7    7     0 0/0/0/0/0                 850.0   660.0    99.7    82.3   52.0   56.0     0 4/7/2/3/1/3           2    18  53.8   12.3   91.8   99.7  699.0 L 0.57 -
 200    7    7     0 0/0/0/0/0                 850.0   660.0   103.7    64.0   52.0   70.0     0 5/7/2/3/1/3           2    12  54.6   11.5  101.7   90.1  848.6 L 0.57 -
 210    7    7     0 0/0/0/0/0                 850.0   660.0   100.9    23.0   54.0   70.0     0 5/7/2/3/1/3           2    15  57.7   11.2   88.6   98.3  848.8 L 0.57 -
 220    7    7     0 0/0/0/0/0                 850.0   660.0    93.8    94.4   55.0   70.0     0 5/8/2/3/1/3           2     9  56.3   12.0  208.0   90.5  849.0 L 0.57 -
 230    7    7     0 0/0/0/0/0                 850.0   660.0    91.4     9.3   57.0   70.0     0 5/8/2/3/1/3           2    10  57.3   10.7  107.4   88.3  848.8 L 0.57 -
 240    7    7     0 0/0/0/0/0                 850.0   660.0    89.7    62.8   57.0   70.0     0 5/8/2/3/1/3           2     8  54.1   11.0  221.2   86.9  849.0 L 0.43 -
 250    7    7     0 0/0/0/0/0                 850.0   660.0    86.8   114.6   58.0   70.0     0 5/9/2/3/1/3           2    10  56.5   11.2  162.4   86.1  849.0 L 0.43 -
 260    7    7     0 0/0/0/0/0                 850.0   660.0    84.9    61.2   61.0   70.0     0 5/10/2/3/1/3          2    12  57.7   11.9  206.4   84.9  848.8 L 0.71 -
 270    7    7     0 0/0/0/0/0                 850.0   660.0    89.0   133.8   61.0   70.0     0 5/10/2/3/1/3          2    17  55.4   10.7   35.0   82.2  849.0 L 0.71 -
 280    9    7     2 0/0/0/0/0                 850.0   660.0    76.7    63.4   64.0   70.0     0 5/11/2/3/1/3          2     9  57.1   11.8  197.2   76.6  849.0 L 0.78 -
 290   10    9     3 0/0/0/0/0                 850.0   660.0   100.2   115.1   64.0   70.0     0 5/11/2/3/1/3          2    14  61.6   10.7   55.0   76.7  849.0 L 0.80 -
 300   13   10     6 0/0/0/0/0                1000.0   780.0   101.2    30.5   68.0   70.0     0 5/11/2/4/1/3          2     9  61.0   11.3  150.7   94.8  849.0 L 0.85 -
 310   13   13     6 0/0/0/0/0                1000.0   780.0    93.8    12.0   70.0   70.0     0 5/11/2/4/1/3          2    16  61.3   11.2   79.6   93.8  999.0 S 1.00 -
 320   13   13     6 0/0/0/0/0                1000.0   780.0    91.0    26.4   70.0   70.0     0 5/11/2/4/1/3          2     9  63.7   10.5  213.5   87.8  999.0 S 1.00 -
 330   13   13     6 0/0/0/0/0                1000.0   780.0    99.1    98.1   68.0   84.0     0 6/11/2/4/1/3          2    14  58.5   11.2   64.1   85.9  999.0 S 1.00 -
 340   13   13     6 0/0/0/0/0                1000.0   780.0   106.4    42.7   70.0   84.0     0 6/11/2/4/1/3          2    13  60.6   11.1   69.3   94.3  999.0 S 1.00 -
 350   13   13     6 0/0/0/0/0                1000.0   780.0    89.1    84.4   70.0   84.0     0 6/11/2/4/1/3          2     7  61.9   11.3  232.8   89.1  999.0 S 0.77 -
 360   13   13     6 0/0/0/0/0                1150.0   900.0    82.5   122.6   72.0   84.0     0 6/11/2/5/1/3          2    11  61.8   10.4   79.0   77.4  999.0 S 0.69 -
 370   13   13     6 0/0/0/0/0                1300.0  1020.0    66.2    81.4   76.0   84.0     0 6/11/2/6/1/3          2    12  59.9   11.3  115.6   66.2 1149.0 S 0.69 -
 380   13   13     6 0/0/0/0/0                1300.0  1020.0    54.0   121.7   76.0   84.0     0 6/11/2/6/1/3          2    10  60.7   10.5  145.0   52.3 1299.0 S 0.85 -
 390   13   13     6 0/0/0/0/0                1300.0  1020.0    42.8    27.4   78.0   84.0     0 6/11/2/6/1/3          2     8  61.8   10.8  175.4   42.8 1299.0 S 0.85 -
 400   13   13     6 0/0/0/0/0                1300.0  1020.0    43.9    82.5   79.0   84.0     0 6/12/2/6/1/3          2    12  60.3   11.2   54.3   37.6 1299.0 S 0.85 -
 410   13   13     6 0/0/0/0/0                1300.0  1020.0    32.0   125.7   79.0   84.0     0 6/12/2/6/1/3          2     9  62.0   11.0   85.0   32.0 1299.0 S 0.85 -
 420   13   13     6 0/0/0/0/0                1300.0  1020.0    41.2    15.6   81.0   84.0     0 6/12/2/6/1/3          2    12  62.4   10.7   52.2   28.3 1299.0 S 1.00 -
 430   13   13     6 0/0/0/0/0                1300.0  1020.0    46.4    58.7   81.0   84.0     0 6/12/2/6/2/3          2    10  60.1   11.1   99.1   30.2 1299.0 S 1.00 -
 440   13   13     6 0/0/0/0/0                1300.0  1020.0    44.0   108.7   81.0   84.0     0 6/12/2/6/2/3          2    12  61.1   10.4   70.0   44.0 1299.0 S 1.00 -
 450   13   13     6 0/0/0/0/0                1300.0  1020.0    49.8    32.0   83.0   84.0     0 6/12/2/6/2/3          2    13  60.2   11.1   97.0   43.2 1299.0 S 0.85 -
 460   13   13     6 0/0/0/0/0                1300.0  1020.0    41.8    72.2   83.0   84.0     0 6/12/2/6/2/3          2     7  58.7   11.2  206.1   40.4 1299.0 S 0.85 -
 470   13   13     6 0/0/0/0/0                1300.0  1020.0    46.1   143.8   81.0   98.0     0 7/12/2/6/2/3          2    16  61.3   11.0   69.1   35.1 1299.0 S 0.85 -
 480   13   13     6 0/0/0/0/0                1300.0  1020.0    39.2    29.0   83.0   98.0     0 7/12/2/6/2/3          2     7  61.6   10.6  146.7   38.2 1299.0 S 1.00 -
 490   13   13     6 0/0/0/0/0                1300.0  1020.0    31.4    56.1   83.0   98.0     0 7/12/2/6/2/3          2     7  59.5   10.8  219.6   22.1 1299.0 S 1.00 -
 500   13   13     6 0/0/0/0/0                1300.0  1020.0    43.0    84.9   84.0   98.0     0 7/13/2/6/2/3          2    13  62.2   11.0   79.8   21.2 1299.0 S 1.00 -
 510   13   13     6 0/0/0/0/0                1300.0  1020.0    63.2   135.9   84.0   98.0     0 7/13/2/6/2/3          2    14  61.7   11.1   50.0   42.2 1299.0 S 0.85 -
 520   13   13     6 0/0/0/0/0                1300.0  1020.0    56.0     9.0   86.0   98.0     0 7/13/2/6/2/3          2     6  62.3   11.1  114.4   53.6 1299.0 S 0.85 -
 530   13   13     6 0/0/0/0/0                1300.0  1020.0    78.7    57.0   86.0   98.0     0 7/13/2/6/3/3          2    15  59.6   11.1   40.0   51.2 1299.0 S 0.85 -
 540   13   13     6 0/0/0/0/0                1300.0  1020.0    97.0   118.7   86.0   98.0     0 7/13/2/6/3/3          2    15  60.2   11.3   60.0   72.8 1299.0 S 0.85 -
 550   13   13     6 0/0/0/0/0                1300.0  1020.0    86.3    12.6   88.0   98.0     0 7/13/2/6/3/3          2    12  59.5   10.5  104.5   86.3 1299.0 S 0.85 -
 560   15   13     8 0/0/0/0/0                1300.0  1020.0    76.8    46.4   88.0   98.0     0 7/13/2/6/4/3          2     8  61.8   11.0  156.0   73.9 1299.0 S 0.87 -
 570   17   15    10 0/0/0/0/0                1300.0  1020.0    95.2    93.7   88.0   98.0     0 7/13/2/6/4/3          2    13  61.5   10.8   50.0   76.3 1298.0 S 0.82 -
 580   18   17    11 0/0/0/0/0                1300.0  1020.0    87.8   157.4   88.0   98.0     0 7/13/2/6/4/3          2    12  62.8   10.8   55.0   81.6 1299.0 S 0.89 -
 590   19   18    12 0/0/0/0/0                1300.0  1020.0    75.7    29.3   90.0   98.0     0 7/13/2/6/4/3          2     7  63.6   10.2  166.0   75.7 1299.0 S 0.89 -
 600   19   19    12 0/0/0/0/0                1450.0  1140.0    63.4   111.1   92.0   98.0     0 7/13/2/7/4/3          2    15  61.2   11.2   45.8   62.3 1299.0 S 0.89 -
 610   19   19    12 0/0/0/0/0                1450.0  1140.0    65.3   138.1   92.0   98.0     0 7/13/2/7/4/3          2     9  63.0   11.1   65.0   58.4 1449.0 S 0.89 -
 620   19   19    12 0/0/0/0/0                1450.0  1140.0    68.8    32.4   94.0   98.0     0 7/13/2/7/4/3          2    14  62.8   10.8   89.1   58.8 1449.0 S 0.89 -
 630   19   19    12 0/0/0/0/0                1450.0  1140.0    47.6    68.8   94.0   98.0     0 7/13/2/7/4/3          2     6  62.2   10.6  246.1   47.6 1449.0 S 0.89 -
 640   19   19    12 0/0/0/0/0                1450.0  1140.0    43.4    68.8   94.0   98.0     0 7/13/2/7/4/3          2     5  64.5   10.6  229.6   39.9 1449.0 S 0.84 -
 650   19   19    12 0/0/0/0/0                1450.0  1140.0    15.6    78.7   94.0   98.0     0 7/13/2/7/4/3          2     2  63.2   10.2  244.9   15.6 1449.0 S 0.84 -
 660   19   19    12 0/0/0/0/0                1450.0  1140.0    15.1    78.7   94.0   98.0     0 7/13/2/7/4/3          2     6  62.9   11.0  240.1   10.0 1449.0 S 0.84 -
 670   19   19    12 0/0/0/0/0                1450.0  1140.0    11.7    78.7   94.0   98.0     0 7/13/2/7/4/3          2     5  63.6   10.5  246.6    8.6 1449.0 S 0.79 -
 680   19   19    12 0/0/0/0/0                1450.0  1140.0     2.0    78.7   94.0   98.0     0 7/13/2/7/4/3          2     5  63.9   10.7  240.4    2.0 1449.0 S 0.79 -
 690   19   19    12 0/0/0/0/0                1450.0  1140.0    34.4    78.7   94.0   98.0     0 7/13/2/7/5/3          2    12  62.1   11.0   90.9    1.3 1449.0 S 0.79 -
 700   19   19    12 0/0/0/0/0                1450.0  1140.0    39.2   109.2   94.0   98.0     0 7/13/2/7/5/3          2    14  62.3   10.7   35.0   30.0 1449.0 S 0.79 -
 710   19   19    12 0/0/0/0/0                1450.0  1140.0    42.2   165.7   94.0   98.0     0 7/13/2/7/5/3          2    12  62.1   11.0   30.0   38.9 1449.0 S 0.79 -
 720   19   19    12 0/0/0/0/0                1450.0  1140.0    40.7    33.7   94.0  112.0     0 8/13/2/7/5/3          2    10  60.1   11.1  147.6   33.3 1449.0 S 0.79 -
 730   19   19    12 0/0/0/0/0                1450.0  1140.0    44.4    92.9   94.0  112.0     0 8/13/2/7/5/3          2    15  62.7   10.6   25.0   28.4 1449.0 S 0.79 -
 740   19   19    12 0/0/0/0/0                1450.0  1140.0    43.2   142.7   94.0  112.0     0 8/13/2/7/5/3          2    12  62.1   10.4   35.0   38.3 1449.0 S 0.79 -
 750   19   19    12 0/0/0/0/0                1450.0  1140.0    46.8   180.0   94.0  112.0     0 8/13/2/7/5/3          2     9  62.2   11.1   20.0   39.2 1449.0 S 0.79 -
 760   19   19    12 0/0/0/0/0                1450.0  1140.0    38.2     3.7   96.0  112.0     0 8/13/2/7/5/3          2     6  62.9   11.1   96.5   38.2 1449.0 S 0.79 -
 770   19   19    12 0/0/0/0/0                1450.0  1140.0    21.1    53.6   97.0  112.0     0 8/14/2/7/5/3          2     9  63.1   10.6  124.9   18.4 1449.0 S 0.79 -
 780   19   19    12 0/0/0/0/0                1450.0  1140.0    42.5    60.7   97.0  112.0     0 8/14/2/7/5/3          2    10  63.0   10.9   45.0   20.6 1449.0 S 0.89 -
 790   19   19    12 0/0/0/0/0                1450.0  1140.0    47.5   118.5   97.0  112.0     0 8/14/2/7/5/3          2    13  62.7   11.4   40.0   36.1 1449.0 S 0.89 -
 800   19   19    12 0/0/0/0/0                1450.0  1140.0    31.9   192.0   97.0  112.0     0 8/14/2/7/5/3          2    12  62.2   10.6   60.0   31.9 1449.0 S 0.89 -
 810   19   19    12 0/0/0/0/0                1450.0  1140.0    26.0    23.7  101.0  112.0     0 8/14/3/7/5/3          2     7  62.5   10.9  198.0   21.9 1449.0 S 0.89 -
 820   19   19    12 0/0/0/0/0                1450.0  1140.0    25.3    55.4  101.0  112.0     0 8/14/3/7/5/3          2    12  63.2   10.3   15.0   21.4 1449.0 S 0.89 -
 830   19   19    12 0/0/0/0/0                1450.0  1140.0    37.2   112.8  101.0  112.0     0 8/14/3/7/5/3          2    12  61.3   11.3   35.0   24.4 1449.0 S 0.89 -
 840   21   19    14 0/0/0/0/0                1450.0  1140.0    36.5   154.1  101.0  112.0     0 8/14/3/7/5/3          2    13  62.4   10.7   70.0   27.9 1449.0 S 0.86 -
 850   23   21    16 0/0/0/0/0                1450.0  1140.0    28.1    11.9  103.0  112.0     0 8/14/3/7/5/3          2     9  63.2   10.7   15.8   28.1 1449.0 S 0.96 -
 860   23   23    16 0/0/0/0/0                1450.0  1140.0    28.5    21.0  104.0  112.0     0 8/14/3/7/5/4          2     7  63.9   11.0  108.7   21.8 1449.0 S 0.96 -
 870   25   23    18 0/0/0/0/0                1450.0  1140.0    44.6    46.8  104.0  112.0     0 8/14/3/7/5/4          2    14  64.2   10.3   20.0   25.2 1449.0 S 1.00 -
 880   25   25    18 0/0/0/0/0                1450.0  1140.0    62.5    99.3  104.0  112.0     0 8/14/3/7/5/4          2    15  62.8   11.2   25.0   41.5 1449.0 S 1.00 -
 890   25   25    18 0/0/0/0/0                1450.0  1140.0    48.0   148.2  104.0  112.0     0 8/14/3/7/5/4          2    10  64.0   10.7   60.0   43.9 1449.0 S 0.96 -
 900   25   25    18 0/0/0/0/0                1450.0  1140.0    45.0   185.8  104.0  112.0     0 8/14/3/7/5/4          2    10  63.2   10.9   25.0   42.3 1448.4 S 0.96 -
 910   25   25    18 0/0/0/0/0                1450.0  1140.0    30.1    25.0  107.0  112.0     0 8/14/3/7/5/5          2     7  62.6   10.7  112.4   26.1 1449.0 S 0.92 -
 920   25   25    18 0/0/0/0/0                1450.0  1140.0    39.4    70.6  107.0  112.0     0 8/14/3/7/5/5          2    16  62.9   10.6   10.0   25.7 1449.0 S 0.88 -
 930   25   25    18 0/0/0/0/0                1450.0  1140.0    47.2   100.1  107.0  112.0     0 8/14/3/7/5/5          2    11  64.0   10.7   30.0   37.8 1449.0 S 0.88 -
 940   25   25    18 0/0/0/0/0                1450.0  1140.0    53.3   129.4  107.0  112.0     0 8/14/3/7/5/5          2    13  62.3   11.0   40.0   46.5 1449.0 S 0.88 -
 950   25   25    18 0/0/0/0/0                1450.0  1140.0    68.3   175.5  107.0  112.0     0 8/14/3/7/5/5          2    14  62.0   10.9   50.0   47.0 1449.0 S 0.88 -
 960   25   25    18 0/0/0/0/0                1450.0  1140.0    44.3    23.8  109.0  112.0     0 8/14/3/7/5/5          2     8  63.4   10.6  194.8   44.3 1449.0 S 0.92 -
 970   25   25    18 0/0/0/0/0                1450.0  1140.0    32.3    81.8  110.0  112.0     0 8/14/3/7/5/6          2    11  61.4   10.9  118.9   32.2 1449.0 S 0.88 -
 980   25   25    18 0/0/0/0/0                1450.0  1140.0    35.2   106.2  110.0  112.0     0 8/14/3/7/5/6          2    13  61.6   10.8   45.0   24.4 1449.0 S 0.88 -
 990   25   25    18 0/0/0/0/0                1450.0  1140.0    43.8   120.7  110.0  112.0     0 8/14/3/7/5/6          2    10  63.2   11.0   50.0   20.9 1449.0 S 0.88 -
1000   25   25    18 0/0/0/0/0                1450.0  1140.0    39.3   174.7  110.0  112.0     0 8/14/3/7/5/6          2    12  63.0   10.4   45.0   35.7 1449.0 S 0.88 -
1010   25   25    18 0/0/0/0/0                1450.0  1140.0    39.5   213.3  110.0  112.0     0 8/14/3/7/5/6          2    13  62.4   11.0   15.0   35.6 1448.0 S 0.84 -
1020   25   25    18 0/0/0/0/0                1450.0  1140.0    38.8    55.2  112.0  112.0     0 8/14/3/7/5/6          2    10  61.7   10.6  163.2   28.1 1449.0 S 0.88 -
1030   25   25    18 0/0/0/0/0                1450.0  1140.0    35.2    96.4  110.0  126.0     0 9/14/3/7/5/6          2    12  61.9   10.9   95.0   33.2 1449.0 S 0.92 -
1040   25   25    18 0/0/0/0/0                1450.0  1140.0    30.1   125.5  110.0  126.0     0 9/14/3/7/5/6          2    10  63.2   10.8   50.0   27.9 1449.0 S 0.92 -
1050   25   25    18 0/0/0/0/0                1450.0  1140.0    35.5   203.7  110.0  126.0     0 9/14/3/7/5/6          2    14  61.5   10.9   15.0   28.6 1449.0 S 0.88 -
1060   25   25    18 0/0/0/0/0                1450.0  1140.0    29.6    40.6  112.0  126.0     0 9/14/3/7/5/6          2    12  62.3   10.6  149.3   29.6 1449.0 S 0.88 -
1070   25   25    18 0/0/0/0/0                1450.0  1140.0    18.3    40.6  112.0  126.0     0 9/14/3/7/5/6          2     4  62.7   10.6  226.5   18.1 1449.0 S 0.88 -
1080   25   25    18 0/0/0/0/0                1450.0  1140.0    15.8    47.1  112.0  126.0     0 9/14/3/7/5/6          2     7  62.9   10.8  227.3    7.4 1449.0 S 0.84 -
1090   25   25    18 0/0/0/0/0                1450.0  1140.0    47.9    53.1  113.0  126.0     0 9/15/3/7/5/6          2    12  62.4   10.9   52.9   10.4 1449.0 S 0.84 -
1100   25   25    18 0/0/0/0/0                1450.0  1140.0    44.7   124.4  113.0  126.0     0 9/15/3/7/5/6          2    16  62.5   10.6   40.0   39.0 1449.0 S 0.84 -
1110   26   25    19 0/0/0/0/0                1450.0  1140.0    40.1   150.7  113.0  126.0     0 9/15/3/7/5/6          2     8  62.9   11.0   70.0   33.3 1449.0 S 0.88 -
1120   26   26    19 0/0/0/0/0                1450.0  1140.0    38.1   190.6  113.0  126.0     0 9/15/3/7/5/6          2    13  62.9   10.7    5.0   29.6 1449.0 S 0.88 -
1130   28   26    21 0/0/0/0/0                1450.0  1140.0    21.9    19.5  115.0  126.0     0 9/15/3/7/5/6          2     7  63.3   11.0  174.3   21.9 1449.0 S 0.89 -
1140   29   28    22 0/0/0/0/0                1600.0  1260.0    12.5    19.5  117.0  126.0     0 9/15/3/8/5/6          2     6  62.5   10.2  149.5    7.0 1449.0 S 0.90 -
1150   30   29    23 0/0/0/0/0                1600.0  1260.0    22.5    56.7  117.0  126.0     0 9/15/3/8/5/6          2    13  63.3   11.0   20.0    9.5 1599.0 S 0.83 -
1160   30   30    23 0/0/0/0/0                1600.0  1260.0    37.7    56.7  117.0  126.0     0 9/15/3/8/5/6          2    11  63.5   10.6   15.0   12.9 1599.0 S 0.90 -
1170   30   30    23 0/0/0/0/0                1600.0  1260.0    34.2   102.4  117.0  126.0     0 9/15/3/8/5/6          2    15  64.4   10.8   20.0   23.2 1599.0 S 0.87 -
1180   31   30    24 0/0/0/0/0                1600.0  1260.0    56.8   118.5  117.0  126.0     0 9/15/3/8/5/6          2    11  64.2   10.9    5.0   32.5 1599.0 S 0.81 -
1190   31   31    24 0/0/0/0/0                1600.0  1260.0    41.3   170.4  117.0  126.0     0 9/15/3/8/5/6          2    14  63.8   10.6   45.0   33.5 1599.0 S 0.87 -
1200   31   31    24 0/0/0/0/0                1600.0  1260.0    36.7     6.5  119.0  126.0     0 9/15/3/8/5/6          2    10  62.7   10.7   53.1   36.7 1599.0 S 0.84 -
1210   31   31    24 0/0/0/0/0                1750.0  1380.0    25.5    26.0  121.0  126.0     0 9/15/3/9/5/6          2    11  61.4   10.6   91.3   16.3 1599.0 S 0.87 -
1220   31   31    24 0/0/0/0/0                1750.0  1380.0    30.5    53.0  121.0  126.0     0 9/15/3/9/5/6          2    12  62.1   11.1    5.0   21.9 1748.0 S 0.87 -
1230   31   31    24 0/0/0/0/0                1750.0  1380.0    33.5    89.9  121.0  126.0     0 9/15/3/9/5/6          2    15  62.3   10.6   25.0   23.6 1749.0 S 0.84 -
1240   31   31    24 0/0/0/0/0                1750.0  1380.0    36.7   151.0  121.0  126.0     0 9/15/3/9/5/6          2    17  62.6   10.7   25.0   14.4 1749.0 S 0.84 -
1250   31   31    24 0/0/0/0/0                1750.0  1380.0    21.8   187.5  121.0  126.0     0 9/15/3/9/5/6          2    11  62.6   11.1   15.0   19.6 1749.0 S 0.87 -
1260   31   31    24 0/0/0/0/0                1750.0  1380.0    38.4   192.7  121.0  126.0     0 9/15/3/9/5/6          2    11  63.0   10.7   10.0   20.8 1749.0 S 0.87 -
1270   31   31    24 0/0/0/0/0                1750.0  1380.0    25.7    15.2  123.0  126.0     0 9/15/3/9/5/6          2     9  63.6   10.8  119.3   22.4 1749.0 S 0.84 -
1280   31   31    24 0/0/0/0/0                1900.0  1500.0    14.8    27.5  125.0  126.0     0 9/15/3/10/5/6         2     8  63.3   10.9  159.5    9.8 1749.0 S 0.84 -
1290   31   31    24 0/0/0/0/0                1900.0  1500.0    34.0    27.5  125.0  126.0     0 9/15/3/10/5/6         2    11  63.1   10.6   20.0    8.9 1899.0 S 0.84 -
1300   31   31    24 0/0/0/0/0                1900.0  1500.0    30.6    78.1  125.0  126.0     0 9/15/3/10/5/6         2    14  62.2   10.7   55.0   18.3 1899.0 S 0.84 -
1310   31   31    24 0/0/0/0/0                1900.0  1500.0    50.5   105.5  125.0  126.0     0 9/15/3/10/5/6         2    16  62.0   10.6   65.0   28.6 1899.0 S 0.87 -
1320   31   31    24 0/0/0/0/0                1900.0  1500.0    52.9   158.8  125.0  126.0     0 9/15/3/10/5/6         2    15  61.9   10.6   55.0   38.9 1898.6 S 0.87 -
1330   31   31    24 0/0/0/0/0                1900.0  1500.0    44.0   206.2  125.0  126.0     0 9/15/3/10/5/6         2    13  61.9   10.7   90.0   38.7 1899.0 S 0.87 -
1340   31   31    24 0/0/0/0/0                1750.0  1380.0    16.0    46.4  127.0  126.0     1 9/15/3/9/5/6          2    10  61.8   11.0  199.1   14.9 1749.0 S 0.90 -
1350   27   27    24 0/4/0/0/0                1750.0  1380.0     4.3    46.4  127.0  126.0     0 9/15/3/9/5/6          2     7  62.0   10.3  229.6    0.0 1749.0 L 0.93 -
1360   26   26    24 0/5/0/0/0                1750.0  1380.0     0.0    46.4  127.0  126.0     0 9/15/3/9/5/6          2     4  62.6   10.5  246.6    0.0 1749.0 L 0.96 -
1370   14   14    24 0/17/0/0/0               1750.0  1380.0     3.1    46.4  127.0  126.0     0 9/15/3/9/5/6          2     4  61.8   11.2  246.6    0.0 1749.0 L 0.93 -
1380    0    0    24 0/31/0/0/0               1750.0  1380.0     0.0    46.4  127.0  126.0     0 9/15/3/9/5/6          2     0  63.3   10.4  246.6    0.0 1750.0 L 0.00 -
1390    0    0    24 0/31/0/0/0               1750.0  1380.0     0.0    46.4  127.0  126.0     0 9/15/3/9/5/6          2     0   0.0    0.0  246.6    0.0 1750.0 L 0.00 -
1400    0    0    24 0/31/0/0/0               1750.0  1380.0     0.0    46.4  127.0  126.0     0 9/15/3/9/5/6          2     0   0.0    0.0  246.6    0.0 1750.0 L 0.00 -
1410    0    0    24 0/31/0/0/0               1750.0  1380.0     0.0    46.4  127.0  126.0     0 9/15/3/9/5/6          2     0   0.0    0.0  246.6    0.0 1750.0 L 0.00 -
1420    0    0    24 0/31/0/0/0               1750.0  1380.0     0.0    46.4  127.0  126.0     0 9/15/3/9/5/6          2     0   0.0    0.0  246.6    0.0 1750.0 L 0.00 -
1430    0    0    24 0/31/0/0/0               1750.0  1380.0     0.0    46.4  127.0  126.0     0 9/15/3/9/5/6          2     0   0.0    0.0  246.6    0.0 1750.0 L 0.00 -
1440    0    0    24 0/31/0/0/0               1750.0  1380.0     0.0    46.4  127.0  126.0     0 9/15/3/9/5/6          2     0   0.0    0.0  246.6    0.0 1750.0 L 0.00 -
1450    0    0    24 0/31/0/0/0               1750.0  1380.0     0.0    46.4  127.0  126.0     0 9/15/3/9/5/6          2     0   0.0    0.0  246.6    0.0 1750.0 L 0.00 -
1460    0    0    24 0/31/0/0/0               1750.0  1380.0     0.0    46.4  127.0  126.0     0 9/15/3/9/5/6          2     0   0.0    0.0  246.6    0.0 1750.0 L 0.00 -
1470    0    0    24 0/31/0/0/0               1750.0  1380.0     0.0    46.4  127.0  126.0     0 9/15/3/9/5/6          2     0   0.0    0.0  246.6    0.0 1750.0 L 0.00 -
1480    0    0    24 0/31/0/0/0               1750.0  1380.0     0.0    46.4  127.0  126.0     0 9/15/3/9/5/6          2     0   0.0    0.0  246.6    0.0 1750.0 L 0.00 -
1490    0    0    24 0/31/0/0/0               1750.0  1380.0     0.0    46.4  127.0  126.0     0 9/15/3/9/5/6          2     0   0.0    0.0  246.6    0.0 1750.0 L 0.00 -
1500    0    0    24 0/31/0/0/0               1750.0  1380.0     0.0    46.4  127.0  126.0     0 9/15/3/9/5/6          2     0   0.0    0.0  246.6    0.0 1750.0 L 0.00 -

targets for seed 1234 (1500 sols):
  T1 FAIL run min pop 0 (needs >= 5), final pop 0
  T2 PASS deaths 31 (air 0 thirst 31 hunger 0 eva 0 other 0), unexplained 0
  T3 PASS births 24, first_birth_sol 278, at_capacity 0, cooldown_violations 0, pop@30=7, pop@100=7, pop@300=13
  T4 PASS min O2 261.5, food 203.1; ice ran dry (pressure): min ice 0.0, ice>30 0.0, thirst deaths 31; max ice/target 1.08, regolith/target 0.38
  T5 FAIL demand>supply 11.20% of steps (<=10), max shorts/sol 1 (<=2), max offline 4144.6 h (<=24.7), first new reactor sol 5 (<=15)
  T6 PASS limited 17413.4 h = 47.08% (>=2% provisional; 4 of 5 seeds), site busy 41.7%; waiting_regolith 3510.0 h, site_no_crew 13903.4 h
  T7 PASS turn_backs_air 0, exhausted 258, reachable>=2 at 100.0% of 1500 sol samples (>=95), trips 1500
  T8 FAIL row avg energy 0.0..64.5 (40..90), row asleep 0.0..12.8% (5..30), max sleep 8.8 h (<=18)
  T9 N/A  checked by repeating the run and by tests/test_determinism.gd (compare the table sha256)
  T10 FAIL first settlement sol 310 (40..150), age_changes 2 (<=4), min gap between consecutive history entries 310 (>=20), history 3 entries (changes+1 = 3); report: sols_in_age landing 462 settlement 1038 council 0, age at end landing, changes [sol 310 settled; sol 1348 fell_back (cause power)], fall back causes [sol 1348 power], not-ok sols 126 (by group, a sol can fail several: ice 64, food 1, oxygen 1, power 47, death 16, unrest 53)
  T11 FAIL (1) list lengths 1501/1501/1501/1501 ok; (2) lonely mean of last 50 readings 0.000 (max 0.35) ok; (3) friends_mean 0.00 (1.0..15.0) BAD; (4) first_friendship_sol 109 ok; (5) lines_dropped (total) 0 ok; report: web 0.00 second 0.00 lonely 0.00 friends_mean 0.00 friends share of colony 0.000 (pop 0)
  T12 PASS (1) list lengths 1501/1501/1501 ok; (2) C2 ok; (3) council changes 0 (<=4) ok; (4) proposals 0 ok; (5) one Council line per boundary ok; report: first Council sol <null>, meetings 0, proposals [], pledge sol <null> reason -, lines {"circles_few":2}, dropped 0; council_min_seeds 3 pledge_min_seeds 1
RESULT FAIL (target 9 determinism: table sha256 40ca8820c330584a)
