Godot Engine v4.5.stable.official.876b29033 - https://godotengine.org

# station zero balance run: seed=2026 sols=1500 overrides=[colony.consumption.ice_stage_mult={ "baby": 0.3, "toddler": 0.5, "child": 0.75, "teen": 1.0, "adult": 1.0 } buildings.reonline.load_fraction=1.0 resources.throughput.commute_pause=false] fixed_step=0.05 data_hash=069bd790548c2c7c
# deaths and births are cumulative; shorts, trips, energy, asleep, wait, min_* are for the 30-sol window
 sol  pop  min birth dead a/t/h/o/x           oxygen    food     ice   regol   dmnd   supp short bldg R/H/W/G/A/C  reach trips  avgE asleep%  waitH minIce  minO2 age web cn
  10    7    7     0 0/0/0/0/0                 389.9   296.2    60.1    72.2   13.0   14.0     0 1/1/1/1/0/0           2     6  56.9   10.6  170.7   60.1  263.5 L 1.00 -
  20    7    7     0 0/0/0/0/0                 550.0   420.0    70.4   122.8   11.0   28.0     0 2/1/1/1/0/0           2    12  54.7   11.1  113.3   56.9  390.0 L 1.00 -
  30    7    7     0 0/0/0/0/0                 550.0   420.0    89.0   173.9   11.0   28.0     0 2/1/1/1/0/0           2    13  57.2   11.9    0.0   68.4  549.0 L 1.00 -
  40    7    7     0 0/0/0/0/0                 550.0   420.0    84.4   153.9   14.0   28.0     0 2/2/1/1/0/0           2     8  57.2   10.8   42.3   79.1  549.0 L 1.00 -
  50    7    7     0 0/0/0/0/0                 550.0   420.0    89.5   188.9   14.0   28.0     0 2/2/1/1/0/0           2    10  57.8   10.6    0.0   82.8  548.6 L 1.00 -
  60    7    7     0 0/0/0/0/0                 550.0   420.0   114.4   162.2   16.0   28.0     0 2/2/1/1/0/0           2     8  54.1   10.4   19.2   88.8  549.0 L 1.00 -
  70    7    7     0 0/0/0/0/0                 550.0   420.0   102.4   191.8   16.0   28.0     0 2/2/1/1/0/0           2     7  52.0   11.6  218.5  102.4  548.6 L 1.00 -
  80    7    7     0 0/0/0/0/0                 550.0   420.0   113.6   141.3   20.0   28.0     0 2/3/1/1/0/1           2     6  57.6   10.6  114.6   98.0  548.9 L 1.00 -
  90    7    7     0 0/0/0/0/0                 550.0   420.0   102.9   149.1   22.0   28.0     0 2/3/1/1/0/1           2    10  51.3   11.5  211.3   99.2  549.0 L 1.00 -
 100    7    7     0 0/0/0/0/0                 550.0   420.0    93.8   173.4   22.0   28.0     0 2/3/1/1/1/1           2     5  54.0   11.1  238.6   93.8  548.4 L 1.00 -
 110    7    7     0 0/0/0/0/0                 550.0   420.0    95.3    65.7   27.0   28.0     0 2/4/1/1/1/1           2     6  58.1   10.5   97.2   89.4  548.9 L 1.00 -
 120    7    7     0 0/0/0/0/0                 550.0   420.0   103.2    59.5   27.0   42.0     0 3/4/1/1/1/1           2    13  52.4   11.6  166.5   88.5  548.3 L 1.00 -
 130    7    7     0 0/0/0/0/0                 550.0   420.0   102.4    73.5   27.0   42.0     0 3/4/1/1/1/1           2     7  56.8   10.7  229.0   98.2  548.1 L 1.00 -
 140    7    7     0 0/0/0/0/0                 550.0   420.0    89.3   151.1   28.0   42.0     0 3/5/1/1/1/1           2    11  49.8   11.8  127.8   89.3  549.0 L 1.00 -
 150    7    7     0 0/0/0/0/0                 550.0   420.0    76.3    35.5   34.0   42.0     0 3/5/2/1/1/1           2    10  56.5   11.3  184.7   76.3  548.2 L 0.86 -
 160    7    7     0 0/0/0/0/0                 550.0   420.0    96.5     1.4   37.0   42.0     0 3/6/2/1/1/1           2    14  53.9   10.9   54.2   74.7  549.0 L 0.86 -
 170    7    7     0 0/0/0/0/0                 550.0   420.0    87.7    68.1   39.0   42.0     0 3/6/3/1/1/1           2    10  54.1   11.8  199.1   84.4  548.7 L 0.86 -
 180    7    7     0 0/0/0/0/0                 550.0   420.0    88.7    23.2   41.0   42.0     0 3/6/3/1/1/1           2     9  59.8   12.2  154.0   84.7  548.7 L 0.86 -
 190    7    7     0 0/0/0/0/0                 549.8   420.0    82.7    23.2   41.0   56.0     0 4/6/3/1/1/1           2    16  53.5   10.7   87.7   82.2  548.7 L 0.86 -
 200    7    7     0 0/0/0/0/0                 700.0   540.0    91.3   112.7   43.0   56.0     0 4/6/3/2/1/1           2    13  53.1   11.4   56.4   82.5  549.0 L 0.71 -
 210    7    7     0 0/0/0/0/0                 700.0   540.0    82.6    59.8   45.0   56.0     0 4/6/3/2/1/1           2     8  54.6   11.2  199.0   76.6  699.0 L 0.71 -
 220    7    7     0 0/0/0/0/0                 700.0   540.0    84.5    32.6   47.0   56.0     0 4/6/3/2/2/1           2    15  53.6   11.3   86.6   76.3  698.6 L 0.71 -
 230    7    7     0 0/0/0/0/0                 700.0   540.0    79.8    99.3   47.0   56.0     0 4/6/3/2/3/1           2    11  54.9   11.8   97.5   76.3  698.7 L 0.71 -
 240    7    7     0 0/0/0/0/0                 700.0   540.0    88.6    45.9   49.0   56.0     0 4/6/3/2/3/1           2    12  54.5   11.2  117.1   78.0  698.5 L 0.71 -
 250    7    7     0 0/0/0/0/0                 700.0   540.0    83.1    80.6   49.0   56.0     0 4/6/3/2/3/1           2     8  57.3   10.4  217.2   78.5  699.0 L 0.71 -
 260    7    7     0 0/0/0/0/0                 722.9   556.4    76.1    53.5   54.0   56.0     0 4/7/3/3/3/1           2    11  52.8   12.0  113.6   76.1  699.0 L 0.71 -
 270    7    7     0 0/0/0/0/0                 850.0   660.0    81.5    38.7   56.0   56.0     0 4/7/3/3/3/1           2    17  56.5   11.6  114.6   73.2  723.1 L 0.71 -
 280    7    7     0 0/0/0/0/0                 850.0   660.0    78.8   106.9   54.0   70.0     0 5/7/3/3/3/1           2    11  53.5   10.8  106.1   70.6  849.0 L 0.71 -
 290    7    7     0 0/0/0/0/0                 850.0   660.0    86.8    24.9   56.0   70.0     0 5/7/3/3/3/1           2    10  55.2   11.1  183.8   72.2  849.0 L 0.71 -
 300    7    7     0 0/0/0/0/0                 850.0   660.0    84.9    68.5   57.0   70.0     0 5/8/3/3/3/1           2    11  56.2   11.4   95.9   82.5  849.0 L 0.71 -
 310   12    7     5 0/0/0/0/0                 850.0   660.0    98.3   110.3   57.0   70.0     0 5/8/3/3/3/1           2     9  60.1   11.4  100.0   84.0  849.0 L 0.92 -
 320   12   12     5 0/0/0/0/0                 850.0   660.0    77.3    55.7   59.0   70.0     0 5/8/3/3/3/1           2     9  56.9   10.6  218.9   77.3  849.0 S 0.92 -
 330   12   12     5 0/0/0/0/0                1000.0   780.0    80.1    94.6   61.0   70.0     0 5/8/3/4/3/1           2    12  59.8   11.3   36.0   71.7  849.0 S 0.92 -
 340   12   12     5 0/0/0/0/0                1000.0   780.0    76.9    20.4   63.0   70.0     0 5/8/3/4/3/1           2     8  61.3   10.6  118.6   76.9  999.0 S 0.42 -
 350   13   12     6 0/0/0/0/0                1000.0   780.0    74.3    61.0   64.0   70.0     0 5/8/3/4/3/2           2    10  60.5   11.0  144.7   63.3  999.0 S 0.46 -
 360   13   13     6 0/0/0/0/0                1000.0   780.0    83.2   104.4   64.0   70.0     0 5/8/3/4/3/2           2    16  61.5   10.9   35.0   67.3  999.0 S 0.46 -
 370   13   13     6 0/0/0/0/0                1150.0   900.0    77.1    46.3   68.0   70.0     0 5/8/3/5/3/2           2     9  60.0   11.4   83.0   73.9  999.0 S 0.38 -
 380   13   13     6 0/0/0/0/0                1150.0   900.0    68.0   108.0   68.0   70.0     0 5/8/3/5/3/2           2    13  60.4   10.3   65.0   65.9 1149.0 S 0.38 -
 390   13   13     6 0/0/0/0/0                1150.0   900.0    55.6    28.9   70.0   70.0     0 5/8/3/5/3/2           2     6  59.1   10.8  182.9   55.6 1148.6 S 0.38 -
 400   13   13     6 0/0/0/0/0                1150.0   900.0    37.3    68.3   70.0   70.0     0 5/8/3/5/3/2           2     7  62.5   11.0  246.6   37.3 1149.0 S 0.38 -
 410   13   13     6 0/0/0/0/0                1150.0   900.0    28.3    77.5   68.0   84.0     0 6/8/3/5/3/2           2     5  60.8   10.9  207.4   28.3 1149.0 S 0.38 -
 420   13   13     6 0/0/0/0/0                1150.0   900.0    50.1   106.1   68.0   84.0     0 6/8/3/5/3/2           2    12  61.3   10.7    5.0   24.2 1149.0 S 0.38 -
 430   13   13     6 0/0/0/0/0                1150.0   900.0    37.1    19.6   70.0   84.0     0 6/8/3/5/3/2           2     9  61.3   11.2  154.8   37.1 1149.0 S 0.38 -
 440   13   13     6 0/0/0/0/0                1150.0   900.0    33.8    49.9   71.0   84.0     0 6/8/3/5/3/3           2     9  61.0   11.2  104.3   33.8 1148.3 S 0.38 -
 450   13   13     6 0/0/0/0/0                1150.0   900.0    62.7   119.7   71.0   84.0     0 6/8/3/5/3/3           2    16  58.5   11.1   20.0   30.2 1149.0 S 0.38 -
 460   13   13     6 0/0/0/0/0                1150.0   900.0    57.5    37.3   73.0   84.0     0 6/8/3/5/3/3           2    12  62.8   10.9  103.5   47.0 1149.0 S 0.38 -
 470   13   13     6 0/0/0/0/0                1150.0   900.0    41.0    73.6   73.0   84.0     0 6/8/3/5/3/3           2     8  61.4   11.1  207.0   41.0 1149.0 S 0.38 -
 480   13   13     6 0/0/0/0/0                1150.0   900.0    48.4   100.2   74.0   84.0     0 6/8/3/5/3/4           2     9  59.7   11.0  137.9   40.7 1149.0 S 0.38 -
 490   13   13     6 0/0/0/0/0                1150.0   900.0    50.3    10.6   76.0   84.0     0 6/8/3/5/3/4           2    10  60.1   10.6  123.7   46.2 1149.0 S 0.38 -
 500   13   13     6 0/0/0/0/0                1150.0   900.0    36.9    61.2   76.0   84.0     0 6/8/3/5/3/4           2     8  61.5   11.5  230.1   36.9 1149.0 S 0.38 -
 510   13   13     6 0/0/0/0/0                1300.0  1020.0    48.0   130.4   78.0   84.0     0 6/8/3/6/3/4           2    15  60.5   10.9   78.8   31.7 1149.0 S 0.38 -
 520   13   13     6 0/0/0/0/0                1300.0  1020.0    33.9    40.4   80.0   84.0     0 6/8/3/6/3/4           2     8  60.1   11.3  190.7   33.9 1299.0 S 0.38 -
 530   13   13     6 0/0/0/0/0                1300.0  1020.0    35.5    64.9   81.0   84.0     0 6/9/3/6/3/4           2    10  61.8   10.5   50.5   23.6 1299.0 S 0.38 -
 540   13   13     6 0/0/0/0/0                1300.0  1020.0    55.4   117.2   81.0   84.0     0 6/9/3/6/3/4           2    13  61.2   11.2   40.0   35.2 1299.0 S 0.38 -
 550   13   13     6 0/0/0/0/0                1300.0  1020.0    36.7    30.4   83.0   84.0     0 6/9/3/6/3/4           2     8  60.5   10.8  102.9   36.7 1299.0 S 0.38 -
 560   13   13     6 0/0/0/0/0                1300.0  1020.0    40.2    48.3   81.0   98.0     0 7/9/3/6/3/4           2     8  62.3   10.8  156.4   31.3 1299.0 S 0.38 -
 570   13   13     6 0/0/0/0/0                1300.0  1020.0    54.1    87.4   81.0   98.0     0 7/9/3/6/3/4           2    15  60.9   11.1   60.0   36.4 1298.8 S 0.38 -
 580   15   13     8 0/0/0/0/0                1300.0  1020.0    67.6   147.3   81.0   98.0     0 7/9/3/6/3/4           2    14  61.2   11.1  105.0   53.3 1299.0 S 0.40 -
 590   16   15     9 0/0/0/0/0                1300.0  1020.0    56.6    58.2   83.0   98.0     0 7/9/3/6/3/4           2    11  61.8   11.0  189.3   54.4 1299.0 S 0.50 -
 600   17   16    10 0/0/0/0/0                1300.0  1020.0    36.6    77.4   83.0   98.0     0 7/9/3/6/3/4           2     5  62.9   10.5  246.6   33.9 1299.0 S 0.53 -
 610   18   17    11 0/0/0/0/0                1300.0  1020.0    18.1   106.9   83.0   98.0     0 7/9/3/6/3/4           2     6  62.0   10.4  234.9   14.9 1299.0 S 0.56 -
 620   18   18    11 0/0/0/0/0                1300.0  1020.0    15.7   106.9   84.0   98.0     0 7/10/3/6/3/4          2     7  63.1   11.2  157.0    9.8 1299.0 S 0.56 -
 630   19   18    12 0/0/0/0/0                1300.0  1020.0    56.5   145.5   84.0   98.0     0 7/10/3/6/3/4          2    15  62.6   10.8   40.0   14.2 1299.0 S 0.58 -
 640   19   19    12 0/0/0/0/0                1300.0  1020.0    62.5    41.0   86.0   98.0     0 7/10/3/6/3/4          2    11  63.3   11.1  107.3   53.8 1299.0 S 0.58 -
 650   19   19    12 0/0/0/0/0                1300.0  1020.0    48.3    69.2   86.0   98.0     0 7/10/3/6/3/4          2     6  63.3   10.5  246.6   48.3 1299.0 S 0.58 -
 660   19   19    12 0/0/0/0/0                1450.0  1140.0    52.3    80.7   88.0   98.0     0 7/10/3/7/3/4          2     9  60.9   11.1  173.0   44.4 1299.0 S 0.53 -
 670   19   19    12 0/0/0/0/0                1450.0  1140.0    51.2   147.3   88.0   98.0     0 7/10/3/7/3/4          2    15  61.6   11.0   55.0   34.2 1449.0 S 0.53 -
 680   19   19    12 0/0/0/0/0                1450.0  1140.0    61.8    35.4   90.0   98.0     0 7/10/3/7/3/4          2    13  62.3   10.6  113.6   47.6 1449.0 S 0.53 -
 690   19   19    12 0/0/0/0/0                1450.0  1140.0    33.2    75.1   90.0   98.0     0 7/10/3/7/3/4          2     6  62.0   10.5  239.7   33.2 1449.0 S 0.53 -
 700   19   19    12 0/0/0/0/0                1450.0  1140.0    25.2    81.1   90.0   98.0     0 7/10/3/7/3/4          2     5  61.6   11.1  232.5   19.7 1449.0 S 0.53 -
 710   19   19    12 0/0/0/0/0                1450.0  1140.0    38.6    89.3   91.0   98.0     0 7/11/3/7/3/4          2    12  61.1   10.8  112.8   24.0 1449.0 S 0.53 -
 720   19   19    12 0/0/0/0/0                1450.0  1140.0    37.6   135.8   91.0   98.0     0 7/11/3/7/3/4          2    13  61.8   10.5   25.0   24.6 1449.0 S 0.53 -
 730   19   19    12 0/0/0/0/0                1450.0  1140.0    41.3   189.5   91.0   98.0     0 7/11/3/7/3/4          2    12  61.9   10.6    5.0   36.3 1449.0 S 0.58 -
 740   19   19    12 0/0/0/0/0                1450.0  1140.0    29.6    46.9   93.0   98.0     0 7/11/3/7/3/4          2     9  61.9   10.6  182.0   22.8 1448.4 S 0.63 -
 750   19   19    12 0/0/0/0/0                1450.0  1140.0    50.2    54.8   94.0   98.0     0 7/12/3/7/3/4          2     8  62.1   11.3   93.0   26.4 1449.0 S 0.58 -
 760   19   19    12 0/0/0/0/0                1450.0  1140.0    49.5   120.5   94.0   98.0     0 7/12/3/7/3/4          2    15  61.2   11.2   50.0   35.1 1449.0 S 0.58 -
 770   19   19    12 0/0/0/0/0                1450.0  1140.0    40.7    18.6   96.0   98.0     0 7/12/3/7/3/4          2    13  61.0   10.5  113.0   37.9 1449.0 S 0.58 -
 780   19   19    12 0/0/0/0/0                1450.0  1140.0    41.8    45.3   96.0   98.0     0 7/12/3/7/3/4          2     8  61.1   10.8  231.0   30.4 1449.0 S 0.58 -
 790   19   19    12 0/0/0/0/0                1450.0  1140.0    32.0    71.0   94.0  112.0     0 8/12/3/7/3/4          2    10  61.1   10.9  141.2   28.9 1449.0 S 0.58 -
 800   19   19    12 0/0/0/0/0                1450.0  1140.0    50.6   100.7   94.0  112.0     0 8/12/3/7/3/4          2    12  62.2   10.5   50.0   31.7 1449.0 S 0.58 -
 810   19   19    12 0/0/0/0/0                1450.0  1140.0    56.4   144.0   94.0  112.0     0 8/12/3/7/3/4          2    15  61.9   11.0   50.0   41.0 1449.0 S 0.58 -
 820   19   19    12 0/0/0/0/0                1450.0  1140.0    42.6    45.3   96.0  112.0     0 8/12/3/7/3/4          2    10  61.6   11.4  121.0   42.6 1449.0 S 0.58 -
 830   19   19    12 0/0/0/0/0                1600.0  1260.0    40.5    94.9   98.0  112.0     0 8/12/3/8/3/4          2    13  60.9   10.5  117.2   38.3 1449.0 S 0.58 -
 840   19   19    12 0/0/0/0/0                1600.0  1260.0    35.5   158.4   98.0  112.0     0 8/12/3/8/3/4          2    11  61.7   10.8   75.0   35.2 1599.0 S 0.58 -
 850   19   19    12 0/0/0/0/0                1600.0  1260.0    42.1    25.0  100.0  112.0     0 8/12/3/8/3/4          2    13  60.3   10.9  148.0   24.0 1599.0 S 0.58 -
 860   20   19    13 0/0/0/0/0                1600.0  1260.0    28.2    41.8  100.0  112.0     0 8/12/3/8/3/4          2     6  61.9   11.1  228.9   24.8 1599.0 S 0.60 -
 870   21   20    14 0/0/0/0/0                1600.0  1260.0    26.6    48.1  100.0  112.0     0 8/12/3/8/3/4          2     7  62.2   10.2  236.4   21.6 1599.0 S 0.62 -
 880   23   21    16 0/0/0/0/0                1600.0  1260.0    21.8    54.7  101.0  112.0     0 8/13/3/8/3/4          2     8  62.8   10.7  165.5   16.3 1599.0 S 0.70 -
 890   23   23    16 0/0/0/0/0                1600.0  1260.0    35.9    69.2  101.0  112.0     0 8/13/3/8/3/4          2    12  62.0   10.9   40.0   14.0 1599.0 S 0.96 -
 900   23   23    16 0/0/0/0/0                1600.0  1260.0    38.3    90.1  101.0  112.0     0 8/13/3/8/3/4          2    10  63.4   10.8   75.0   21.8 1599.0 S 0.96 -
 910   24   23    17 0/0/0/0/0                1600.0  1260.0    34.5   152.6  101.0  112.0     0 8/13/3/8/3/4          2    13  63.2   10.7   35.0   26.0 1599.0 S 0.88 -
 920   25   24    18 0/0/0/0/0                1600.0  1260.0    44.2   183.1  101.0  112.0     0 8/13/3/8/3/4          2    14  61.9   10.4   20.0   30.7 1599.0 S 0.88 -
 930   25   25    18 0/0/0/0/0                1600.0  1260.0    38.8    29.3  103.0  112.0     0 8/13/3/8/3/4          2     9  61.7   11.0  202.0   35.9 1599.0 S 0.88 -
 940   25   25    18 0/0/0/0/0                1750.0  1380.0    33.6    52.0  105.0  112.0     0 8/13/3/9/3/4          2    10  61.9   11.0   59.4   19.1 1599.0 S 0.88 -
 950   25   25    18 0/0/0/0/0                1750.0  1380.0    48.5    59.9  105.0  112.0     0 8/13/3/9/3/4          2    10  60.1   10.4   50.0   26.0 1749.0 S 0.88 -
 960   25   25    18 0/0/0/0/0                1750.0  1380.0    37.7    91.5  105.0  112.0     0 8/13/3/9/3/4          2     9  62.0   10.9   55.0   31.8 1749.0 S 0.84 -
 970   25   25    18 0/0/0/0/0                1750.0  1380.0    31.7   140.1  105.0  112.0     0 8/13/3/9/3/4          2    12  61.0   10.9   60.0   21.5 1749.0 S 0.88 -
 980   25   25    18 0/0/0/0/0                1750.0  1380.0    31.6   162.9  105.0  112.0     0 8/13/3/9/3/4          2    11  60.7   10.7   75.0   23.8 1749.0 S 0.88 -
 990   25   25    18 0/0/0/0/0                1750.0  1380.0    31.1   183.3  105.0  112.0     0 8/13/3/9/3/4          2     9  62.2   11.0   65.0   21.1 1749.0 S 0.88 -
1000   25   25    18 0/0/0/0/0                1750.0  1380.0    37.2    18.4  107.0  112.0     0 8/13/3/9/3/4          2    11  61.4   10.2  164.8   26.6 1749.0 S 0.84 -
1010   25   25    18 0/0/0/0/0                1900.0  1500.0    38.2    30.6  109.0  112.0     0 8/13/3/10/3/4         2     9  60.1   11.1   83.2   18.4 1749.0 S 0.84 -
1020   25   25    18 0/0/0/0/0                1900.0  1500.0    19.9    57.0  109.0  112.0     0 8/13/3/10/3/4         2    11  61.2   10.5   60.0   16.3 1899.0 S 0.84 -
1030   25   25    18 0/0/0/0/0                1900.0  1500.0    34.0    79.5  109.0  112.0     0 8/13/3/10/3/4         2    12  61.0   10.7   50.0   19.2 1899.0 S 0.84 -
1040   25   25    18 0/0/0/0/0                1900.0  1500.0    24.3   122.9  109.0  112.0     0 8/13/3/10/3/4         2    10  61.3   10.6   55.0   22.8 1899.0 S 0.84 -
1050   25   25    18 0/0/0/0/0                1900.0  1500.0    28.7   122.9  109.0  112.0     0 8/13/3/10/3/4         2    10  60.2   10.7   40.0   15.2 1899.0 S 0.88 -
1060   25   25    18 0/0/0/0/0                1900.0  1500.0    44.0   136.3  109.0  112.0     0 8/13/3/10/3/4         2    13  63.0   11.0   25.0   16.5 1899.0 S 0.88 -
1070   25   25    18 0/0/0/0/0                1900.0  1500.0    22.0   191.8  109.0  112.0     0 8/13/3/10/3/4         2     9  60.9   10.6   45.0   22.0 1899.0 S 0.92 -
1080   25   25    18 0/0/0/0/0                1900.0  1500.0    10.6     9.8  111.0  112.0     0 8/13/3/10/3/4         2     5  62.3   10.7  217.7   10.6 1899.0 S 0.92 -
1090   25   25    18 0/0/0/0/0                1900.0  1500.0     5.1     9.8  109.0  126.0     0 9/13/3/10/3/4         2     7  61.8   11.0  176.2    0.0 1899.0 S 0.92 -
1100   24   24    18 0/1/0/0/0                1900.0  1500.0    15.8     9.8  109.0  126.0     0 9/13/3/10/3/4         2    11  61.0   10.3   40.0    0.0 1899.0 L 0.92 -
1110   24   24    18 0/1/0/0/0                1900.0  1500.0     7.7     9.8  109.0  126.0     0 9/13/3/10/3/4         2     6  63.6   11.0   30.0    2.5 1899.0 L 0.83 -
1120   24   24    18 0/1/0/0/0                1900.0  1500.0    27.1     9.8  109.0  126.0     0 9/13/3/10/3/4         2    11  60.9   10.8    0.0    5.7 1899.0 L 0.88 -
1130   24   24    18 0/1/0/0/0                1900.0  1500.0    41.9     9.8  109.0  126.0     0 9/13/3/10/3/4         2     9  62.1   10.8   15.0   18.4 1899.0 L 0.88 -
1140   24   24    18 0/1/0/0/0                1900.0  1500.0    37.9    48.8  109.0  126.0     0 9/13/3/10/3/4         2    13  62.6   10.6   20.0   31.5 1899.0 L 0.83 -
1150   25   24    19 0/1/0/0/0                1900.0  1500.0    22.6   100.2  109.0  126.0     0 9/13/3/10/3/4         2    11  62.4   10.9   40.0   22.6 1899.0 S 0.80 -
1160   27   25    21 0/1/0/0/0                1900.0  1500.0    31.9   129.7  109.0  126.0     0 9/13/3/10/3/4         2    10  59.6   10.6    0.0   20.3 1899.0 S 0.93 -
1170   27   27    21 0/1/0/0/0                1900.0  1500.0    43.8   149.4  109.0  126.0     0 9/13/3/10/3/4         2    10  63.5   10.7    0.0   17.3 1899.0 S 0.85 -
1180   27   27    21 0/1/0/0/0                1900.0  1500.0    38.2   178.4  109.0  126.0     0 9/13/3/10/3/4         2    12  62.2   10.5    5.0   35.1 1899.0 S 0.85 -
1190   27   27    21 0/1/0/0/0                1900.0  1500.0    26.3     9.1  111.0  126.0     0 9/13/3/10/3/4         2     8  62.6   11.0  125.1   26.3 1899.0 S 0.85 -
1200   28   27    22 0/1/0/0/0                1900.0  1500.0    20.2    22.6  111.0  126.0     0 9/13/3/10/4/4         2     9  61.9   10.8   77.0    3.7 1899.0 S 0.86 -
1210   28   28    22 0/1/0/0/0                1900.0  1500.0    37.4    22.6  111.0  126.0     0 9/13/3/10/4/4         2    11  62.4   10.5   15.0    8.2 1899.0 S 0.86 -
1220   29   28    23 0/1/0/0/0                1900.0  1500.0    21.7    64.9  111.0  126.0     0 9/13/3/10/4/4         2    13  61.3   10.6   35.0   21.7 1899.0 S 0.83 -
1230   29   29    23 0/1/0/0/0                1900.0  1500.0    32.5    64.9  111.0  126.0     0 9/13/3/10/4/4         2     8  61.3   10.4   10.0   21.7 1899.0 S 0.83 -
1240   29   29    23 0/1/0/0/0                1900.0  1500.0    28.7    87.3  111.0  126.0     0 9/13/3/10/4/4         2    12  61.6   10.8   35.0   22.5 1899.0 S 0.83 -
1250   29   29    23 0/1/0/0/0                1900.0  1500.0    31.8   103.2  111.0  126.0     0 9/13/3/10/4/4         2    10  61.7   10.6   35.0   19.6 1899.0 S 0.86 -
1260   29   29    23 0/1/0/0/0                1900.0  1500.0    22.5   119.3  111.0  126.0     0 9/13/3/10/4/4         2     8  61.5   10.8   15.0   18.4 1899.0 S 0.86 -
1270   27   27    23 0/3/0/0/0                1900.0  1500.0     7.0   119.3  111.0  126.0     0 9/13/3/10/4/4         2    10  62.7   10.6   25.0    0.0 1899.0 S 0.85 -
1280   27   27    23 0/3/0/0/0                1900.0  1500.0    30.6   119.3  111.0  126.0     0 9/13/3/10/4/4         2     8  61.3   10.9   50.0    6.5 1899.0 S 0.81 -
1290   27   27    23 0/3/0/0/0                1900.0  1500.0    20.9   123.4  111.0  126.0     0 9/13/3/10/4/4         2     6  63.1   10.7   10.0   14.8 1899.0 S 0.89 -
1300   27   27    23 0/3/0/0/0                1900.0  1500.0    16.5   123.4  111.0  126.0     0 9/13/3/10/4/4         2     6  62.0   10.7   45.0    7.9 1899.0 S 0.89 -
1310   27   27    23 0/3/0/0/0                1900.0  1500.0    22.7   123.4  111.0  126.0     0 9/13/3/10/4/4         2     8  62.0   10.6   70.0   12.8 1899.0 S 0.89 -
1320   27   27    23 0/3/0/0/0                1900.0  1500.0    31.3   133.5  111.0  126.0     0 9/13/3/10/4/4         2    11  62.2   10.7   55.0   17.7 1899.0 S 0.89 -
1330   27   27    23 0/3/0/0/0                1900.0  1500.0    30.9   154.9  111.0  126.0     0 9/13/3/10/4/4         2     8  60.2   10.8   55.0   14.7 1899.0 S 0.93 -
1340   27   27    23 0/3/0/0/0                1900.0  1500.0    11.0   168.9  111.0  126.0     0 9/13/3/10/4/4         2     6  61.8   10.3   40.0    9.1 1899.0 S 0.89 -
1350   27   27    23 0/3/0/0/0                1900.0  1500.0    36.6   168.9  111.0  126.0     0 9/13/3/10/4/4         2    12  60.9   11.1   30.0    7.0 1899.0 S 0.89 -
1360   27   27    23 0/3/0/0/0                1900.0  1500.0    32.5   183.1  111.0  126.0     0 9/13/3/10/4/4         2     8  62.6   10.3   25.0   29.4 1899.0 S 0.89 -
1370   27   27    23 0/3/0/0/0                1900.0  1500.0    30.7     1.1  113.0  126.0     0 9/13/3/10/4/4         2     8  61.9   10.8   73.8   20.9 1899.0 S 0.85 -
1380   27   27    23 0/3/0/0/0                1900.0  1500.0     3.4     4.4  113.0  126.0     0 9/13/3/10/4/4         2     5  61.6   10.6  226.6    3.4 1899.0 S 0.85 -
1390   25   25    23 0/5/0/0/0                2050.0  1620.0     1.3    13.8  115.0  126.0     0 9/13/3/11/4/4         2     9  60.8   10.4   41.7    0.0 1899.0 S 0.84 -
1400   25   25    23 0/5/0/0/0                2050.0  1620.0     4.1    13.8  115.0  126.0     0 9/13/3/11/4/4         2     6  60.5   11.1   45.0    0.8 2049.0 L 0.84 -
1410   25   25    23 0/5/0/0/0                2050.0  1620.0    26.7    13.8  115.0  126.0     0 9/13/3/11/4/4         2    11  62.3   10.4   60.0    0.1 2049.0 L 0.84 -
1420   25   25    23 0/5/0/0/0                2050.0  1620.0    30.7    15.9  115.0  126.0     0 9/13/3/11/4/4         2     9  62.0   10.7   15.0   20.7 2049.0 L 0.84 -
1430   26   25    24 0/5/0/0/0                2050.0  1620.0    35.5    28.3  115.0  126.0     0 9/13/3/11/4/4         2    10  62.2   10.8   25.0   12.2 2048.7 L 0.81 -
1440   26   26    24 0/5/0/0/0                2050.0  1620.0    33.5    60.6  115.0  126.0     0 9/13/3/11/4/4         2    13  61.6   10.7   15.0   29.6 2049.0 S 0.81 -
1450   26   26    24 0/5/0/0/0                2050.0  1620.0    32.5   121.4  115.0  126.0     0 9/13/3/11/4/4         2    14  60.5   11.1    5.0   24.3 2049.0 S 0.81 -
1460   27   26    25 0/5/0/0/0                2050.0  1620.0    37.3   133.9  115.0  126.0     0 9/13/3/11/4/4         2    12  62.1   10.6   35.0   21.1 2049.0 S 0.81 -
1470   29   27    27 0/5/0/0/0                2050.0  1620.0    15.5   165.3  115.0  126.0     0 9/13/3/11/4/4         2    12  62.2   10.5   30.0   15.5 2049.0 S 0.93 -
1480   29   29    27 0/5/0/0/0                2050.0  1620.0    23.9   200.2  115.0  126.0     0 9/13/3/11/4/4         2     9  62.4   11.2   15.0   14.7 2049.0 S 0.93 -
1490   29   29    27 0/5/0/0/0                2050.0  1620.0    36.8     9.9  117.0  126.0     0 9/13/3/11/4/4         2    12  62.7   10.4  100.9   19.6 2049.0 S 0.97 -
1500   30   29    28 0/5/0/0/0                2050.0  1620.0    21.0    42.0  117.0  126.0     0 9/13/3/11/5/4         2    10  61.5   11.0  132.8   17.4 2049.0 S 0.93 -

targets for seed 2026 (1500 sols):
  T1 PASS run min pop 7 (needs >= 5), final pop 30
  T2 PASS deaths 5 (air 0 thirst 5 hunger 0 eva 0 other 0), unexplained 0
  T3 PASS births 28, first_birth_sol 303, at_capacity 0, cooldown_violations 0, pop@30=7, pop@100=7, pop@300=7
  T4 PASS min O2 263.5, food 203.1; ice ran dry (pressure): min ice 0.0, ice>30 0.0, thirst deaths 5; max ice/target 0.96, regolith/target 0.92
  T5 PASS demand>supply 0.00% of steps (<=10), max shorts/sol 0 (<=2), max offline 0.0 h (<=24.7), first new reactor sol 15 (<=15)
  T6 PASS limited 14681.7 h = 39.69% (>=2% provisional; 4 of 5 seeds), site busy 34.6%; waiting_regolith 3275.0 h, site_no_crew 11406.7 h
  T7 PASS turn_backs_air 0, exhausted 303, reachable>=2 at 100.0% of 1500 sol samples (>=95), trips 1511
  T8 PASS row avg energy 49.8..63.6 (40..90), row asleep 10.2..12.2% (5..30), max sleep 8.8 h (<=18)
  T9 N/A  checked by repeating the run and by tests/test_determinism.gd (compare the table sha256)
  T10 FAIL first settlement sol 317 (40..150), age_changes 5 (<=4), min gap between consecutive history entries 47 (>=20), history 6 entries (changes+1 = 6); report: sols_in_age landing 415 settlement 1085 council 0, age at end settlement, changes [sol 317 settled; sol 1097 fell_back (cause ice); sol 1148 settled_again; sol 1392 fell_back (cause ice); sol 1439 settled_again], fall back causes [sol 1097 ice; sol 1392 ice], not-ok sols 134 (by group, a sol can fail several: ice 72, food 1, oxygen 1, power 0, death 3, unrest 61)
  T11 PASS (1) list lengths 1501/1501/1501/1501 ok; (2) lonely mean of last 50 readings 0.086 (max 0.35) ok; (3) friends_mean 8.67 (1.0..15.0) ok; (4) first_friendship_sol 175 ok; (5) lines_dropped (total) 0 ok; report: web 0.93 second 0.00 lonely 0.07 friends_mean 8.67 friends share of colony 0.299 (pop 30)
  T12 PASS (1) list lengths 1501/1501/1501 ok; (2) C2 ok; (3) council changes 0 (<=4) ok; (4) proposals 0 ok; (5) one Council line per boundary ok; report: first Council sol <null>, meetings 0, proposals [], pledge sol <null> reason -, lines {"circles_few":5}, dropped 0; council_min_seeds 3 pledge_min_seeds 1
RESULT FAIL (target 9 determinism: table sha256 023a0944bfdb8652)
