Godot Engine v4.5.stable.official.876b29033 - https://godotengine.org

# station zero balance run: seed=42 sols=1500 overrides=[colony.consumption.ice_stage_mult={ "baby": 0.3, "toddler": 0.5, "child": 0.75, "teen": 1.0, "adult": 1.0 } buildings.reonline.load_fraction=1.0 resources.throughput.commute_pause=false] fixed_step=0.05 data_hash=069bd790548c2c7c
# deaths and births are cumulative; shorts, trips, energy, asleep, wait, min_* are for the 30-sol window
 sol  pop  min birth dead a/t/h/o/x           oxygen    food     ice   regol   dmnd   supp short bldg R/H/W/G/A/C  reach trips  avgE asleep%  waitH minIce  minO2 age web cn
  10    7    7     0 0/0/0/0/0                 378.9   296.2    63.5    36.2   14.0   28.0     0 2/2/1/1/0/0           2    10  55.1   11.3  140.6   56.8  259.7 L 1.00 -
  20    7    7     0 0/0/0/0/0                 700.0   540.0    61.2    25.7   20.0   28.0     0 2/2/1/2/0/0           2    13  55.6   10.9  138.9   57.3  379.0 L 1.00 -
  30    7    7     0 0/0/0/0/0                 700.0   540.0    60.6    52.4   21.0   28.0     0 2/3/1/2/0/0           2    10  53.6   11.7  195.5   58.4  698.6 L 1.00 -
  40    7    7     0 0/0/0/0/0                 700.0   540.0    72.7    23.8   27.0   28.0     0 2/3/2/2/0/0           2    13  57.9   12.5  141.6   57.6  699.0 L 1.00 -
  50    7    7     0 0/0/0/0/0                 700.0   540.0    81.5    78.7   25.0   42.0     0 3/3/2/2/0/0           2    13  57.0   11.3  116.7   64.0  699.0 L 0.86 -
  60    7    7     0 0/0/0/0/0                 700.0   540.0    83.8    27.9   28.0   42.0     0 3/4/2/2/0/0           2     9  58.8   12.0  133.0   78.8  698.2 L 0.86 -
  70    7    7     0 0/0/0/0/0                 700.0   540.0    94.9    50.2   30.0   42.0     0 3/4/2/2/0/0           2    15  55.9   11.4  160.1   83.6  699.0 L 0.86 -
  80    7    7     0 0/0/0/0/0                 700.0   540.0    84.8    57.0   32.0   42.0     0 3/4/2/2/1/0           2    13  55.4   12.0  125.2   84.1  699.0 L 0.43 -
  90    7    7     0 0/0/0/0/0                 700.0   540.0    94.6    51.3   35.0   42.0     0 3/5/2/2/1/0           2    14  58.0   11.7  142.1   82.1  699.0 L 0.43 -
 100    7    7     0 0/0/0/0/0                 700.0   540.0   115.3     9.3   39.0   42.0     0 3/5/3/2/1/0           2    13  58.7   11.5  123.6   93.2  699.0 L 0.43 -
 110    7    7     0 0/0/0/0/0                 700.0   540.0   116.3    39.7   41.0   42.0     0 3/5/3/2/2/0           2    18  56.4   11.6  104.8  109.5  698.7 L 0.43 -
 120    7    7     0 0/0/0/0/0                 700.0   540.0   120.2    93.7   39.0   56.0     0 4/5/3/2/2/0           2    13  55.2   11.5  149.8  114.8  699.0 L 0.43 -
 130    7    7     0 0/0/0/0/0                 850.0   660.0   108.6    12.7   45.0   56.0     0 4/5/3/3/2/0           2    11  55.5   11.0  110.7  108.6  699.0 L 0.43 -
 140    7    7     0 0/0/0/0/0                1000.0   780.0   102.9    15.7   49.0   56.0     0 4/5/3/4/2/0           2    16  58.5   12.8   96.9   94.5  849.0 L 0.43 -
 150    7    7     0 0/0/0/0/0                1000.0   780.0    91.8   107.2   49.0   56.0     0 4/5/3/4/2/0           2    12  53.7   10.6  229.9   91.8  999.0 L 0.43 -
 160    7    7     0 0/0/0/0/0                1000.0   780.0    84.9    51.9   51.0   56.0     0 4/5/3/4/3/0           2     8  56.1   11.3  205.5   78.9  999.0 L 0.86 -
 170    7    7     0 0/0/0/0/0                1150.0   900.0    74.1    85.3   53.0   56.0     0 4/5/3/5/3/0           2     9  55.5   10.9  168.7   74.1  999.0 L 0.86 -
 180    7    7     0 0/0/0/0/0                1150.0   900.0    90.4    26.7   53.0   70.0     0 5/5/3/5/3/0           2    10  58.6   11.9  171.2   72.5 1149.0 L 0.86 -
 190    7    7     0 0/0/0/0/0                1150.0   900.0    99.3     6.4   55.0   70.0     0 5/5/3/5/3/0           2    15  54.6   11.5   75.4   87.1 1149.0 L 0.43 -
 200    7    7     0 0/0/0/0/0                1300.0  1020.0    98.9    62.8   57.0   70.0     0 5/5/3/6/3/0           2    11  55.7   11.9  151.6   92.1 1149.0 L 0.43 -
 210    7    7     0 0/0/0/0/0                1300.0  1020.0    98.0    18.0   59.0   70.0     0 5/5/3/6/3/0           2    11  60.5   11.6  118.6   94.9 1299.0 L 0.71 -
 220    7    7     0 0/0/0/0/0                1300.0  1020.0    87.3    68.0   60.0   70.0     0 5/5/3/6/3/1           2    13  58.5   10.3  131.4   85.3 1299.0 L 0.57 -
 230    7    7     0 0/0/0/0/0                1300.0  1020.0    86.9    48.8   62.0   70.0     0 5/5/3/6/3/1           2    14  55.7   12.2   83.0   82.0 1299.0 L 0.57 -
 240    7    7     0 0/0/0/0/0                1300.0  1020.0   106.3    99.2   63.0   70.0     0 5/5/3/6/3/2           2    13  54.8   11.2  140.5   82.6 1299.0 L 0.57 -
 250    7    7     0 0/0/0/0/0                1300.0  1020.0    95.3    40.8   66.0   70.0     0 5/6/3/6/3/2           2    11  60.2   11.3  106.5   93.9 1299.0 L 0.57 -
 260    7    7     0 0/0/0/0/0                1300.0  1020.0    87.7   114.5   66.0   70.0     0 5/6/3/6/3/2           2    11  57.6   11.8   95.0   86.9 1299.0 L 0.57 -
 270    7    7     0 0/0/0/0/0                1300.0  1020.0   108.1    60.3   68.0   70.0     0 5/6/3/6/3/2           2    14  57.9   11.4   94.5   87.2 1298.8 L 0.57 -
 280    8    7     1 0/0/0/0/0                1300.0  1020.0   101.0   127.9   66.0   84.0     0 6/6/3/6/3/2           2    13  56.4   11.7   81.3   96.4 1298.8 L 0.62 -
 290   11    8     4 0/0/0/0/0                1300.0  1020.0    87.5    60.1   68.0   84.0     0 6/6/3/6/3/2           2     7  59.4   10.7  221.2   87.5 1299.0 L 0.73 -
 300   12   11     5 0/0/0/0/0                1450.0  1140.0    88.9   111.4   70.0   84.0     0 6/6/3/7/3/2           2    12  62.6   10.8   32.2   84.9 1299.0 S 1.00 -
 310   12   12     5 0/0/0/0/0                1450.0  1140.0    97.8    19.5   72.0   84.0     0 6/6/3/7/3/2           2    15  59.1   11.3  158.9   83.0 1449.0 S 0.92 -
 320   12   12     5 0/0/0/0/0                1450.0  1140.0    85.6   118.7   73.0   84.0     0 6/7/3/7/3/2           2    15  61.9   10.9   76.0   85.6 1449.0 S 0.58 -
 330   12   12     5 0/0/0/0/0                1450.0  1140.0    80.5    23.5   75.0   84.0     0 6/7/3/7/3/2           2    10  61.3   11.3   74.8   76.7 1449.0 S 0.42 -
 340   13   12     6 0/0/0/0/0                1450.0  1140.0    77.3   126.5   76.0   84.0     0 6/8/3/7/3/2           2    17  60.8   11.1   57.6   71.7 1449.0 S 0.77 -
 350   13   13     6 0/0/0/0/0                1450.0  1140.0    74.9    34.5   78.0   84.0     0 6/8/3/7/3/2           2    12  60.3   10.4  216.7   70.2 1448.9 S 0.69 -
 360   13   13     6 0/0/0/0/0                1600.0  1260.0    73.2    90.4   80.0   84.0     0 6/8/3/8/3/2           2     8  60.8   11.5   90.1   70.1 1449.0 S 0.77 -
 370   13   13     6 0/0/0/0/0                1600.0  1260.0    87.0    34.4   82.0   84.0     0 6/8/3/8/3/2           2    17  60.1   11.0  122.4   69.6 1598.5 S 0.69 -
 380   13   13     6 0/0/0/0/0                1600.0  1260.0    90.8   128.6   80.0   98.0     0 7/8/3/8/3/2           2    17  61.0   10.9   75.0   77.3 1599.0 S 0.62 -
 390   13   13     6 0/0/0/0/0                1600.0  1260.0    74.7    19.2   82.0   98.0     0 7/8/3/8/3/2           2     5  61.4   10.7  202.6   74.7 1599.0 S 0.62 -
 400   13   13     6 0/0/0/0/0                1750.0  1380.0    82.4    87.5   84.0   98.0     0 7/8/3/9/3/2           2    18  61.9   11.5   25.5   69.2 1600.0 S 0.46 -
 410   13   13     6 0/0/0/0/0                1750.0  1380.0    66.3    14.7   86.0   98.0     0 7/8/3/9/3/2           2     8  61.8   10.7  135.5   66.3 1749.0 S 0.54 -
 420   13   13     6 0/0/0/0/0                1900.0  1500.0    67.7    83.1   88.0   98.0     0 7/8/3/10/3/2          2    12  60.5   10.9  115.8   60.1 1749.0 S 0.54 -
 430   13   13     6 0/0/0/0/0                1900.0  1500.0    80.2   124.8   88.0   98.0     0 7/8/3/10/3/2          2    14  60.3   11.1   55.0   63.2 1899.0 S 0.54 -
 440   13   13     6 0/0/0/0/0                1900.0  1500.0    82.4    38.6   90.0   98.0     0 7/8/3/10/3/2          2    12  61.1   10.8  120.3   72.4 1899.0 S 0.54 -
 450   13   13     6 0/0/0/0/0                1900.0  1500.0    60.7    95.9   90.0   98.0     0 7/8/3/10/3/2          2     9  61.3   10.8  206.0   60.7 1899.0 S 0.54 -
 460   13   13     6 0/0/0/0/0                1900.0  1500.0    58.0   150.5   90.0   98.0     0 7/8/3/10/4/2          2    11  61.2   11.0  148.4   52.5 1899.0 S 0.46 -
 470   13   13     6 0/0/0/0/0                1900.0  1500.0    45.6    50.1   92.0   98.0     0 7/8/3/10/4/2          2     9  61.3   11.1  203.4   45.6 1899.0 S 0.46 -
 480   13   13     6 0/0/0/0/0                1900.0  1500.0    44.4    93.6   93.0   98.0     0 7/9/3/10/4/2          2    12  62.9   10.5   54.8   34.5 1899.0 S 0.69 -
 490   13   13     6 0/0/0/0/0                1900.0  1500.0    55.4     0.8   95.0   98.0     0 7/9/3/10/4/2          2    14  59.2   11.1   63.3   43.0 1899.0 S 0.38 -
 500   13   13     6 0/0/0/0/0                1900.0  1500.0    43.9    43.0   95.0   98.0     0 7/9/3/10/4/2          2     7  61.6   10.9  224.1   43.9 1899.0 S 0.38 -
 510   13   13     6 0/0/0/0/0                1900.0  1500.0    41.7    96.2   96.0   98.0     0 7/10/3/10/4/2         2    12  61.8   10.9   91.2   37.7 1899.0 S 0.38 -
 520   13   13     6 0/0/0/0/0                1900.0  1500.0    45.6   132.3   96.0   98.0     0 7/10/3/10/4/2         2    10  62.9   11.2   45.0   38.6 1899.0 S 0.46 -
 530   13   13     6 0/0/0/0/0                1900.0  1500.0    49.7    23.8   98.0   98.0     0 7/10/3/10/4/2         2    12  61.6   11.1  123.3   44.7 1899.0 S 0.38 -
 540   13   13     6 0/0/0/0/0                1900.0  1500.0    65.6    67.0   96.0  112.0     0 8/10/3/10/4/2         2    14  60.5   10.7   51.6   44.5 1899.0 S 0.38 -
 550   14   13     7 0/0/0/0/0                1900.0  1500.0    76.6   144.3   96.0  112.0     0 8/10/3/10/4/2         2    15  61.2   11.3   70.0   64.9 1899.0 S 0.57 -
 560   17   14    10 0/0/0/0/0                1900.0  1500.0    72.8    29.5   98.0  112.0     0 8/10/3/10/4/2         2    10  61.6   11.1  124.5   71.2 1899.0 S 0.65 -
 570   17   17    10 0/0/0/0/0                2050.0  1620.0    68.8    67.9  100.0  112.0     0 8/10/3/11/4/2         2    10  62.7   10.3  178.1   62.4 1899.0 S 0.65 -
 580   18   17    11 0/0/0/0/0                2050.0  1620.0    71.9   129.6  100.0  112.0     0 8/10/3/11/4/2         2    13  62.4   10.7   90.0   63.5 2049.0 S 0.72 -
 590   18   18    11 0/0/0/0/0                2050.0  1620.0    75.3   177.3  100.0  112.0     0 8/10/3/11/4/2         2    10  62.9   11.5   10.0   63.0 2049.0 S 0.61 -
 600   18   18    11 0/0/0/0/0                2050.0  1620.0    83.3    17.1  102.0  112.0     0 8/10/3/11/4/2         2     9  63.0   10.8  130.9   71.7 2049.0 S 0.61 -
 610   19   18    12 0/0/0/0/0                2050.0  1620.0    67.3    45.4  102.0  112.0     0 8/10/3/11/4/2         2     6  63.7   10.2  234.7   67.3 2049.0 S 0.63 -
 620   19   19    12 0/0/0/0/0                2050.0  1620.0    41.2   108.3  102.0  112.0     0 8/10/3/11/5/2         2     8  63.5   11.1  200.4   41.2 2048.7 S 0.63 -
 630   19   19    12 0/0/0/0/0                2050.0  1620.0    37.8     3.6  104.0  112.0     0 8/10/3/11/5/2         2    14  60.9   10.7  105.7   26.7 2049.0 S 0.58 -
 640   19   19    12 0/0/0/0/0                2200.0  1740.0    33.4    25.4  106.0  112.0     0 8/10/3/12/5/2         2     8  62.9   10.8  180.3   27.8 2049.0 S 0.53 -
 650   19   19    12 0/0/0/0/0                2200.0  1740.0    31.5    70.9  106.0  112.0     0 8/10/3/12/5/2         2    13  62.1   10.6   60.0   27.8 2199.0 S 0.47 -
 660   19   19    12 0/0/0/0/0                2200.0  1740.0    43.1   124.0  106.0  112.0     0 8/10/3/12/5/2         2    13  60.0   11.2   25.0   29.3 2199.0 S 0.74 -
 670   19   19    12 0/0/0/0/0                2200.0  1740.0    37.4   168.3  106.0  112.0     0 8/10/3/12/5/2         2    10  62.0   10.8   10.0   34.7 2199.0 S 0.79 -
 680   19   19    12 0/0/0/0/0                2268.1  1788.7    29.5    31.7  110.0  112.0     0 8/10/3/13/5/2         2    10  60.0   10.4  143.2   25.2 2199.0 S 0.79 -
 690   19   19    12 0/0/0/0/0                2350.0  1860.0    57.5    45.3  110.0  112.0     0 8/10/3/13/5/2         2    13  61.6   11.0    5.0   23.8 2269.0 S 0.79 -
 700   19   19    12 0/0/0/0/0                2350.0  1860.0    59.1   115.2  110.0  112.0     0 8/10/3/13/5/2         2    15  61.0   10.8   20.0   56.8 2349.0 S 0.79 -
 710   19   19    12 0/0/0/0/0                2350.0  1860.0    58.3     6.0  112.0  112.0     0 8/10/3/13/5/2         2    16  62.8   10.8   23.4   44.6 2349.0 S 0.79 -
 720   19   19    12 0/0/0/0/0                2350.0  1860.0    59.0    41.9  112.0  112.0     0 8/10/3/13/5/2         2     8  61.2   10.6  240.1   58.1 2349.0 S 0.47 -
 730   19   19    12 0/0/0/0/0                2350.0  1860.0    34.4    89.1  112.0  112.0     0 8/10/3/13/5/2         2     7  62.5   11.0  227.5   34.4 2349.0 S 0.84 -
 740   19   19    12 0/0/0/0/0                2350.0  1860.0    23.9   115.4  110.0  126.0     0 9/10/3/13/5/2         2     9  61.6   11.0   82.4   17.8 2349.0 S 0.84 -
 750   19   19    12 0/0/0/0/0                2350.0  1860.0    57.9   146.9  110.0  126.0     0 9/10/3/13/5/2         2    14  60.1   10.9   25.0   21.6 2349.0 S 0.84 -
 760   19   19    12 0/0/0/0/0                2350.0  1860.0    88.8   169.7  110.0  126.0     0 9/10/3/13/5/2         2    14  59.7   10.6   10.0   57.1 2349.0 S 0.79 -
 770   19   19    12 0/0/0/0/0                2350.0  1860.0    80.9    30.4  112.0  126.0     0 9/10/3/13/5/2         2    11  62.7   10.9  173.1   77.4 2349.0 S 0.79 -
 780   19   19    12 0/0/0/0/0                2350.0  1860.0    55.4    54.2  112.0  126.0     0 9/10/3/13/5/2         2     5  63.1   10.6  245.3   55.4 2349.0 S 0.79 -
 790   19   19    12 0/0/0/0/0                2350.0  1860.0    41.5    67.1  112.0  126.0     0 9/10/3/13/5/2         2     4  62.0   11.0  233.8   41.5 2349.0 S 0.79 -
 800   19   19    12 0/0/0/0/0                2350.0  1860.0    23.9    81.7  112.0  126.0     0 9/10/3/13/5/2         2     5  63.8   10.1  246.6   23.9 2349.0 S 0.79 -
 810   19   19    12 0/0/0/0/0                2350.0  1860.0     0.8    95.4  112.0  126.0     0 9/10/3/13/5/2         2     4  63.6   10.9  241.4    0.8 2349.0 S 0.68 -
 820   14   14    13 0/6/0/0/0                2350.0  1860.0     2.9    95.4  112.0  126.0     0 9/10/3/13/5/2         2     3  62.9   10.6  244.0    0.0 2349.0 S 0.71 -
 830    8    8    13 0/12/0/0/0               2350.0  1860.0     0.0    95.4  112.0  126.0     0 9/10/3/13/5/2         2     1  63.2   10.9  246.6    0.0 2349.0 L 0.38 -
 840    0    0    13 0/20/0/0/0               2350.0  1860.0     0.0    95.4  112.0  126.0     0 9/10/3/13/5/2         2     0  65.9   10.0  246.6    0.0 2350.0 L 0.00 -
 850    0    0    13 0/20/0/0/0               2350.0  1860.0     0.0    95.4  112.0  126.0     0 9/10/3/13/5/2         2     0   0.0    0.0  246.6    0.0 2350.0 L 0.00 -
 860    0    0    13 0/20/0/0/0               2350.0  1860.0     0.0    95.4  112.0  126.0     0 9/10/3/13/5/2         2     0   0.0    0.0  246.6    0.0 2350.0 L 0.00 -
 870    0    0    13 0/20/0/0/0               2350.0  1860.0     0.0    95.4  112.0  126.0     0 9/10/3/13/5/2         2     0   0.0    0.0  246.6    0.0 2350.0 L 0.00 -
 880    0    0    13 0/20/0/0/0               2350.0  1860.0     0.0    95.4  112.0  126.0     0 9/10/3/13/5/2         2     0   0.0    0.0  246.6    0.0 2350.0 L 0.00 -
 890    0    0    13 0/20/0/0/0               2350.0  1860.0     0.0    95.4  112.0  126.0     0 9/10/3/13/5/2         2     0   0.0    0.0  246.6    0.0 2350.0 L 0.00 -
 900    0    0    13 0/20/0/0/0               2350.0  1860.0     0.0    95.4  112.0  126.0     0 9/10/3/13/5/2         2     0   0.0    0.0  246.6    0.0 2350.0 L 0.00 -
 910    0    0    13 0/20/0/0/0               2350.0  1860.0     0.0    95.4  112.0  126.0     0 9/10/3/13/5/2         2     0   0.0    0.0  246.6    0.0 2350.0 L 0.00 -
 920    0    0    13 0/20/0/0/0               2350.0  1860.0     0.0    95.4  112.0  126.0     0 9/10/3/13/5/2         2     0   0.0    0.0  246.6    0.0 2350.0 L 0.00 -
 930    0    0    13 0/20/0/0/0               2350.0  1860.0     0.0    95.4  112.0  126.0     0 9/10/3/13/5/2         2     0   0.0    0.0  246.6    0.0 2350.0 L 0.00 -
 940    0    0    13 0/20/0/0/0               2350.0  1860.0     0.0    95.4  112.0  126.0     0 9/10/3/13/5/2         2     0   0.0    0.0  246.6    0.0 2350.0 L 0.00 -
 950    0    0    13 0/20/0/0/0               2350.0  1860.0     0.0    95.4  112.0  126.0     0 9/10/3/13/5/2         2     0   0.0    0.0  246.6    0.0 2350.0 L 0.00 -
 960    0    0    13 0/20/0/0/0               2350.0  1860.0     0.0    95.4  112.0  126.0     0 9/10/3/13/5/2         2     0   0.0    0.0  246.6    0.0 2350.0 L 0.00 -
 970    0    0    13 0/20/0/0/0               2350.0  1860.0     0.0    95.4  112.0  126.0     0 9/10/3/13/5/2         2     0   0.0    0.0  246.6    0.0 2350.0 L 0.00 -
 980    0    0    13 0/20/0/0/0               2350.0  1860.0     0.0    95.4  112.0  126.0     0 9/10/3/13/5/2         2     0   0.0    0.0  246.6    0.0 2350.0 L 0.00 -
 990    0    0    13 0/20/0/0/0               2350.0  1860.0     0.0    95.4  112.0  126.0     0 9/10/3/13/5/2         2     0   0.0    0.0  246.6    0.0 2350.0 L 0.00 -
1000    0    0    13 0/20/0/0/0               2350.0  1860.0     0.0    95.4  112.0  126.0     0 9/10/3/13/5/2         2     0   0.0    0.0  246.6    0.0 2350.0 L 0.00 -
1010    0    0    13 0/20/0/0/0               2350.0  1860.0     0.0    95.4  112.0  126.0     0 9/10/3/13/5/2         2     0   0.0    0.0  246.6    0.0 2350.0 L 0.00 -
1020    0    0    13 0/20/0/0/0               2350.0  1860.0     0.0    95.4  112.0  126.0     0 9/10/3/13/5/2         2     0   0.0    0.0  246.6    0.0 2350.0 L 0.00 -
1030    0    0    13 0/20/0/0/0               2350.0  1860.0     0.0    95.4  112.0  126.0     0 9/10/3/13/5/2         2     0   0.0    0.0  246.6    0.0 2350.0 L 0.00 -
1040    0    0    13 0/20/0/0/0               2350.0  1860.0     0.0    95.4  112.0  126.0     0 9/10/3/13/5/2         2     0   0.0    0.0  246.6    0.0 2350.0 L 0.00 -
1050    0    0    13 0/20/0/0/0               2350.0  1860.0     0.0    95.4  112.0  126.0     0 9/10/3/13/5/2         2     0   0.0    0.0  246.6    0.0 2350.0 L 0.00 -
1060    0    0    13 0/20/0/0/0               2350.0  1860.0     0.0    95.4  112.0  126.0     0 9/10/3/13/5/2         2     0   0.0    0.0  246.6    0.0 2350.0 L 0.00 -
1070    0    0    13 0/20/0/0/0               2350.0  1860.0     0.0    95.4  112.0  126.0     0 9/10/3/13/5/2         2     0   0.0    0.0  246.6    0.0 2350.0 L 0.00 -
1080    0    0    13 0/20/0/0/0               2350.0  1860.0     0.0    95.4  112.0  126.0     0 9/10/3/13/5/2         2     0   0.0    0.0  246.6    0.0 2350.0 L 0.00 -
1090    0    0    13 0/20/0/0/0               2350.0  1860.0     0.0    95.4  112.0  126.0     0 9/10/3/13/5/2         2     0   0.0    0.0  246.6    0.0 2350.0 L 0.00 -
1100    0    0    13 0/20/0/0/0               2350.0  1860.0     0.0    95.4  112.0  126.0     0 9/10/3/13/5/2         2     0   0.0    0.0  246.6    0.0 2350.0 L 0.00 -
1110    0    0    13 0/20/0/0/0               2350.0  1860.0     0.0    95.4  112.0  126.0     0 9/10/3/13/5/2         2     0   0.0    0.0  246.6    0.0 2350.0 L 0.00 -
1120    0    0    13 0/20/0/0/0               2350.0  1860.0     0.0    95.4  112.0  126.0     0 9/10/3/13/5/2         2     0   0.0    0.0  246.6    0.0 2350.0 L 0.00 -
1130    0    0    13 0/20/0/0/0               2350.0  1860.0     0.0    95.4  112.0  126.0     0 9/10/3/13/5/2         2     0   0.0    0.0  246.6    0.0 2350.0 L 0.00 -
1140    0    0    13 0/20/0/0/0               2350.0  1860.0     0.0    95.4  112.0  126.0     0 9/10/3/13/5/2         2     0   0.0    0.0  246.6    0.0 2350.0 L 0.00 -
1150    0    0    13 0/20/0/0/0               2350.0  1860.0     0.0    95.4  112.0  126.0     0 9/10/3/13/5/2         2     0   0.0    0.0  246.6    0.0 2350.0 L 0.00 -
1160    0    0    13 0/20/0/0/0               2350.0  1860.0     0.0    95.4  112.0  126.0     0 9/10/3/13/5/2         2     0   0.0    0.0  246.6    0.0 2350.0 L 0.00 -
1170    0    0    13 0/20/0/0/0               2350.0  1860.0     0.0    95.4  112.0  126.0     0 9/10/3/13/5/2         2     0   0.0    0.0  246.6    0.0 2350.0 L 0.00 -
1180    0    0    13 0/20/0/0/0               2350.0  1860.0     0.0    95.4  112.0  126.0     0 9/10/3/13/5/2         2     0   0.0    0.0  246.6    0.0 2350.0 L 0.00 -
1190    0    0    13 0/20/0/0/0               2350.0  1860.0     0.0    95.4  112.0  126.0     0 9/10/3/13/5/2         2     0   0.0    0.0  246.6    0.0 2350.0 L 0.00 -
1200    0    0    13 0/20/0/0/0               2350.0  1860.0     0.0    95.4  112.0  126.0     0 9/10/3/13/5/2         2     0   0.0    0.0  246.6    0.0 2350.0 L 0.00 -
1210    0    0    13 0/20/0/0/0               2350.0  1860.0     0.0    95.4  112.0  126.0     0 9/10/3/13/5/2         2     0   0.0    0.0  246.6    0.0 2350.0 L 0.00 -
1220    0    0    13 0/20/0/0/0               2350.0  1860.0     0.0    95.4  112.0  126.0     0 9/10/3/13/5/2         2     0   0.0    0.0  246.6    0.0 2350.0 L 0.00 -
1230    0    0    13 0/20/0/0/0               2350.0  1860.0     0.0    95.4  112.0  126.0     0 9/10/3/13/5/2         2     0   0.0    0.0  246.6    0.0 2350.0 L 0.00 -
1240    0    0    13 0/20/0/0/0               2350.0  1860.0     0.0    95.4  112.0  126.0     0 9/10/3/13/5/2         2     0   0.0    0.0  246.6    0.0 2350.0 L 0.00 -
1250    0    0    13 0/20/0/0/0               2350.0  1860.0     0.0    95.4  112.0  126.0     0 9/10/3/13/5/2         2     0   0.0    0.0  246.6    0.0 2350.0 L 0.00 -
1260    0    0    13 0/20/0/0/0               2350.0  1860.0     0.0    95.4  112.0  126.0     0 9/10/3/13/5/2         2     0   0.0    0.0  246.6    0.0 2350.0 L 0.00 -
1270    0    0    13 0/20/0/0/0               2350.0  1860.0     0.0    95.4  112.0  126.0     0 9/10/3/13/5/2         2     0   0.0    0.0  246.6    0.0 2350.0 L 0.00 -
1280    0    0    13 0/20/0/0/0               2350.0  1860.0     0.0    95.4  112.0  126.0     0 9/10/3/13/5/2         2     0   0.0    0.0  246.6    0.0 2350.0 L 0.00 -
1290    0    0    13 0/20/0/0/0               2350.0  1860.0     0.0    95.4  112.0  126.0     0 9/10/3/13/5/2         2     0   0.0    0.0  246.6    0.0 2350.0 L 0.00 -
1300    0    0    13 0/20/0/0/0               2350.0  1860.0     0.0    95.4  112.0  126.0     0 9/10/3/13/5/2         2     0   0.0    0.0  246.6    0.0 2350.0 L 0.00 -
1310    0    0    13 0/20/0/0/0               2350.0  1860.0     0.0    95.4  112.0  126.0     0 9/10/3/13/5/2         2     0   0.0    0.0  246.6    0.0 2350.0 L 0.00 -
1320    0    0    13 0/20/0/0/0               2350.0  1860.0     0.0    95.4  112.0  126.0     0 9/10/3/13/5/2         2     0   0.0    0.0  246.6    0.0 2350.0 L 0.00 -
1330    0    0    13 0/20/0/0/0               2350.0  1860.0     0.0    95.4  112.0  126.0     0 9/10/3/13/5/2         2     0   0.0    0.0  246.6    0.0 2350.0 L 0.00 -
1340    0    0    13 0/20/0/0/0               2350.0  1860.0     0.0    95.4  112.0  126.0     0 9/10/3/13/5/2         2     0   0.0    0.0  246.6    0.0 2350.0 L 0.00 -
1350    0    0    13 0/20/0/0/0               2350.0  1860.0     0.0    95.4  112.0  126.0     0 9/10/3/13/5/2         2     0   0.0    0.0  246.6    0.0 2350.0 L 0.00 -
1360    0    0    13 0/20/0/0/0               2350.0  1860.0     0.0    95.4  112.0  126.0     0 9/10/3/13/5/2         2     0   0.0    0.0  246.6    0.0 2350.0 L 0.00 -
1370    0    0    13 0/20/0/0/0               2350.0  1860.0     0.0    95.4  112.0  126.0     0 9/10/3/13/5/2         2     0   0.0    0.0  246.6    0.0 2350.0 L 0.00 -
1380    0    0    13 0/20/0/0/0               2350.0  1860.0     0.0    95.4  112.0  126.0     0 9/10/3/13/5/2         2     0   0.0    0.0  246.6    0.0 2350.0 L 0.00 -
1390    0    0    13 0/20/0/0/0               2350.0  1860.0     0.0    95.4  112.0  126.0     0 9/10/3/13/5/2         2     0   0.0    0.0  246.6    0.0 2350.0 L 0.00 -
1400    0    0    13 0/20/0/0/0               2350.0  1860.0     0.0    95.4  112.0  126.0     0 9/10/3/13/5/2         2     0   0.0    0.0  246.6    0.0 2350.0 L 0.00 -
1410    0    0    13 0/20/0/0/0               2350.0  1860.0     0.0    95.4  112.0  126.0     0 9/10/3/13/5/2         2     0   0.0    0.0  246.6    0.0 2350.0 L 0.00 -
1420    0    0    13 0/20/0/0/0               2350.0  1860.0     0.0    95.4  112.0  126.0     0 9/10/3/13/5/2         2     0   0.0    0.0  246.6    0.0 2350.0 L 0.00 -
1430    0    0    13 0/20/0/0/0               2350.0  1860.0     0.0    95.4  112.0  126.0     0 9/10/3/13/5/2         2     0   0.0    0.0  246.6    0.0 2350.0 L 0.00 -
1440    0    0    13 0/20/0/0/0               2350.0  1860.0     0.0    95.4  112.0  126.0     0 9/10/3/13/5/2         2     0   0.0    0.0  246.6    0.0 2350.0 L 0.00 -
1450    0    0    13 0/20/0/0/0               2350.0  1860.0     0.0    95.4  112.0  126.0     0 9/10/3/13/5/2         2     0   0.0    0.0  246.6    0.0 2350.0 L 0.00 -
1460    0    0    13 0/20/0/0/0               2350.0  1860.0     0.0    95.4  112.0  126.0     0 9/10/3/13/5/2         2     0   0.0    0.0  246.6    0.0 2350.0 L 0.00 -
1470    0    0    13 0/20/0/0/0               2350.0  1860.0     0.0    95.4  112.0  126.0     0 9/10/3/13/5/2         2     0   0.0    0.0  246.6    0.0 2350.0 L 0.00 -
1480    0    0    13 0/20/0/0/0               2350.0  1860.0     0.0    95.4  112.0  126.0     0 9/10/3/13/5/2         2     0   0.0    0.0  246.6    0.0 2350.0 L 0.00 -
1490    0    0    13 0/20/0/0/0               2350.0  1860.0     0.0    95.4  112.0  126.0     0 9/10/3/13/5/2         2     0   0.0    0.0  246.6    0.0 2350.0 L 0.00 -
1500    0    0    13 0/20/0/0/0               2350.0  1860.0     0.0    95.4  112.0  126.0     0 9/10/3/13/5/2         2     0   0.0    0.0  246.6    0.0 2350.0 L 0.00 -

targets for seed 42 (1500 sols):
  T1 FAIL run min pop 0 (needs >= 5), final pop 0
  T2 PASS deaths 20 (air 0 thirst 20 hunger 0 eva 0 other 0), unexplained 0
  T3 PASS births 13, first_birth_sol 277, at_capacity 0, cooldown_violations 0, pop@30=7, pop@100=7, pop@300=12
  T4 PASS min O2 259.7, food 203.1; ice ran dry (pressure): min ice 0.0, ice>30 0.0, thirst deaths 20; max ice/target 1.03, regolith/target 0.38
  T5 PASS demand>supply 0.00% of steps (<=10), max shorts/sol 0 (<=2), max offline 0.0 h (<=24.7), first new reactor sol 4 (<=15)
  T6 PASS limited 27072.7 h = 73.19% (>=2% provisional; 4 of 5 seeds), site busy 72.2%; waiting_regolith 1740.0 h, site_no_crew 25332.7 h
  T7 PASS turn_backs_air 0, exhausted 161, reachable>=2 at 100.0% of 1500 sol samples (>=95), trips 933
  T8 FAIL row avg energy 0.0..65.9 (40..90), row asleep 0.0..12.8% (5..30), max sleep 8.8 h (<=18)
  T9 N/A  checked by repeating the run and by tests/test_determinism.gd (compare the table sha256)
  T10 FAIL first settlement sol 291 (40..150), age_changes 2 (<=4), min gap between consecutive history entries 291 (>=20), history 3 entries (changes+1 = 3); report: sols_in_age landing 967 settlement 533 council 0, age at end landing, changes [sol 291 settled; sol 824 fell_back (cause ice)], fall back causes [sol 824 ice], not-ok sols 69 (by group, a sol can fail several: ice 26, food 1, oxygen 1, power 0, death 10, unrest 42)
  T11 FAIL (1) list lengths 1501/1501/1501/1501 ok; (2) lonely mean of last 50 readings 0.000 (max 0.35) ok; (3) friends_mean 0.00 (1.0..15.0) BAD; (4) first_friendship_sol 116 ok; (5) lines_dropped (total) 0 ok; report: web 0.00 second 0.00 lonely 0.00 friends_mean 0.00 friends share of colony 0.000 (pop 0)
  T12 PASS (1) list lengths 1501/1501/1501 ok; (2) C2 ok; (3) council changes 0 (<=4) ok; (4) proposals 0 ok; (5) one Council line per boundary ok; report: first Council sol <null>, meetings 0, proposals [], pledge sol <null> reason -, lines {"circles_few":2}, dropped 0; council_min_seeds 3 pledge_min_seeds 1
RESULT FAIL (target 9 determinism: table sha256 66d3e5be79391e06)
