Godot Engine v4.5.stable.official.876b29033 - https://godotengine.org

# station zero balance run: seed=7 sols=1500 overrides=[colony.consumption.ice_stage_mult={ "baby": 0.3, "toddler": 0.5, "child": 0.75, "teen": 1.0, "adult": 1.0 } buildings.reonline.load_fraction=1.0 resources.throughput.commute_pause=false] fixed_step=0.05 data_hash=069bd790548c2c7c
# deaths and births are cumulative; shorts, trips, energy, asleep, wait, min_* are for the 30-sol window
 sol  pop  min birth dead a/t/h/o/x           oxygen    food     ice   regol   dmnd   supp short bldg R/H/W/G/A/C  reach trips  avgE asleep%  waitH minIce  minO2 age web cn
  10    7    7     0 0/0/0/0/0                 379.9   296.2    65.9   116.7   11.0   28.0     0 2/1/1/1/0/0           2    14  52.4   11.2  130.3   60.8  260.5 L 1.00 -
  20    7    7     0 0/0/0/0/0                 550.0   420.0    78.0   120.8   14.0   28.0     0 2/2/1/1/0/0           2    11  55.1   10.8   44.9   62.9  380.0 L 1.00 -
  30    7    7     0 0/0/0/0/0                 550.0   420.0    79.5   129.8   17.0   28.0     0 2/3/1/1/0/0           2    15  53.7   11.6   89.8   69.2  548.0 L 1.00 -
  40    7    7     0 0/0/0/0/0                 549.6   420.0    90.3   157.2   20.0   28.0     0 2/3/1/1/0/1           2    16  56.2   12.5   21.0   79.4  548.3 L 1.00 -
  50    7    7     0 0/0/0/0/0                 550.0   420.0    91.2   130.3   22.0   28.0     0 2/3/1/1/0/1           2     6  55.9   10.5  129.8   88.8  549.0 L 1.00 -
  60    7    7     0 0/0/0/0/0                 550.0   420.0    90.3   181.1   22.0   28.0     0 2/3/1/1/1/1           2    10  59.4   11.6   33.6   83.4  549.0 L 1.00 -
  70    7    7     0 0/0/0/0/0                 550.0   420.0    86.3   149.7   24.0   28.0     0 2/3/1/1/1/1           2     5  57.2   11.2   97.0   86.3  548.1 L 1.00 -
  80    7    7     0 0/0/0/0/0                 550.0   420.0    80.0   130.2   27.0   28.0     0 2/3/1/1/1/2           2     8  55.0   11.1  199.7   80.0  548.8 L 0.86 -
  90    7    7     0 0/0/0/0/0                 550.0   420.0    94.5   182.6   25.0   42.0     0 3/3/1/1/1/2           2    14  56.3   11.0    0.0   77.0  548.1 L 0.86 -
 100    7    7     0 0/0/0/0/0                 597.0   455.2    92.1   151.1   29.0   42.0     0 3/3/1/2/1/2           2     9  57.2   11.9   55.5   92.1  548.3 L 0.86 -
 110    7    7     0 0/0/0/0/0                 700.0   540.0    94.8   136.2   31.0   42.0     0 3/3/1/2/1/2           2    10  60.8   11.1   37.6   90.1  597.1 L 0.86 -
 120    7    7     0 0/0/0/0/0                 700.0   540.0    82.5   165.2   31.0   42.0     0 3/3/1/2/1/2           2     3  53.1   10.1  236.5   80.8  699.0 L 0.86 -
 130    7    7     0 0/0/0/0/0                 700.0   540.0    78.4   210.8   32.0   42.0     0 3/3/1/2/1/3           2     9  52.7   11.0  170.1   73.0  698.5 L 0.86 -
 140    7    7     0 0/0/0/0/0                 700.0   540.0    82.3   173.2   34.0   42.0     0 3/3/1/2/1/3           2    11  58.3   11.4    7.4   76.9  699.0 L 1.00 -
 150    7    7     0 0/0/0/0/0                 700.0   540.0    83.6   225.1   35.0   42.0     0 3/4/1/2/1/3           2    12  58.1   11.3   14.5   79.0  699.0 L 1.00 -
 160    7    7     0 0/0/0/0/0                 700.0   540.0    82.4   245.9   35.0   42.0     0 3/4/1/2/1/3           2     6  61.0   10.9    0.0   76.2  699.0 L 1.00 -
 170    7    7     0 0/0/0/0/0                 700.0   540.0    82.0   284.9   35.0   42.0     0 3/4/1/2/1/3           2    10  56.5   10.7    0.0   75.9  699.0 L 0.86 -
 180    7    7     0 0/0/0/0/0                 700.0   540.0   106.6   297.2   35.0   42.0     0 3/4/1/2/1/3           2     6  55.3   10.8    0.0   82.0  699.0 L 0.86 -
 190    7    7     0 0/0/0/0/0                 700.0   540.0    98.5   240.0   38.0   42.0     0 3/5/1/2/1/3           2     6  56.6   11.2   62.7   98.5  699.0 L 0.86 -
 200    7    7     0 0/0/0/0/0                 700.0   540.0    89.5   256.0   38.0   42.0     0 3/5/1/2/1/3           2     4  57.1   10.8    0.0   89.5  699.0 L 0.86 -
 210    7    7     0 0/0/0/0/0                 700.0   540.0   105.6   270.9   38.0   42.0     0 3/5/1/2/1/3           2     9  60.4   10.9    0.0   85.8  699.0 L 0.86 -
 220    7    7     0 0/0/0/0/0                 700.0   540.0    94.4   209.7   40.0   42.0     0 3/5/1/2/1/3           2     2  53.6   10.0  201.4   94.4  699.0 L 0.86 -
 230    7    7     0 0/0/0/0/0                 700.0   540.0    89.2   222.5   38.0   56.0     0 4/5/1/2/1/3           2     5  55.8   11.4  196.0   88.2  699.0 L 0.71 -
 240    7    7     0 0/0/0/0/0                 700.0   540.0   125.4   270.8   38.0   56.0     0 4/5/1/2/1/3           2    14  57.0   10.2    0.0   88.4  699.0 L 0.71 -
 250    7    7     0 0/0/0/0/0                 700.0   540.0   112.5   294.8   38.0   56.0     0 4/5/1/2/1/3           2     4  60.9   11.6    0.0  112.5  699.0 L 0.71 -
 260    7    7     0 0/0/0/0/0                 700.0   540.0   118.1   316.3   38.0   56.0     0 4/5/1/2/1/3           2     8  58.7   10.2    0.0  107.3  699.0 L 0.71 -
 270    7    7     0 0/0/0/0/0                 700.0   540.0   113.9   275.9   40.0   56.0     0 4/5/1/2/1/3           2     9  55.5   10.7  153.2  113.9  699.0 L 0.71 -
 280    7    7     0 0/0/0/0/0                 700.0   540.0   102.8   275.9   40.0   56.0     0 4/5/1/2/1/3           2     0  57.3   10.8  222.4  102.8  699.0 L 0.71 -
 290   10    7     3 0/0/0/0/0                 700.0   540.0    95.7   311.6   41.0   56.0     0 4/6/1/2/1/3           2     7  56.2   10.7  150.4   94.8  699.0 L 0.80 -
 300   13   10     6 0/0/0/0/0                 700.0   540.0    87.2   330.8   41.0   56.0     0 4/6/1/2/1/3           2     7  62.3   10.4    0.0   87.2  699.0 L 1.00 -
 310   13   13     6 0/0/0/0/0                 700.0   540.0    90.6   253.0   43.0   56.0     0 4/6/1/2/1/3           2     6  62.7   10.6  114.6   86.5  699.0 L 1.00 -
 320   13   13     6 0/0/0/0/0                 700.0   540.0    81.9   277.6   43.0   56.0     0 4/6/1/2/1/3           2     5  59.8   10.5  212.5   76.5  698.4 L 1.00 -
 330   13   13     6 0/0/0/0/0                 700.0   540.0    66.9   301.6   44.0   56.0     0 4/7/1/2/1/3           2     8  62.0   11.4   69.4   66.5  699.0 L 0.92 -
 340   13   13     6 0/0/0/0/0                 700.0   540.0    88.0   255.2   46.0   56.0     0 4/7/1/2/1/3           2    12  62.2   11.1   76.6   65.4  699.0 L 0.92 -
 350   13   13     6 0/0/0/0/0                 700.0   540.0    97.3   174.0   49.0   56.0     0 4/7/1/2/1/4           2     9  62.7   10.8    9.4   85.0  699.0 L 0.92 -
 360   13   13     6 0/0/0/0/0                 700.0   540.0    89.1   201.6   51.0   56.0     0 4/7/2/2/1/4           2     8  61.8   11.3   93.5   83.6  699.0 L 0.92 -
 370   13   13     6 0/0/0/0/0                 699.3   540.0    99.3   250.1   51.0   56.0     0 4/7/2/2/1/4           2    12  61.6   10.6    0.0   87.2  699.0 L 0.92 -
 380   13   13     6 0/0/0/0/0                 700.0   540.0    99.9   296.7   51.0   56.0     0 4/7/2/2/1/4           2    11  63.1   11.2    0.0   94.6  699.0 L 0.92 -
 390   13   13     6 0/0/0/0/0                 700.0   540.0   102.9   346.7   51.0   56.0     0 4/7/2/2/1/4           2     8  63.2   11.1    0.0   94.2  699.0 L 0.92 -
 400   13   13     6 0/0/0/0/0                 700.0   540.0    98.4   257.8   54.0   56.0     0 4/7/2/2/1/5           2     7  60.6   10.9   81.7   89.9  699.0 L 0.92 -
 410   13   13     6 0/0/0/0/0                 699.9   540.0    90.6   311.1   54.0   56.0     0 4/7/2/2/1/5           2    11  61.1   11.2    0.0   90.6  699.0 L 0.92 -
 420   13   13     6 0/0/0/0/0                 700.0   540.0    82.4   345.2   54.0   56.0     0 4/7/2/2/1/5           2     7  60.4   10.2    0.0   82.4  699.0 L 1.00 -
 430   13   13     6 0/0/0/0/0                 700.0   540.0   104.7   388.9   54.0   56.0     0 4/7/2/2/1/5           2    15  61.0   11.2    0.0   77.8  699.0 L 1.00 -
 440   13   13     6 0/0/0/0/0                 700.0   540.0   111.2   312.1   56.0   56.0     0 4/7/2/2/1/5           2     7  61.0   11.1   35.4  104.2  699.0 L 1.00 -
 450   13   13     6 0/0/0/0/0                 700.0   540.0    99.2   335.2   54.0   70.0     0 5/7/2/2/1/5           2     5  62.3   10.8   94.8   99.2  699.0 L 1.00 -
 460   13   13     6 0/0/0/0/0                 700.0   540.0   111.5   275.3   56.0   70.0     0 5/7/2/2/1/5           2    12  61.3   11.2   53.5   91.0  699.0 L 1.00 -
 470   13   13     6 0/0/0/0/0                 850.0   660.0    89.8   177.9   60.0   70.0     0 5/7/2/3/1/5           2     5  59.4   10.6  175.3   89.8  699.0 L 1.00 -
 480   13   13     6 0/0/0/0/0                 850.0   660.0    80.2    75.5   63.0   70.0     0 5/7/2/3/1/6           2     4  62.6   11.0  230.3   80.2  849.0 L 0.92 -
 490   13   13     6 0/0/0/0/0                 850.0   660.0    81.5   141.8   65.0   70.0     0 5/7/3/3/1/6           2    13  61.7   11.1   38.7   72.0  849.0 L 0.92 -
 500   13   13     6 0/0/0/0/0                 850.0   660.0    78.4   233.5   65.0   70.0     0 5/7/3/3/1/6           2    15  61.2   11.2    0.0   75.7  849.0 L 0.92 -
 510   13   13     6 0/0/0/0/0                 850.0   660.0    70.1   127.6   67.0   70.0     0 5/7/3/3/1/6           2     7  61.2   10.4  196.9   68.1  849.0 L 0.92 -
 520   13   13     6 0/0/0/0/0                 850.0   660.0    76.8   195.2   68.0   70.0     0 5/8/3/3/1/6           2    11  60.4   11.6   28.7   69.0  849.0 L 0.92 -
 530   13   13     6 0/0/0/0/0                 850.0   660.0    71.0   124.3   70.0   70.0     0 5/8/3/3/1/6           2    11  61.5   11.0  124.7   71.0  849.0 L 0.92 -
 540   13   13     6 0/0/0/0/0                 850.0   660.0    59.9   132.7   70.0   70.0     0 5/8/3/3/1/6           2     3  61.6   10.1  228.3   59.9  849.0 L 0.92 -
 550   13   13     6 0/0/0/0/0                 850.0   660.0    64.0   159.9   68.0   84.0     0 6/8/3/3/1/6           2    11  60.9   11.6   98.4   49.7  848.5 L 0.92 -
 560   15   13     8 0/0/0/0/0                 850.0   660.0    63.4   237.9   68.0   84.0     0 6/8/3/3/1/6           2    14  62.9   10.8    0.0   59.5  848.0 S 0.93 -
 570   17   15    10 0/0/0/0/0                 850.0   660.0    71.7   303.7   68.0   84.0     0 6/8/3/3/1/6           2    15  62.2   11.0    0.0   55.9  849.0 S 0.94 -
 580   18   17    11 0/0/0/0/0                 850.0   660.0    97.2   321.0   68.0   84.0     0 6/8/3/3/1/6           2    13  62.6   10.9    0.0   70.2  849.0 S 0.94 -
 590   19   18    12 0/0/0/0/0                 850.0   660.0   102.6   337.8   68.0   84.0     0 6/8/3/3/1/6           2    10  62.5   10.9    0.0   95.8  849.0 S 0.95 -
 600   19   19    12 0/0/0/0/0                 850.0   660.0    97.4   399.4   68.0   84.0     0 6/8/3/3/1/6           2    12  63.5   10.4    0.0   88.3  849.0 S 0.95 -
 610   19   19    12 0/0/0/0/0                 850.0   660.0    92.8   279.4   70.0   84.0     0 6/8/3/3/1/6           2     5  61.4   10.8  147.5   92.8  849.0 S 0.84 -
 620   19   19    12 0/0/0/0/0                 850.0   660.0    71.8   285.7   70.0   84.0     0 6/8/3/3/1/6           2     2  63.0   10.7  232.6   67.4  849.0 S 0.84 -
 630   19   19    12 0/0/0/0/0                 850.0   660.0    51.2   290.0   70.0   84.0     0 6/8/3/3/1/6           2     3  62.5   10.9  223.5   51.2  849.0 S 0.84 -
 640   19   19    12 0/0/0/0/0                 850.0   660.0    37.8   326.7   71.0   84.0     0 6/9/3/3/1/6           2     8  62.6   10.3  189.7   35.7  849.0 S 0.79 -
 650   19   19    12 0/0/0/0/0                 850.0   660.0    55.4   233.3   73.0   84.0     0 6/9/3/3/1/6           2    12  62.1   10.8   48.9   36.8  849.0 S 0.79 -
 660   19   19    12 0/0/0/0/0                 850.0   660.0    57.2   259.1   74.0   84.0     0 6/10/3/3/1/6          2    11  62.0   11.4  191.6   47.5  849.0 S 0.89 -
 670   19   19    12 0/0/0/0/0                 850.0   660.0    40.8   156.4   76.0   84.0     0 6/10/3/3/1/6          2     7  62.8   10.4  175.1   40.8  849.0 S 0.89 -
 680   19   19    12 0/0/0/0/0                 850.0   660.0    28.0   182.3   76.0   84.0     0 6/10/3/3/1/6          2     5  61.9   10.6  234.3   25.6  849.0 S 0.89 -
 690   19   19    12 0/0/0/0/0                 850.0   660.0    17.7    34.3   79.0   84.0     0 6/11/3/3/1/6          2     5  61.6   10.6  233.7   17.5  849.0 S 0.89 -
 700   19   19    12 0/0/0/0/0                 850.0   660.0    20.7    34.3   80.0   84.0     0 6/12/3/3/1/6          2     5  60.5   10.7  214.6   15.4  849.0 S 0.89 -
 710   19   19    12 0/0/0/0/0                 850.0   660.0    44.4    45.0   80.0   84.0     0 6/12/3/3/1/6          2    14  62.2   11.2    5.0   15.6  849.0 S 0.89 -
 720   19   19    12 0/0/0/0/0                 850.0   660.0    51.2   133.1   80.0   84.0     0 6/12/3/3/1/6          2    20  60.6   10.9    5.0   41.5  849.0 S 0.89 -
 730   19   19    12 0/0/0/0/0                 850.0   660.0    37.0    12.0   82.0   84.0     0 6/12/3/3/1/6          2     2  62.6   10.9  173.5   37.0  849.0 S 0.89 -
 740   19   19    12 0/0/0/0/0                 850.0   660.0    25.7    30.3   80.0   98.0     0 7/12/3/3/1/6          2     6  61.6   10.9  180.9   17.9  849.0 S 0.89 -
 750   19   19    12 0/0/0/0/0                 850.0   660.0    75.1    48.0   80.0   98.0     0 7/12/3/3/1/6          2    15  62.2   10.7   20.0   21.2  848.5 S 0.89 -
 760   19   19    12 0/0/0/0/0                 850.0   660.0    75.5   118.6   80.0   98.0     0 7/12/3/3/1/6          2    15  61.1   10.9    0.0   63.9  849.0 S 0.89 -
 770   19   19    12 0/0/0/0/0                 850.0   660.0    63.7    51.8   82.0   98.0     0 7/12/3/3/1/6          2    14  62.4   11.3   42.2   49.1  849.0 S 0.89 -
 780   19   19    12 0/0/0/0/0                 850.0   660.0    62.5   115.4   83.0   98.0     0 7/13/3/3/1/6          2    13  61.8   11.1   33.9   48.6  849.0 S 0.89 -
 790   19   19    12 0/0/0/0/0                 850.0   660.0    64.7   153.3   83.0   98.0     0 7/13/3/3/1/6          2    14  63.0   10.4   20.0   59.0  849.0 S 0.89 -
 800   19   19    12 0/0/0/0/0                 850.0   660.0    68.0   221.5   83.0   98.0     0 7/13/3/3/1/6          2    14  61.9   11.3    0.0   60.8  849.0 S 0.89 -
 810   19   19    12 0/0/0/0/0                 850.0   660.0    83.2   267.7   83.0   98.0     0 7/13/3/3/1/6          2    13  62.8   10.7    0.0   66.4  849.0 S 0.89 -
 820   19   19    12 0/0/0/0/0                 850.0   660.0    86.0   298.5   83.0   98.0     0 7/13/3/3/1/6          2    10  63.7   11.1    0.0   74.7  848.5 S 0.89 -
 830   21   19    14 0/0/0/0/0                 850.0   660.0   106.4   325.2   83.0   98.0     0 7/13/3/3/1/6          2    12  63.0   10.9    0.0   82.4  849.0 S 0.90 -
 840   22   21    15 0/0/0/0/0                 850.0   660.0    96.5   375.8   83.0   98.0     0 7/13/3/3/1/6          2    10  64.6   10.7    0.0   88.2  849.0 S 0.91 -
 850   23   22    16 0/0/0/0/0                 850.0   660.0   122.8   403.1   83.0   98.0     0 7/13/3/3/1/6          2    15  63.9   10.9    0.0   92.9  848.0 S 0.87 -
 860   25   23    18 0/0/0/0/0                 850.0   660.0   144.9   440.0   83.0   98.0     0 7/13/3/3/1/6          2    14  62.7   10.8    0.0  121.5  848.9 S 0.96 -
 870   25   25    18 0/0/0/0/0                 850.0   660.0   123.0   290.0   85.0   98.0     0 7/13/3/3/1/6          2     4  63.9   10.5  164.0  123.0  849.0 S 0.92 -
 880   25   25    18 0/0/0/0/0                 850.0   660.0    94.6   301.2   85.0   98.0     0 7/13/3/3/1/6          2     2  62.9   10.9  223.2   94.6  849.0 S 0.92 -
 890   25   25    18 0/0/0/0/0                1000.0   780.0    65.2   167.5   89.0   98.0     0 7/13/3/4/1/6          2     8  61.8   10.5  201.3   65.2  849.0 S 0.92 -
 900   25   25    18 0/0/0/0/0                1000.0   780.0    85.8   230.8   90.0   98.0     0 7/14/3/4/1/6          2    17  63.1   10.8   28.1   58.9  998.2 S 0.92 -
 910   25   25    18 0/0/0/0/0                1000.0   780.0    90.4   271.0   90.0   98.0     0 7/14/3/4/1/6          2    11  62.7   10.9    0.0   74.6  999.0 S 0.92 -
 920   25   25    18 0/0/0/0/0                1000.0   780.0    69.7   153.4   92.0   98.0     0 7/14/3/4/1/6          2    11  62.7   10.5  160.7   65.9  999.0 S 0.92 -
 930   25   25    18 0/0/0/0/0                1150.0   900.0    68.6   227.5   94.0   98.0     0 7/14/3/5/1/6          2    12  61.5   11.2   63.9   62.8  999.0 S 0.92 -
 940   25   25    18 0/0/0/0/0                1150.0   900.0    67.3   286.9   94.0   98.0     0 7/14/3/5/1/6          2    16  62.4   10.8    0.0   59.0 1148.3 S 0.92 -
 950   25   25    18 0/0/0/0/0                1150.0   900.0    51.6   194.2   96.0   98.0     0 7/14/3/5/1/6          2    11  63.3   10.8  156.8   51.6 1149.0 S 0.96 -
 960   25   25    18 0/0/0/0/0                1150.0   900.0    20.6   206.8   96.0   98.0     0 7/14/3/5/1/6          2     3  61.5   10.6  238.0   20.6 1149.0 S 0.96 -
 970   24   24    18 0/1/0/0/0                1150.0   900.0     3.3   206.8   96.0   98.0     0 7/14/3/5/1/6          2     6  63.4   10.6  225.9    0.0 1149.0 S 0.96 -
 980   16   16    18 0/9/0/0/0                1150.0   900.0     0.0   213.9   96.0   98.0     0 7/14/3/5/1/6          2     2  63.8   10.4  240.5    0.0 1149.0 L 0.88 -
 990   12   12    18 0/13/0/0/0               1150.0   900.0     4.9   213.9   96.0   98.0     0 7/14/3/5/1/6          2     3  61.1   11.1  246.6    0.0 1149.0 L 0.92 -
1000    6    6    18 0/19/0/0/0               1150.0   900.0     5.1   213.9   94.0  112.0     0 8/14/3/5/1/6          2     3  62.7   10.7  164.6    0.0 1149.0 L 0.83 -
1010    6    6    18 0/19/0/0/0               1150.0   900.0    27.7   213.9   94.0  112.0     0 8/14/3/5/1/6          2     5  60.0   11.0    0.0    5.0 1149.0 L 0.83 -
1020    6    6    18 0/19/0/0/0               1150.0   900.0    28.6   220.7   94.0  112.0     0 8/14/3/5/1/6          2     3  64.1   11.1    0.0   25.0 1149.0 L 0.83 -
1030    6    6    18 0/19/0/0/0               1150.0   900.0    29.0   244.0   94.0  112.0     0 8/14/3/5/1/6          2     6  61.3   11.0    0.0   27.4 1149.0 L 0.83 -
1040    6    6    18 0/19/0/0/0               1150.0   900.0    30.7   251.5   94.0  112.0     0 8/14/3/5/1/6          2     3  61.7   10.0    0.0   26.8 1149.0 L 1.00 -
1050    6    6    18 0/19/0/0/0               1150.0   900.0    45.9   265.7   94.0  112.0     0 8/14/3/5/1/6          2     6  60.3   11.4    0.0   28.6 1149.0 L 1.00 -
1060    6    6    18 0/19/0/0/0               1150.0   900.0    41.4   276.4   94.0  112.0     0 8/14/3/5/1/6          2     3  65.0   11.1    0.0   37.0 1149.0 L 1.00 -
1070    6    6    18 0/19/0/0/0               1150.0   900.0    36.1   290.4   94.0  112.0     0 8/14/3/5/1/6          2     4  61.0   10.7    0.0   36.1 1149.0 L 1.00 -
1080    6    6    18 0/19/0/0/0               1150.0   900.0    49.6   290.4   94.0  112.0     0 8/14/3/5/1/6          2     3  60.0   11.4    0.0   35.8 1149.0 L 1.00 -
1090    6    6    18 0/19/0/0/0               1150.0   900.0    47.7   306.6   94.0  112.0     0 8/14/3/5/1/6          2     5  61.2   10.9    0.0   43.4 1149.0 L 1.00 -
1100    7    6    19 0/19/0/0/0               1150.0   900.0    55.7   315.2   94.0  112.0     0 8/14/3/5/1/6          2     5  62.7   10.4    0.0   47.5 1149.0 L 1.00 -
1110    7    7    19 0/19/0/0/0               1150.0   900.0    49.8   329.2   94.0  112.0     0 8/14/3/5/1/6          2     4  61.7   10.6    0.0   49.8 1149.0 L 1.00 -
1120    7    7    19 0/19/0/0/0               1150.0   900.0    52.4   337.0   94.0  112.0     0 8/14/3/5/1/6          2     3  62.3   11.0    0.0   48.5 1149.0 L 0.86 -
1130    8    7    20 0/19/0/0/0               1150.0   900.0    52.6   351.2   94.0  112.0     0 8/14/3/5/1/6          2     5  61.6   10.9    0.0   49.0 1149.0 L 0.88 -
1140    8    8    20 0/19/0/0/0               1150.0   900.0    49.3   373.1   94.0  112.0     0 8/14/3/5/1/6          2     5  62.5   10.6    0.0   46.3 1149.0 L 0.88 -
1150    8    8    20 0/19/0/0/0               1150.0   900.0    49.2   389.2   94.0  112.0     0 8/14/3/5/1/6          2     4  63.1   10.9    0.0   47.7 1149.0 L 0.88 -
1160    8    8    20 0/19/0/0/0               1150.0   900.0    42.2   389.2   94.0  112.0     0 8/14/3/5/1/6          2     2  63.1   10.6    0.0   42.2 1149.0 L 0.88 -
1170    8    8    20 0/19/0/0/0               1150.0   900.0    45.1   401.2   94.0  112.0     0 8/14/3/5/1/6          2     5  61.1   11.2    0.0   42.2 1149.0 L 0.88 -
1180    8    8    20 0/19/0/0/0               1150.0   900.0    43.4   401.2   94.0  112.0     0 8/14/3/5/1/6          2     1  65.4   10.4    0.0   39.7 1149.0 L 0.88 -
1190    8    8    20 0/19/0/0/0               1150.0   900.0    46.4   416.1   94.0  112.0     0 8/14/3/5/1/6          2     6  61.6   11.1    0.0   38.8 1149.0 L 0.88 -
1200    8    8    20 0/19/0/0/0               1150.0   900.0    44.2   431.9   94.0  112.0     0 8/14/3/5/1/6          2     3  62.9   10.8    0.0   42.8 1149.0 L 0.50 -
1210    8    8    20 0/19/0/0/0               1150.0   900.0    38.6   443.9   94.0  112.0     0 8/14/3/5/1/6          2     3  64.2   11.0    0.0   35.6 1149.0 L 0.50 -
1220    8    8    20 0/19/0/0/0               1150.0   900.0    48.8   451.0   94.0  112.0     0 8/14/3/5/1/6          2     6  62.9   10.5    0.0   36.4 1149.0 L 0.88 -
1230    8    8    20 0/19/0/0/0               1150.0   900.0    46.7   468.4   94.0  112.0     0 8/14/3/5/1/6          2     6  62.5   11.2    0.0   42.0 1149.0 L 0.88 -
1240    8    8    20 0/19/0/0/0               1150.0   900.0    57.1   477.2   94.0  112.0     0 8/14/3/5/1/6          2     5  63.7   10.8    0.0   45.0 1149.0 L 0.88 -
1250    8    8    20 0/19/0/0/0               1150.0   900.0    65.9   495.8   94.0  112.0     0 8/14/3/5/1/6          2     7  63.7   11.0    0.0   53.6 1149.0 L 0.88 -
1260    8    8    20 0/19/0/0/0               1150.0   900.0    64.1   518.0   94.0  112.0     0 8/14/3/5/1/6          2     4  62.2   10.9    0.0   64.1 1149.0 L 0.88 -
1270    8    8    20 0/19/0/0/0               1150.0   900.0    67.2   518.0   94.0  112.0     0 8/14/3/5/1/6          2     3  62.7   11.2    0.0   62.6 1149.0 L 0.88 -
1280    8    8    20 0/19/0/0/0               1150.0   900.0    66.2   526.2   94.0  112.0     0 8/14/3/5/1/6          2     3  63.1   10.8    0.0   62.5 1149.0 L 0.88 -
1290    8    8    20 0/19/0/0/0               1150.0   900.0    64.8   538.5   94.0  112.0     0 8/14/3/5/1/6          2     4  62.2   10.1    0.0   58.1 1149.0 L 0.88 -
1300    8    8    20 0/19/0/0/0               1150.0   900.0    53.4   552.6   94.0  112.0     0 8/14/3/5/1/6          2     2  62.8   11.0    0.0   53.4 1149.0 L 0.88 -
1310    8    8    20 0/19/0/0/0               1150.0   900.0    56.3   565.3   94.0  112.0     0 8/14/3/5/1/6          2     5  63.8   11.0    0.0   51.8 1149.0 L 0.88 -
1320    8    8    20 0/19/0/0/0               1150.0   900.0    60.7   573.6   94.0  112.0     0 8/14/3/5/1/6          2     4  61.6   10.5    0.0   51.2 1149.0 L 0.88 -
1330    8    8    20 0/19/0/0/0               1150.0   900.0    60.5   589.8   94.0  112.0     0 8/14/3/5/1/6          2     4  62.7   10.9    0.0   55.8 1149.0 L 0.88 -
1340    8    8    20 0/19/0/0/0               1150.0   900.0    61.3   598.0   94.0  112.0     0 8/14/3/5/1/6          2     4  62.0   10.8    0.0   56.0 1149.0 L 0.88 -
1350    8    8    20 0/19/0/0/0               1150.0   900.0    70.6   598.0   94.0  112.0     0 8/14/3/5/1/6          2     3  63.3   10.8    0.0   60.2 1149.0 L 0.88 -
1360    8    8    20 0/19/0/0/0               1150.0   900.0    64.6   610.8   94.0  112.0     0 8/14/3/5/1/6          2     3  63.2   10.4    0.0   64.6 1149.0 L 0.88 -
1370    8    8    20 0/19/0/0/0               1150.0   900.0    68.3   627.8   94.0  112.0     0 8/14/3/5/1/6          2     5  61.5   11.1    0.0   59.5 1149.0 L 0.88 -
1380    8    8    20 0/19/0/0/0               1150.0   900.0    56.3   648.2   94.0  112.0     0 8/14/3/5/1/6          2     3  63.6   10.9    0.0   56.3 1149.0 L 0.88 -
1390    8    8    20 0/19/0/0/0               1150.0   900.0    51.1   648.2   94.0  112.0     0 8/14/3/5/1/6          2     4  60.2   10.7    0.0   47.4 1149.0 L 0.88 -
1400    8    8    20 0/19/0/0/0               1150.0   900.0    52.1   659.2   94.0  112.0     0 8/14/3/5/1/6          2     5  62.3   11.1    0.0   47.1 1149.0 L 0.88 -
1410    9    8    21 0/19/0/0/0               1150.0   900.0    50.6   669.8   94.0  112.0     0 8/14/3/5/1/6          2     4  63.0   10.3    0.0   49.2 1149.0 L 0.89 -
1420    9    9    21 0/19/0/0/0               1150.0   900.0    48.5   669.8   94.0  112.0     0 8/14/3/5/1/6          2     1  63.6   11.0    0.0   48.5 1149.0 L 0.89 -
1430    9    9    21 0/19/0/0/0               1150.0   900.0    48.8   669.8   94.0  112.0     0 8/14/3/5/1/6          2     3  61.8   10.5    0.0   43.9 1149.0 L 0.89 -
1440    9    9    21 0/19/0/0/0               1150.0   900.0    40.4   669.8   94.0  112.0     0 8/14/3/5/1/6          2     1  60.8   10.6    0.0   40.4 1149.0 L 0.78 -
1450    9    9    21 0/19/0/0/0               1150.0   900.0    45.9   669.8   94.0  112.0     0 8/14/3/5/1/6          2     4  62.4   10.9    0.0   39.0 1149.0 L 0.78 -
1460    9    9    21 0/19/0/0/0               1150.0   900.0    36.7   685.9   94.0  112.0     0 8/14/3/5/1/6          2     3  63.1   10.9    0.0   36.7 1149.0 L 0.78 -
1470    9    9    21 0/19/0/0/0               1150.0   900.0    36.9   685.9   94.0  112.0     0 8/14/3/5/1/6          2     3  60.2   10.2    0.0   30.1 1149.0 L 0.78 -
1480    9    9    21 0/19/0/0/0               1150.0   900.0    35.4   685.9   94.0  112.0     0 8/14/3/5/1/6          2     2  61.0   10.8    0.0   26.7 1149.0 L 0.89 -
1490    9    9    21 0/19/0/0/0               1150.0   900.0    38.1   685.9   94.0  112.0     0 8/14/3/5/1/6          2     3  60.7   10.6    0.0   31.9 1149.0 L 0.89 -
1500    9    9    21 0/19/0/0/0               1150.0   900.0    38.6   685.9   94.0  112.0     0 8/14/3/5/1/6          2     3  60.2   10.5    0.0   36.1 1149.0 L 0.89 -

targets for seed 7 (1500 sols):
  T1 PASS run min pop 6 (needs >= 5), final pop 9
  T2 PASS deaths 19 (air 0 thirst 19 hunger 0 eva 0 other 0), unexplained 0
  T3 PASS births 21, first_birth_sol 284, at_capacity 0, cooldown_violations 0, pop@30=7, pop@100=7, pop@300=13
  T4 PASS min O2 260.5, food 203.1; ice ran dry (pressure): min ice 0.0, ice>30 0.0, thirst deaths 19; max ice/target 1.05, regolith/target 1.14
  T5 PASS demand>supply 0.00% of steps (<=10), max shorts/sol 0 (<=2), max offline 0.0 h (<=24.7), first new reactor sol 7 (<=15)
  T6 PASS limited 8701.4 h = 23.52% (>=2% provisional; 4 of 5 seeds), site busy 26.4%; waiting_regolith 85.0 h, site_no_crew 8616.4 h
  T7 PASS turn_backs_air 0, exhausted 216, reachable>=2 at 100.0% of 1500 sol samples (>=95), trips 1101
  T8 PASS row avg energy 52.4..65.4 (40..90), row asleep 10.0..12.5% (5..30), max sleep 8.8 h (<=18)
  T9 N/A  checked by repeating the run and by tests/test_determinism.gd (compare the table sha256)
  T10 FAIL first settlement sol 555 (40..150), age_changes 2 (<=4), min gap between consecutive history entries 425 (>=20), history 3 entries (changes+1 = 3); report: sols_in_age landing 1075 settlement 425 council 0, age at end landing, changes [sol 555 settled; sol 980 fell_back (cause ice)], fall back causes [sol 980 ice], not-ok sols 89 (by group, a sol can fail several: ice 34, food 1, oxygen 1, power 0, death 9, unrest 54)
  T11 PASS (1) list lengths 1501/1501/1501/1501 ok; (2) lonely mean of last 50 readings 0.171 (max 0.35) ok; (3) friends_mean 2.89 (1.0..15.0) ok; (4) first_friendship_sol 137 ok; (5) lines_dropped (total) 0 ok; report: web 0.89 second 0.00 lonely 0.11 friends_mean 2.89 friends share of colony 0.361 (pop 9)
  T12 PASS (1) list lengths 1501/1501/1501 ok; (2) C2 ok; (3) council changes 0 (<=4) ok; (4) proposals 0 ok; (5) one Council line per boundary ok; report: first Council sol <null>, meetings 0, proposals [], pledge sol <null> reason -, lines {"circles_few":2}, dropped 0; council_min_seeds 3 pledge_min_seeds 1
RESULT FAIL (target 9 determinism: table sha256 794eabe1f46fcbae)
