Godot Engine v4.5.stable.official.876b29033 - https://godotengine.org

# station zero balance run: seed=99 sols=1500 overrides=[colony.consumption.ice_stage_mult={ "baby": 0.3, "toddler": 0.5, "child": 0.75, "teen": 1.0, "adult": 1.0 } buildings.reonline.load_fraction=1.0 resources.throughput.commute_pause=false] fixed_step=0.05 data_hash=069bd790548c2c7c
# deaths and births are cumulative; shorts, trips, energy, asleep, wait, min_* are for the 30-sol window
 sol  pop  min birth dead a/t/h/o/x           oxygen    food     ice   regol   dmnd   supp short bldg R/H/W/G/A/C  reach trips  avgE asleep%  waitH minIce  minO2 age web cn
  10    7    7     0 0/0/0/0/0                 379.9   296.2    63.2    91.0   13.0   14.0     0 1/1/1/1/0/0           2    13  53.7   10.2  202.9   59.4  262.5 L 1.00 -
  20    7    7     0 0/0/0/0/0                 550.0   420.0    68.8    79.9   13.0   28.0     0 2/1/1/1/0/0           2     6  55.5   11.1  159.3   58.9  380.0 L 1.00 -
  30    7    7     0 0/0/0/0/0                 550.0   420.0    85.8   122.7   14.0   28.0     0 2/2/1/1/0/0           2    16  53.6   11.7  133.3   62.4  548.7 L 1.00 -
  40    7    7     0 0/0/0/0/0                 550.0   420.0    95.0    63.6   19.0   28.0     0 2/2/1/1/0/1           2     9  57.5   11.5  176.9   85.1  549.0 L 1.00 -
  50    7    7     0 0/0/0/0/0                 550.0   420.0    95.6    44.8   22.0   28.0     0 2/3/1/1/0/1           2    13  55.3   11.2  165.7   89.2  548.1 L 0.71 -
  60    7    7     0 0/0/0/0/0                 549.3   420.0    90.9    94.4   23.0   28.0     0 2/3/1/1/0/2           2    11  59.8   11.6   74.6   86.9  549.0 L 0.71 -
  70    7    7     0 0/0/0/0/0                 550.0   420.0    92.9    83.9   25.0   28.0     0 2/3/1/1/0/2           2    11  57.8   11.7   26.3   88.7  549.0 L 0.71 -
  80    7    7     0 0/0/0/0/0                 550.0   420.0   103.4    78.8   29.0   28.0     1 2/2/2/1/0/2           2    12  54.4   10.8  203.1   89.4  548.3 L 0.71 -
  90    7    7     0 0/0/0/0/0                 550.0   420.0   123.4    78.8   29.0   28.0     0 2/2/2/1/0/2           2     6  56.7   12.2  226.7  100.9  549.0 L 0.71 -
 100    7    7     0 0/0/0/0/0                 550.0   420.0   141.9   113.0   27.0   42.0     0 3/3/2/1/0/2           2    12  57.6   11.0   57.2  120.1  548.6 L 0.71 -
 110    7    7     0 0/0/0/0/0                 550.0   420.0   136.3    84.1   30.0   42.0     0 3/4/2/1/0/2           2     8  56.0   11.6  141.0  131.4  548.1 L 0.71 -
 120    7    7     0 0/0/0/0/0                 550.0   420.0   129.9    93.3   32.0   42.0     0 3/4/2/1/1/2           2    14  58.0   11.3   29.0  129.9  548.1 L 0.71 -
 130    7    7     0 0/0/0/0/0                 550.0   420.0   131.2   152.6   32.0   42.0     0 3/4/2/1/1/2           2    13  58.2   11.6    0.0  120.9  548.3 L 0.86 -
 140    7    7     0 0/0/0/0/0                 550.0   420.0   139.2   210.4   32.0   42.0     0 3/4/2/1/1/2           2    10  61.7   11.8    0.0  130.5  548.6 L 0.86 -
 150    7    7     0 0/0/0/0/0                 550.0   420.0   144.4   239.1   32.0   42.0     0 3/4/2/1/1/2           2     9  62.5   11.2    0.0  137.8  549.0 L 0.86 -
 160    7    7     0 0/0/0/0/0                 549.7   420.0   157.8   258.4   32.0   42.0     0 3/4/2/1/1/2           2     8  61.1   10.5    0.0  143.8  549.0 L 0.86 -
 170    7    7     0 0/0/0/0/0                 550.0   420.0   145.6   207.0   34.0   42.0     0 3/4/2/1/1/2           2     5  61.3   11.0   52.3  145.6  548.2 L 0.86 -
 180    7    7     0 0/0/0/0/0                 550.0   420.0   132.4   266.8   35.0   42.0     0 3/5/2/1/1/2           2     8  59.0   12.0   56.3  130.0  549.0 L 0.86 -
 190    7    7     0 0/0/0/0/0                 550.0   420.0   118.9   297.8   35.0   42.0     0 3/5/2/1/1/2           2     5  60.1   10.1    0.0  118.9  548.9 L 0.86 -
 200    7    7     0 0/0/0/0/0                 550.0   420.0   107.8   324.9   35.0   42.0     0 3/5/2/1/1/2           2     5  62.4   11.6    0.0  104.9  549.0 L 0.86 -
 210    7    7     0 0/0/0/0/0                 550.0   420.0   108.5   262.1   37.0   42.0     0 3/5/2/1/1/2           2     6  60.2    9.8  139.8  106.1  549.0 L 0.86 -
 220    7    7     0 0/0/0/0/0                 555.6   424.0    91.3   290.5   39.0   42.0     0 3/5/2/2/1/2           2     2  55.8   11.4  212.5   91.3  548.2 L 0.86 -
 230    7    7     0 0/0/0/0/0                 700.0   540.0    91.3   276.0   39.0   56.0     0 4/5/2/2/1/2           2    12  55.2   12.4   80.7   83.8  555.8 L 0.71 -
 240    7    7     0 0/0/0/0/0                 700.0   540.0    96.2   312.6   39.0   56.0     0 4/5/2/2/1/2           2     9  62.0   10.9    0.0   86.6  699.0 L 0.71 -
 250    7    7     0 0/0/0/0/0                 700.0   540.0   108.5   246.2   41.0   56.0     0 4/5/2/2/1/2           2     9  59.2   10.8  117.1   95.8  699.0 L 0.71 -
 260    7    7     0 0/0/0/0/0                 700.0   540.0   101.6   194.7   44.0   56.0     0 4/6/2/2/1/2           2     6  59.7   11.7   52.4   98.7  699.0 L 0.71 -
 270    7    7     0 0/0/0/0/0                 850.0   660.0    99.9   201.3   46.0   56.0     0 4/6/2/3/1/2           2     4  59.1   10.5   91.1   97.8  699.0 L 0.71 -
 280    7    7     0 0/0/0/0/0                 850.0   660.0    99.1   256.1   46.0   56.0     0 4/6/2/3/1/2           2    10  58.6   11.7    0.0   91.4  849.0 L 0.71 -
 290    7    7     0 0/0/0/0/0                 850.0   660.0    88.6   193.7   49.0   56.0     0 4/6/2/3/1/3           2     6  60.1   11.0   69.7   88.6  849.0 L 0.71 -
 300   10    7     3 0/0/0/0/0                 850.0   660.0   105.6   202.1   49.0   56.0     0 4/6/2/3/1/3           2     9  61.3   11.1    0.0   84.9  849.0 L 0.50 -
 310   12   10     5 0/0/0/0/0                 850.0   660.0   104.1   259.7   49.0   56.0     0 4/6/2/3/1/3           2    10  60.5   11.1    0.0  101.5  849.0 S 1.00 -
 320   12   12     5 0/0/0/0/0                 850.0   660.0   114.4   300.9   49.0   56.0     0 4/6/2/3/1/3           2    12  64.5   10.9    0.0  100.1  849.0 S 1.00 -
 330   13   12     6 0/0/0/0/0                 850.0   660.0   107.7   346.7   49.0   56.0     0 4/6/2/3/1/3           2     7  63.4   11.0    0.0  105.9  849.0 S 0.92 -
 340   13   13     6 0/0/0/0/0                 850.0   660.0    94.4   270.3   51.0   56.0     0 4/6/2/3/1/3           2     6  64.0   11.1   19.4   94.4  848.9 S 0.92 -
 350   13   13     6 0/0/0/0/0                 850.0   660.0    76.1   282.2   52.0   56.0     0 4/7/2/3/1/3           2     4  63.8   10.7  180.4   75.6  849.0 S 0.92 -
 360   13   13     6 0/0/0/0/0                 850.0   660.0    82.0   315.6   52.0   56.0     0 4/7/2/3/1/3           2     9  62.3   10.9    0.0   72.0  849.0 S 0.85 -
 370   13   13     6 0/0/0/0/0                 850.0   660.0    95.2   338.6   52.0   56.0     0 4/7/2/3/1/3           2     7  62.2   10.7    0.0   81.6  849.0 S 0.92 -
 380   13   13     6 0/0/0/0/0                 850.0   660.0    94.9   367.8   52.0   56.0     0 4/7/2/3/1/3           2    10  63.5   11.1    0.0   91.8  849.0 S 0.92 -
 390   13   13     6 0/0/0/0/0                 850.0   660.0   127.6   375.5   52.0   56.0     0 4/7/2/3/1/3           2     9  60.8   10.6    0.0   92.5  849.0 S 0.85 -
 400   13   13     6 0/0/0/0/0                 850.0   660.0   116.9   304.1   54.0   56.0     0 4/7/2/3/1/3           2     6  61.1   11.1  182.4  113.6  849.0 S 0.85 -
 410   13   13     6 0/0/0/0/0                 850.0   660.0   106.6   328.7   52.0   70.0     0 5/7/2/3/1/3           2     7  62.1   10.8   90.5  105.1  849.0 S 0.85 -
 420   13   13     6 0/0/0/0/0                 850.0   660.0    96.0   350.6   52.0   70.0     0 5/7/2/3/1/3           2     4  62.9   10.7    0.0   96.0  849.0 S 0.85 -
 430   13   13     6 0/0/0/0/0                 850.0   660.0   103.8   370.0   52.0   70.0     0 5/7/2/3/1/3           2     8  61.2   10.9    0.0   86.1  849.0 S 0.85 -
 440   13   13     6 0/0/0/0/0                 850.0   660.0   100.0   377.8   52.0   70.0     0 5/7/2/3/1/3           2     4  64.5   11.0    0.0   97.7  849.0 S 0.85 -
 450   13   13     6 0/0/0/0/0                 850.0   660.0   102.4   397.4   52.0   70.0     0 5/7/2/3/1/3           2     7  61.5   11.0    0.0   87.0  849.0 S 0.85 -
 460   13   13     6 0/0/0/0/0                 850.0   660.0   104.8   427.7   52.0   70.0     0 5/7/2/3/1/3           2     9  62.0   10.6    0.0   96.2  849.0 S 0.85 -
 470   13   13     6 0/0/0/0/0                 850.0   660.0   114.7   440.5   52.0   70.0     0 5/7/2/3/1/3           2     7  63.8   10.9    0.0   98.8  849.0 S 0.85 -
 480   13   13     6 0/0/0/0/0                 850.0   660.0    93.0   449.9   52.0   70.0     0 5/7/2/3/1/3           2     1  65.0   10.8    0.0   93.0  849.0 S 0.85 -
 490   13   13     6 0/0/0/0/0                 850.0   660.0    99.3   464.9   52.0   70.0     0 5/7/2/3/1/3           2     8  63.6   10.6    0.0   90.6  849.0 S 0.85 -
 500   13   13     6 0/0/0/0/0                 850.0   660.0   107.3   507.9   52.0   70.0     0 5/7/2/3/1/3           2    11  63.2   11.2    0.0   92.1  849.0 S 0.85 -
 510   13   13     6 0/0/0/0/0                 850.0   660.0    97.6   511.1   52.0   70.0     0 5/7/2/3/1/3           2     2  62.7   10.2    0.0   93.9  849.0 S 0.85 -
 520   13   13     6 0/0/0/0/0                 850.0   660.0    89.7   524.3   52.0   70.0     0 5/7/2/3/1/3           2     7  63.7   11.0    0.0   89.7  849.0 S 0.85 -
 530   13   13     6 0/0/0/0/0                 850.0   660.0   110.7   429.3   54.0   70.0     0 5/7/2/3/1/3           2     9  61.3   10.9   14.7   88.3  849.0 S 0.85 -
 540   13   13     6 0/0/0/0/0                 850.0   660.0   104.5   429.3   54.0   70.0     0 5/7/2/3/1/3           2     4  62.8   10.6  246.6  102.3  849.0 S 0.85 -
 550   13   13     6 0/0/0/0/0                 850.0   660.0    89.7   436.6   54.0   70.0     0 5/7/2/3/1/3           2     1  61.5   10.9  243.8   89.7  849.0 S 0.85 -
 560   13   13     6 0/0/0/0/0                 850.0   660.0    85.3   436.6   54.0   70.0     0 5/7/2/3/1/3           2     3  61.8   10.4  246.6   84.3  849.0 S 0.85 -
 570   13   13     6 0/0/0/0/0                 850.0   660.0    80.7   447.4   54.0   70.0     0 5/7/2/3/1/3           2     5  60.6   10.9  242.9   76.9  849.0 S 0.85 -
 580   16   13     9 0/0/0/0/0                 850.0   660.0    68.6   459.7   54.0   70.0     0 5/7/2/3/1/3           2     5  60.4   10.6  244.9   68.6  849.0 S 0.94 -
 590   17   16    10 0/0/0/0/0                 850.0   660.0    66.5   482.2   54.0   70.0     0 5/7/2/3/1/3           2     8  62.7   10.5  244.4   66.5  849.0 S 0.94 -
 600   17   17    10 0/0/0/0/0                 850.0   660.0    65.0   494.9   54.0   70.0     0 5/7/2/3/1/3           2     7  61.3   10.9  246.6   56.8  849.0 S 0.94 -
 610   18   17    11 0/0/0/0/0                 850.0   660.0    82.0   503.8   54.0   70.0     0 5/7/2/3/1/3           2     9  61.3   10.7  237.8   58.1  848.7 S 0.94 -
 620   18   18    11 0/0/0/0/0                 850.0   660.0    81.2   503.8   54.0   70.0     0 5/7/2/3/1/3           2     5  61.7   10.6  246.6   76.3  849.0 S 0.94 -
 630   18   18    11 0/0/0/0/0                 850.0   660.0    81.4   518.4   54.0   70.0     0 5/7/2/3/1/3           2     8  60.4   11.1  246.6   73.5  849.0 S 0.89 -
 640   18   18    11 0/0/0/0/0                 850.0   660.0    75.9   522.4   54.0   70.0     0 5/7/2/3/1/3           2     5  62.0   10.5  245.9   71.1  849.0 S 0.89 -
 650   19   18    12 0/0/0/0/0                 850.0   660.0    86.7   543.2   54.0   70.0     0 5/7/2/3/1/3           2    10  62.2   11.0  238.3   68.4  849.0 S 0.84 -
 660   19   19    12 0/0/0/0/0                 850.0   660.0    85.7   550.8   54.0   70.0     0 5/7/2/3/1/3           2     7  62.0   10.4  235.1   74.8  849.0 S 0.84 -
 670   19   19    12 0/0/0/0/0                 850.0   660.0   100.9   442.9   57.0   70.0     0 5/8/2/3/1/3           2     7  61.0   10.6  235.5   83.5  849.0 S 0.84 -
 680   19   19    12 0/0/0/0/0                 850.0   660.0    84.5   442.9   57.0   70.0     0 5/8/2/3/1/3           2     5  54.2    9.5  230.3   83.1  849.0 S 0.84 -
 690   19   19    12 0/0/0/0/0                 850.0   660.0    76.7   329.2   60.0   70.0     0 5/8/2/3/1/4           2     6  56.0   10.0  213.6   75.7  849.0 S 0.84 -
 700   19   19    12 0/0/0/0/0                 850.0   660.0    71.3   345.5   60.0   70.0     0 5/8/2/3/1/4           2     5  56.5    9.4  222.7   66.8  849.0 S 0.84 -
 710   19   19    12 0/0/0/0/0                 850.0   660.0    66.2   235.2   62.0   70.0     0 5/8/2/3/2/4           2     8  55.7    9.4  215.4   57.8  848.0 S 0.89 -
 720   19   19    12 0/0/0/0/0                 850.0   660.0    47.7   253.1   62.0   70.0     0 5/8/2/3/2/4           2     5  56.5    9.9  224.5   47.7  849.0 S 0.89 -
 730   19   19    12 0/0/0/0/0                 850.0   660.0    33.2   139.7   66.0   70.0     0 5/8/3/3/2/4           2     6  55.9    9.8  218.7   33.2  849.0 S 0.89 -
 740   19   19    12 0/0/0/0/0                 850.0   660.0    38.3    30.2   68.0   70.0     0 5/8/3/3/3/4           2     8  56.4    9.7  208.3   29.9  849.0 S 0.89 -
 750   19   19    12 0/0/0/0/0                 850.0   660.0    25.4    47.1   68.0   70.0     0 5/8/3/3/3/4           2     6  55.2    9.8  218.3   19.4  849.0 S 0.89 -
 760   19   19    12 0/0/0/0/0                 850.0   660.0    36.4    53.5   66.0   84.0     0 6/8/3/3/3/4           2    10  55.0    9.8   96.2   25.1  849.0 S 0.89 -
 770   19   19    12 0/0/0/0/0                 850.0   660.0    32.6    92.3   66.0   84.0     0 6/8/3/3/3/4           2    11  54.8    9.3  125.0   32.6  849.0 S 0.89 -
 780   19   19    12 0/0/0/0/0                 850.0   660.0    45.3   116.5   66.0   84.0     0 6/8/3/3/3/4           2    11  50.8    9.5   85.0   23.5  849.0 S 0.89 -
 790   19   19    12 0/0/0/0/0                 850.0   660.0    43.5    29.3   68.0   84.0     0 6/8/3/3/3/4           2    10  52.1    8.6  146.2   43.5  849.0 S 0.89 -
 800   19   19    12 0/0/0/0/0                 850.0   660.0    24.6    59.9   68.0   84.0     0 6/8/3/3/3/4           2     7  46.1    8.3  246.6   22.4  849.0 L 0.89 -
 810   19   19    12 0/0/0/0/0                 850.0   660.0    31.4    59.9   68.0   84.0     0 6/8/3/3/3/4           2     8  45.9    7.5  246.6   17.8  849.0 L 0.89 -
 820   19   19    12 0/0/0/0/0                 850.0   660.0    31.8    67.1   68.0   84.0     0 6/8/3/3/3/4           2     7  45.1    8.0  246.6   27.0  849.0 L 0.89 -
 830   19   19    12 0/0/0/0/0                 850.0   660.0    27.6    67.1   68.0   84.0     0 6/8/3/3/3/4           2     5  44.3    7.9  246.6   21.9  849.0 L 0.89 -
 840   19   19    12 0/0/0/0/0                 850.0   660.0     9.5    67.1   68.0   84.0     0 6/8/3/3/3/4           2     3  42.4    7.1  246.6    8.4  849.0 L 0.89 -
 850   18   18    14 0/3/0/0/0                 850.0   660.0    10.0    67.1   68.0   84.0     0 6/8/3/3/3/4           2     6  44.2    7.6  246.6    0.0  849.0 L 0.89 -
 860   13   13    14 0/8/0/0/0                 850.0   660.0     0.0    67.1   68.0   84.0     0 6/8/3/3/3/4           2     1  49.6    8.4  246.6    0.0  849.0 L 0.85 -
 870   11    9    16 0/12/0/0/0                850.0   660.0    12.3    67.1   68.0   84.0     0 6/8/3/3/3/4           2     7  49.1    8.7  246.6    0.0  849.0 L 0.91 -
 880   11   11    16 0/12/0/0/0                850.0   660.0    15.6    67.1   68.0   84.0     0 6/8/3/3/3/4           2     4  52.6    8.6  246.6   10.9  849.0 L 0.91 -
 890   12   11    17 0/12/0/0/0                850.0   660.0    16.9    67.1   68.0   84.0     0 6/8/3/3/3/4           2     3  46.1    7.6  246.6   14.5  849.0 L 0.92 -
 900   12   12    17 0/12/0/0/0                850.0   660.0     8.4    67.1   68.0   84.0     0 6/8/3/3/3/4           2     2  47.9    8.2  246.6    4.0  849.0 L 0.92 -
 910    8    8    17 0/16/0/0/0                850.0   660.0     0.0    67.1   68.0   84.0     0 6/8/3/3/3/4           2     1  47.3    8.2  246.6    0.0  849.0 L 0.75 -
 920    5    5    17 0/19/0/0/0                850.0   660.0     0.4    67.1   68.0   84.0     0 6/8/3/3/3/4           2     2  37.0    6.5  246.6    0.0  849.0 L 0.60 -
 930    6    5    18 0/19/0/0/0                850.0   660.0     9.2    67.1   68.0   84.0     0 6/8/3/3/3/4           2     4  39.6    6.5  246.6    0.0  849.0 L 0.67 -
 940    6    6    18 0/19/0/0/0                850.0   660.0    13.9    67.1   68.0   84.0     0 6/8/3/3/3/4           2     3  41.1    7.8  246.6    7.1  849.0 L 0.67 -
 950    6    6    18 0/19/0/0/0                850.0   660.0     7.6    67.1   68.0   84.0     0 6/8/3/3/3/4           2     1  42.4    7.0  246.6    7.6  849.0 L 0.67 -
 960    6    6    18 0/19/0/0/0                850.0   660.0     1.6    67.1   68.0   84.0     0 6/8/3/3/3/4           2     1  41.2    7.4  246.6    1.6  849.0 L 0.67 -
 970    0    0    18 0/25/0/0/0                850.0   660.0     0.0    67.1   68.0   84.0     0 6/8/3/3/3/4           2     0  45.2    6.4  246.6    0.0  850.0 L 0.00 -
 980    0    0    18 0/25/0/0/0                850.0   660.0     0.0    67.1   68.0   84.0     0 6/8/3/3/3/4           2     0   0.0    0.0  246.6    0.0  850.0 L 0.00 -
 990    0    0    18 0/25/0/0/0                850.0   660.0     0.0    67.1   68.0   84.0     0 6/8/3/3/3/4           2     0   0.0    0.0  246.6    0.0  850.0 L 0.00 -
1000    0    0    18 0/25/0/0/0                850.0   660.0     0.0    67.1   68.0   84.0     0 6/8/3/3/3/4           2     0   0.0    0.0  246.6    0.0  850.0 L 0.00 -
1010    0    0    18 0/25/0/0/0                850.0   660.0     0.0    67.1   68.0   84.0     0 6/8/3/3/3/4           2     0   0.0    0.0  246.6    0.0  850.0 L 0.00 -
1020    0    0    18 0/25/0/0/0                850.0   660.0     0.0    67.1   68.0   84.0     0 6/8/3/3/3/4           2     0   0.0    0.0  246.6    0.0  850.0 L 0.00 -
1030    0    0    18 0/25/0/0/0                850.0   660.0     0.0    67.1   68.0   84.0     0 6/8/3/3/3/4           2     0   0.0    0.0  246.6    0.0  850.0 L 0.00 -
1040    0    0    18 0/25/0/0/0                850.0   660.0     0.0    67.1   68.0   84.0     0 6/8/3/3/3/4           2     0   0.0    0.0  246.6    0.0  850.0 L 0.00 -
1050    0    0    18 0/25/0/0/0                850.0   660.0     0.0    67.1   68.0   84.0     0 6/8/3/3/3/4           2     0   0.0    0.0  246.6    0.0  850.0 L 0.00 -
1060    0    0    18 0/25/0/0/0                850.0   660.0     0.0    67.1   68.0   84.0     0 6/8/3/3/3/4           2     0   0.0    0.0  246.6    0.0  850.0 L 0.00 -
1070    0    0    18 0/25/0/0/0                850.0   660.0     0.0    67.1   68.0   84.0     0 6/8/3/3/3/4           2     0   0.0    0.0  246.6    0.0  850.0 L 0.00 -
1080    0    0    18 0/25/0/0/0                850.0   660.0     0.0    67.1   68.0   84.0     0 6/8/3/3/3/4           2     0   0.0    0.0  246.6    0.0  850.0 L 0.00 -
1090    0    0    18 0/25/0/0/0                850.0   660.0     0.0    67.1   68.0   84.0     0 6/8/3/3/3/4           2     0   0.0    0.0  246.6    0.0  850.0 L 0.00 -
1100    0    0    18 0/25/0/0/0                850.0   660.0     0.0    67.1   68.0   84.0     0 6/8/3/3/3/4           2     0   0.0    0.0  246.6    0.0  850.0 L 0.00 -
1110    0    0    18 0/25/0/0/0                850.0   660.0     0.0    67.1   68.0   84.0     0 6/8/3/3/3/4           2     0   0.0    0.0  246.6    0.0  850.0 L 0.00 -
1120    0    0    18 0/25/0/0/0                850.0   660.0     0.0    67.1   68.0   84.0     0 6/8/3/3/3/4           2     0   0.0    0.0  246.6    0.0  850.0 L 0.00 -
1130    0    0    18 0/25/0/0/0                850.0   660.0     0.0    67.1   68.0   84.0     0 6/8/3/3/3/4           2     0   0.0    0.0  246.6    0.0  850.0 L 0.00 -
1140    0    0    18 0/25/0/0/0                850.0   660.0     0.0    67.1   68.0   84.0     0 6/8/3/3/3/4           2     0   0.0    0.0  246.6    0.0  850.0 L 0.00 -
1150    0    0    18 0/25/0/0/0                850.0   660.0     0.0    67.1   68.0   84.0     0 6/8/3/3/3/4           2     0   0.0    0.0  246.6    0.0  850.0 L 0.00 -
1160    0    0    18 0/25/0/0/0                850.0   660.0     0.0    67.1   68.0   84.0     0 6/8/3/3/3/4           2     0   0.0    0.0  246.6    0.0  850.0 L 0.00 -
1170    0    0    18 0/25/0/0/0                850.0   660.0     0.0    67.1   68.0   84.0     0 6/8/3/3/3/4           2     0   0.0    0.0  246.6    0.0  850.0 L 0.00 -
1180    0    0    18 0/25/0/0/0                850.0   660.0     0.0    67.1   68.0   84.0     0 6/8/3/3/3/4           2     0   0.0    0.0  246.6    0.0  850.0 L 0.00 -
1190    0    0    18 0/25/0/0/0                850.0   660.0     0.0    67.1   68.0   84.0     0 6/8/3/3/3/4           2     0   0.0    0.0  246.6    0.0  850.0 L 0.00 -
1200    0    0    18 0/25/0/0/0                850.0   660.0     0.0    67.1   68.0   84.0     0 6/8/3/3/3/4           2     0   0.0    0.0  246.6    0.0  850.0 L 0.00 -
1210    0    0    18 0/25/0/0/0                850.0   660.0     0.0    67.1   68.0   84.0     0 6/8/3/3/3/4           2     0   0.0    0.0  246.6    0.0  850.0 L 0.00 -
1220    0    0    18 0/25/0/0/0                850.0   660.0     0.0    67.1   68.0   84.0     0 6/8/3/3/3/4           2     0   0.0    0.0  246.6    0.0  850.0 L 0.00 -
1230    0    0    18 0/25/0/0/0                850.0   660.0     0.0    67.1   68.0   84.0     0 6/8/3/3/3/4           2     0   0.0    0.0  246.6    0.0  850.0 L 0.00 -
1240    0    0    18 0/25/0/0/0                850.0   660.0     0.0    67.1   68.0   84.0     0 6/8/3/3/3/4           2     0   0.0    0.0  246.6    0.0  850.0 L 0.00 -
1250    0    0    18 0/25/0/0/0                850.0   660.0     0.0    67.1   68.0   84.0     0 6/8/3/3/3/4           2     0   0.0    0.0  246.6    0.0  850.0 L 0.00 -
1260    0    0    18 0/25/0/0/0                850.0   660.0     0.0    67.1   68.0   84.0     0 6/8/3/3/3/4           2     0   0.0    0.0  246.6    0.0  850.0 L 0.00 -
1270    0    0    18 0/25/0/0/0                850.0   660.0     0.0    67.1   68.0   84.0     0 6/8/3/3/3/4           2     0   0.0    0.0  246.6    0.0  850.0 L 0.00 -
1280    0    0    18 0/25/0/0/0                850.0   660.0     0.0    67.1   68.0   84.0     0 6/8/3/3/3/4           2     0   0.0    0.0  246.6    0.0  850.0 L 0.00 -
1290    0    0    18 0/25/0/0/0                850.0   660.0     0.0    67.1   68.0   84.0     0 6/8/3/3/3/4           2     0   0.0    0.0  246.6    0.0  850.0 L 0.00 -
1300    0    0    18 0/25/0/0/0                850.0   660.0     0.0    67.1   68.0   84.0     0 6/8/3/3/3/4           2     0   0.0    0.0  246.6    0.0  850.0 L 0.00 -
1310    0    0    18 0/25/0/0/0                850.0   660.0     0.0    67.1   68.0   84.0     0 6/8/3/3/3/4           2     0   0.0    0.0  246.6    0.0  850.0 L 0.00 -
1320    0    0    18 0/25/0/0/0                850.0   660.0     0.0    67.1   68.0   84.0     0 6/8/3/3/3/4           2     0   0.0    0.0  246.6    0.0  850.0 L 0.00 -
1330    0    0    18 0/25/0/0/0                850.0   660.0     0.0    67.1   68.0   84.0     0 6/8/3/3/3/4           2     0   0.0    0.0  246.6    0.0  850.0 L 0.00 -
1340    0    0    18 0/25/0/0/0                850.0   660.0     0.0    67.1   68.0   84.0     0 6/8/3/3/3/4           2     0   0.0    0.0  246.6    0.0  850.0 L 0.00 -
1350    0    0    18 0/25/0/0/0                850.0   660.0     0.0    67.1   68.0   84.0     0 6/8/3/3/3/4           2     0   0.0    0.0  246.6    0.0  850.0 L 0.00 -
1360    0    0    18 0/25/0/0/0                850.0   660.0     0.0    67.1   68.0   84.0     0 6/8/3/3/3/4           2     0   0.0    0.0  246.6    0.0  850.0 L 0.00 -
1370    0    0    18 0/25/0/0/0                850.0   660.0     0.0    67.1   68.0   84.0     0 6/8/3/3/3/4           2     0   0.0    0.0  246.6    0.0  850.0 L 0.00 -
1380    0    0    18 0/25/0/0/0                850.0   660.0     0.0    67.1   68.0   84.0     0 6/8/3/3/3/4           2     0   0.0    0.0  246.6    0.0  850.0 L 0.00 -
1390    0    0    18 0/25/0/0/0                850.0   660.0     0.0    67.1   68.0   84.0     0 6/8/3/3/3/4           2     0   0.0    0.0  246.6    0.0  850.0 L 0.00 -
1400    0    0    18 0/25/0/0/0                850.0   660.0     0.0    67.1   68.0   84.0     0 6/8/3/3/3/4           2     0   0.0    0.0  246.6    0.0  850.0 L 0.00 -
1410    0    0    18 0/25/0/0/0                850.0   660.0     0.0    67.1   68.0   84.0     0 6/8/3/3/3/4           2     0   0.0    0.0  246.6    0.0  850.0 L 0.00 -
1420    0    0    18 0/25/0/0/0                850.0   660.0     0.0    67.1   68.0   84.0     0 6/8/3/3/3/4           2     0   0.0    0.0  246.6    0.0  850.0 L 0.00 -
1430    0    0    18 0/25/0/0/0                850.0   660.0     0.0    67.1   68.0   84.0     0 6/8/3/3/3/4           2     0   0.0    0.0  246.6    0.0  850.0 L 0.00 -
1440    0    0    18 0/25/0/0/0                850.0   660.0     0.0    67.1   68.0   84.0     0 6/8/3/3/3/4           2     0   0.0    0.0  246.6    0.0  850.0 L 0.00 -
1450    0    0    18 0/25/0/0/0                850.0   660.0     0.0    67.1   68.0   84.0     0 6/8/3/3/3/4           2     0   0.0    0.0  246.6    0.0  850.0 L 0.00 -
1460    0    0    18 0/25/0/0/0                850.0   660.0     0.0    67.1   68.0   84.0     0 6/8/3/3/3/4           2     0   0.0    0.0  246.6    0.0  850.0 L 0.00 -
1470    0    0    18 0/25/0/0/0                850.0   660.0     0.0    67.1   68.0   84.0     0 6/8/3/3/3/4           2     0   0.0    0.0  246.6    0.0  850.0 L 0.00 -
1480    0    0    18 0/25/0/0/0                850.0   660.0     0.0    67.1   68.0   84.0     0 6/8/3/3/3/4           2     0   0.0    0.0  246.6    0.0  850.0 L 0.00 -
1490    0    0    18 0/25/0/0/0                850.0   660.0     0.0    67.1   68.0   84.0     0 6/8/3/3/3/4           2     0   0.0    0.0  246.6    0.0  850.0 L 0.00 -
1500    0    0    18 0/25/0/0/0                850.0   660.0     0.0    67.1   68.0   84.0     0 6/8/3/3/3/4           2     0   0.0    0.0  246.6    0.0  850.0 L 0.00 -

targets for seed 99 (1500 sols):
  T1 FAIL run min pop 0 (needs >= 5), final pop 0
  T2 PASS deaths 25 (air 0 thirst 25 hunger 0 eva 0 other 0), unexplained 0
  T3 PASS births 18, first_birth_sol 293, at_capacity 0, cooldown_violations 0, pop@30=7, pop@100=7, pop@300=10
  T4 PASS min O2 262.5, food 203.1; ice ran dry (pressure): min ice 0.0, ice>30 0.0, thirst deaths 25; max ice/target 1.37, regolith/target 1.31
  T5 FAIL demand>supply 0.95% of steps (<=10), max shorts/sol 1 (<=2), max offline 350.4 h (<=24.7), first new reactor sol 12 (<=15)
  T6 PASS limited 26069.2 h = 70.48% (>=2% provisional; 4 of 5 seeds), site busy 71.8%; waiting_regolith 365.0 h, site_no_crew 25704.2 h
  T7 PASS turn_backs_air 0, exhausted 129, reachable>=2 at 100.0% of 1500 sol samples (>=95), trips 671
  T8 FAIL row avg energy 0.0..65.0 (40..90), row asleep 0.0..12.4% (5..30), max sleep 8.8 h (<=18)
  T9 N/A  checked by repeating the run and by tests/test_determinism.gd (compare the table sha256)
  T10 FAIL first settlement sol 304 (40..150), age_changes 2 (<=4), min gap between consecutive history entries 304 (>=20), history 3 entries (changes+1 = 3); report: sols_in_age landing 1006 settlement 494 council 0, age at end landing, changes [sol 304 settled; sol 798 fell_back (cause unrest)], fall back causes [sol 798 unrest], not-ok sols 210 (by group, a sol can fail several: ice 47, food 1, oxygen 1, power 14, death 14, unrest 195)
  T11 FAIL (1) list lengths 1501/1501/1501/1501 ok; (2) lonely mean of last 50 readings 0.000 (max 0.35) ok; (3) friends_mean 0.00 (1.0..15.0) BAD; (4) first_friendship_sol 129 ok; (5) lines_dropped (total) 0 ok; report: web 0.00 second 0.00 lonely 0.00 friends_mean 0.00 friends share of colony 0.000 (pop 0)
  T12 PASS (1) list lengths 1501/1501/1501 ok; (2) C2 ok; (3) council changes 0 (<=4) ok; (4) proposals 0 ok; (5) one Council line per boundary ok; report: first Council sol <null>, meetings 0, proposals [], pledge sol <null> reason -, lines {"circles_few":2}, dropped 0; council_min_seeds 3 pledge_min_seeds 1
RESULT FAIL (target 9 determinism: table sha256 600cbfec046f5cc3)
