# INVALID RUN: the multiplier override arrived as a String; every step logged 'SCRIPT ERROR: Trying to assign value of type String to a variable of type Dictionary at SimWorld._water_heads' (739792 times, removed here). See docs/specs/water-throughput.md section 6.
Godot Engine v4.5.stable.official.876b29033 - https://godotengine.org

# station zero balance run: seed=42 sols=1500 overrides=[colony.consumption.ice_stage_mult={baby:0.3,toddler:0.5,child:0.75,teen:1.0,adult:1.0}] fixed_step=0.05 data_hash=486f7d81b6bbb23f
# deaths and births are cumulative; shorts, trips, energy, asleep, wait, min_* are for the 30-sol window
 sol  pop  min birth dead a/t/h/o/x           oxygen    food     ice   regol   dmnd   supp short bldg R/H/W/G/A/C  reach trips  avgE asleep%  waitH minIce  minO2 age web cn
  10    7    7     0 0/0/0/0/0                 386.9   296.2    69.6    14.4   13.0   28.0     0 2/1/1/1/0/0           2     5  55.4    9.4  171.4   65.9  261.5 L 1.00 -
  20    7    7     0 0/0/0/0/0                 550.0   420.0    86.6     2.6   16.0   28.0     0 2/2/1/1/0/0           2    10  52.5   12.0   95.7   69.6  386.9 L 1.00 -
  30    7    7     0 0/0/0/0/0                 550.0   420.0    92.0    58.5   16.0   28.0     0 2/2/1/1/0/0           2     9  52.8   11.1  209.8   86.6  549.0 L 1.00 -
  40    7    7     0 0/0/0/0/0                 550.0   420.0   108.0    29.3   19.0   28.0     0 2/2/1/1/1/1           2     7  51.9   11.7  141.1   92.0  548.9 L 1.00 -
  50    7    7     0 0/0/0/0/0                 550.0   420.0   118.3    33.2   21.0   28.0     0 2/2/1/1/1/1           2    10  53.2   10.5  142.6  108.0  549.0 L 1.00 -
  60    7    7     0 0/0/0/0/0                 678.2   512.6   118.3    51.6   23.0   28.0     0 2/2/1/2/1/1           2     5  51.8   10.1  185.0  118.3  549.0 L 1.00 -
  70    7    7     0 0/0/0/0/0                 700.0   540.0   118.3    40.6   25.0   28.0     0 2/2/1/2/1/1           2     9  53.1   11.0  174.9  118.3  678.4 L 1.00 -
  80    7    7     0 0/0/0/0/0                 700.0   540.0   121.8    72.6   25.0   28.0     0 2/2/1/2/1/1           2     5  50.3   10.4  226.8  118.3  698.7 L 1.00 -
  90    7    7     0 0/0/0/0/0                 700.0   540.0   121.8    49.4   28.0   28.0     0 2/3/1/2/1/1           2     7  52.3   10.4  216.9  121.8  699.0 L 1.00 -
 100    7    7     0 0/0/0/0/0                 700.0   540.0   135.3    49.7   28.0   42.0     0 3/3/1/2/1/1           2    13  54.9   11.4  176.8  121.8  699.0 L 1.00 -
 110    7    7     0 0/0/0/0/0                 700.0   540.0   148.1    28.7   32.0   42.0     0 3/3/2/2/1/1           2     8  59.5   11.7  149.1  135.3  699.0 L 0.71 -
 120    7    7     0 0/0/0/0/0                 700.0   540.0   148.1    82.4   32.0   42.0     0 3/3/2/2/1/1           2     8  56.4   11.5  225.4  148.1  699.0 L 0.57 -
 130    7    7     0 0/0/0/0/0                 700.0   540.0   148.1    45.2   34.0   42.0     0 3/3/2/2/3/1           2     6  57.5   11.3  161.7  148.1  699.0 L 0.57 -
 140    7    7     0 0/0/0/0/0                 700.0   540.0   148.1    56.6   36.0   42.0     0 3/3/2/2/3/1           2    12  56.8   11.4  117.3  148.1  698.9 L 0.57 -
 150    7    7     0 0/0/0/0/0                 700.0   540.0   158.4    33.6   40.0   42.0     0 3/3/3/2/3/1           2    10  53.7   10.7  155.5  148.1  699.0 L 0.57 -
 160    7    7     0 0/0/0/0/0                 700.0   540.0   158.4    54.5   40.0   42.0     0 3/3/3/2/3/1           2     4  56.8   11.0  234.6  158.4  698.6 L 0.71 -
 170    7    7     0 0/0/0/0/0                 700.0   540.0   158.4    11.7   40.0   56.0     0 4/3/3/2/3/1           2     6  55.5   10.8  163.0  158.4  699.0 L 0.71 -
 180    7    7     0 0/0/0/0/0                 699.0   540.0   158.4    92.2   41.0   56.0     0 4/4/3/2/3/1           2    14  55.7   11.3  121.1  158.4  698.6 L 0.71 -
 190    7    7     0 0/0/0/0/0                 700.0   540.0   158.4    96.9   43.0   56.0     0 4/4/3/2/3/1           2    10  57.9   11.1  238.5  158.4  699.0 L 0.71 -
 200    7    7     0 0/0/0/0/0                 700.0   540.0   158.4   123.7   43.0   56.0     0 4/4/3/2/3/1           2     4  59.1   11.6  220.0  158.4  699.0 L 0.71 -
 210    7    7     0 0/0/0/0/0                 850.0   660.0   158.4   111.1   48.0   56.0     0 4/5/3/3/3/1           2    12  59.6   11.5  112.2  158.4  699.0 L 0.86 -
 220    7    7     0 0/0/0/0/0                 849.0   660.0   158.4    44.9   50.0   56.0     0 4/5/3/3/3/1           2     5  56.6   10.2  203.7  158.4  849.0 L 0.71 -
 230    7    7     0 0/0/0/0/0                 850.0   660.0   158.4   153.0   51.0   56.0     0 4/6/3/3/3/1           2    15  57.9   12.3   49.6  158.4  849.0 L 0.71 -
 240    7    7     0 0/0/0/0/0                 849.4   660.0   158.4   130.2   54.0   56.0     0 4/6/3/3/3/2           2    12  59.7   11.6   55.2  158.4  849.0 L 1.00 -
 250    7    7     0 0/0/0/0/0                 850.0   660.0   158.4   135.3   56.0   56.0     0 4/6/3/3/3/2           2    13  58.6   10.9   85.0  158.4  848.6 L 1.00 -
 260    7    7     0 0/0/0/0/0                 850.0   660.0   158.4   162.5   56.0   56.0     0 4/6/3/3/3/2           2     5  57.7   11.2  242.6  158.4  849.0 L 1.00 -
 270    7    7     0 0/0/0/0/0                 850.0   660.0   158.4   191.3   56.0   56.0     0 4/6/3/3/3/2           2     4  59.6   10.3  236.6  158.4  849.0 L 1.00 -
 280    7    7     0 0/0/0/0/0                 850.0   660.0   158.4   216.4   56.0   56.0     0 4/6/3/3/3/2           2     3  56.7   10.9  235.2  158.4  849.0 L 0.71 -
 290   12    7     5 0/0/0/0/0                 850.0   660.0   158.4   265.8   56.0   56.0     0 4/6/3/3/3/2           2     7  60.6   10.4  245.6  158.4  849.0 S 0.75 -
 300   12   12     5 0/0/0/0/0                 850.0   660.0   158.4   292.2   56.0   56.0     0 4/6/3/3/3/2           2     5  61.4   10.6  239.3  158.4  849.0 S 0.83 -
 310   12   12     5 0/0/0/0/0                 850.0   660.0   158.4   219.2   56.0   70.0     0 5/6/3/3/3/2           2     4  63.9   10.9  216.5  158.4  849.0 S 0.67 -
 320   12   12     5 0/0/0/0/0                1000.0   780.0   158.4   132.6   60.0   70.0     0 5/6/3/4/3/2           2     5  63.0   11.0  157.9  158.4  849.0 S 0.33 -
 330   12   12     5 0/0/0/0/0                1000.0   780.0   158.4    42.7   63.0   70.0     0 5/6/3/4/3/3           2     5  62.6   10.9  175.7  158.4  999.0 S 0.33 -
 340   12   12     5 0/0/0/0/0                1000.0   780.0   158.4   112.9   64.0   70.0     0 5/7/3/4/3/3           2    11  63.0   11.0   86.0  158.4  999.0 S 0.42 -
 350   12   12     5 0/0/0/0/0                1000.0   780.0   158.4   109.5   67.0   70.0     0 5/8/3/4/3/3           2    16  61.0   11.4   80.1  158.4  999.0 S 0.50 -
 360   12   12     5 0/0/0/0/0                1000.0   780.0   158.4   115.9   69.0   70.0     0 5/8/3/4/3/3           2    15  62.6   10.7   57.5  158.4  998.8 S 0.58 -
 370   12   12     5 0/0/0/0/0                1000.0   780.0   158.4   155.8   69.0   70.0     0 5/8/3/4/3/3           2     5  60.5   11.1  233.3  158.4  998.0 S 0.58 -
 380   12   12     5 0/0/0/0/0                1000.0   780.0   158.4   217.8   69.0   70.0     0 5/8/3/4/3/3           2     8  60.7   10.5  236.9  158.4  999.0 S 0.58 -
 390   12   12     5 0/0/0/0/0                1000.0   780.0   158.4   240.2   69.0   70.0     0 5/8/3/4/3/3           2     3  60.9   10.5  238.1  158.4  999.0 S 0.58 -
 400   13   12     6 0/0/0/0/0                1000.0   780.0   158.4   153.9   69.0   84.0     0 6/8/3/4/3/3           2     7  61.1   11.2  232.2  158.4  999.0 S 0.85 -
 410   13   13     6 0/0/0/0/0                1000.0   780.0   158.4   189.2   69.0   84.0     0 6/8/3/4/3/3           2     6  61.5   10.5  241.9  158.4  999.0 S 0.85 -
 420   13   13     6 0/0/0/0/0                1000.0   780.0   158.4   253.5   69.0   84.0     0 6/8/3/4/3/3           2     9  64.6   11.0  245.9  158.4  998.2 S 0.77 -
 430   13   13     6 0/0/0/0/0                1000.0   780.0   158.4   288.8   69.0   84.0     0 6/8/3/4/3/3           2     4  62.5   10.4  242.3  158.4  999.0 S 0.69 -
 440   13   13     6 0/0/0/0/0                1000.0   780.0   158.4   310.7   69.0   84.0     0 6/8/3/4/3/3           2     3  62.3   10.7  241.2  158.4  999.0 S 0.69 -
 450   13   13     6 0/0/0/0/0                1000.0   780.0   158.4   361.2   69.0   84.0     0 6/8/3/4/3/3           2     7  62.0   10.5  242.1  158.4  999.0 S 0.38 -
 460   13   13     6 0/0/0/0/0                1000.0   780.0   158.4   389.0   69.0   84.0     0 6/8/3/4/3/3           2     3  62.3   11.0  237.5  158.4  999.0 S 0.38 -
 470   13   13     6 0/0/0/0/0                1000.0   780.0   158.4   409.8   70.0   84.0     0 6/9/3/4/3/3           2     3  62.6   10.9  208.2  158.4  999.0 S 0.77 -
 480   13   13     6 0/0/0/0/0                1000.0   780.0   158.4   295.0   72.0   84.0     0 6/9/3/4/3/3           2     2  61.3   10.0  232.7  158.4  999.0 S 0.85 -
 490   13   13     6 0/0/0/0/0                1000.0   780.0   158.4   316.7   72.0   84.0     0 6/9/3/4/3/3           2     3  61.8   10.9  246.6  158.4  999.0 S 0.69 -
 500   13   13     6 0/0/0/0/0                1000.0   780.0   158.4   337.2   72.0   84.0     0 6/9/3/4/3/3           2     3  61.4   10.5  241.0  158.4  999.0 S 0.69 -
 510   13   13     6 0/0/0/0/0                1000.0   780.0   158.4   358.8   72.0   84.0     0 6/9/3/4/3/3           2     4  62.5   10.8  246.6  158.4  999.0 S 0.69 -
 520   13   13     6 0/0/0/0/0                1000.0   780.0   158.4   367.4   72.0   84.0     0 6/9/3/4/3/3           2     1  61.3   10.4  245.1  158.4  999.0 S 0.38 -
 530   13   13     6 0/0/0/0/0                1000.0   780.0   158.4   395.2   72.0   84.0     0 6/9/3/4/3/3           2     5  61.2   10.6  242.0  158.4  999.0 S 0.38 -
 540   13   13     6 0/0/0/0/0                1000.0   780.0   158.4   432.5   72.0   84.0     0 6/9/3/4/3/3           2     4  61.1   10.6  234.6  158.4  999.0 S 0.38 -
 550   14   13     7 0/0/0/0/0                1000.0   780.0   158.4   439.0   72.0   84.0     0 6/9/3/4/3/3           2     1  62.1   10.3  240.7  158.4  999.0 S 0.71 -
 560   15   14     8 0/0/0/0/0                1000.0   780.0   158.4   457.9   72.0   84.0     0 6/9/3/4/3/3           2     2  61.5   10.9  246.6  158.4  999.0 S 0.73 -
 570   17   15    10 0/0/0/0/0                1000.0   780.0   164.1   457.9   72.0   84.0     0 6/9/3/4/3/3           2     1  61.9   10.6  240.8  158.4  999.0 S 0.82 -
 580   18   17    11 0/0/0/0/0                1000.0   780.0   168.3   457.9   72.0   84.0     0 6/9/3/4/3/3           2     1  63.1   10.4  243.0  164.1  999.0 S 0.83 -
 590   18   18    11 0/0/0/0/0                1150.0   900.0   168.3   321.1   76.0   84.0     0 6/9/3/5/3/3           2     1  62.3   10.6  222.6  168.3  999.0 S 0.44 -
 600   18   18    11 0/0/0/0/0                1150.0   900.0   177.4   349.2   76.0   84.0     0 6/9/3/5/3/3           2     6  62.0   10.6  229.0  168.3 1149.0 S 0.44 -
 610   18   18    11 0/0/0/0/0                1150.0   900.0   182.2   227.6   79.0   84.0     0 6/9/3/5/3/4           2     5  63.9   10.8  143.4  177.4 1149.0 S 0.44 -
 620   18   18    11 0/0/0/0/0                1150.0   900.0   187.9   263.5   79.0   84.0     0 6/9/3/5/3/4           2     6  63.2   10.9  230.8  182.2 1149.0 S 0.44 -
 630   18   18    11 0/0/0/0/0                1150.0   900.0   187.9   289.6   80.0   84.0     0 6/10/3/5/3/4          2     5  63.0   10.6  182.2  187.9 1149.0 S 0.44 -
 640   18   18    11 0/0/0/0/0                1150.0   900.0   187.9    29.8   82.0   98.0     0 7/10/3/5/3/4          2     5  62.6   10.5  172.4  187.9 1149.0 S 0.44 -
 650   18   18    11 0/0/0/0/0                1150.0   900.0   187.9   110.0   82.0   98.0     0 7/10/3/5/3/4          2    11  60.2   11.2  246.6  187.9 1149.0 S 0.44 -
 660   18   18    11 0/0/0/0/0                1150.0   900.0   187.9   147.5   82.0   98.0     0 7/10/3/5/3/4          2     6  61.5   10.7  246.6  187.9 1149.0 S 0.50 -
 670   19   18    12 0/0/0/0/0                1150.0   900.0   187.9   182.4   82.0   98.0     0 7/10/3/5/3/4          2     5  61.5   10.3  244.8  187.9 1149.0 S 0.84 -
 680   19   19    12 0/0/0/0/0                1150.0   900.0   187.9   234.8   82.0   98.0     0 7/10/3/5/3/4          2     8  60.9   10.8  246.6  187.9 1149.0 S 0.89 -
 690   19   19    12 0/0/0/0/0                1150.0   900.0   190.3   274.9   82.0   98.0     0 7/10/3/5/3/4          2     6  60.9   10.7  246.6  187.9 1149.0 S 0.89 -
 700   19   19    12 0/0/0/0/0                1150.0   900.0   190.3   321.5   82.0   98.0     0 7/10/3/5/3/4          2     7  60.1   10.5  240.6  190.3 1149.0 S 0.53 -
 710   19   19    12 0/0/0/0/0                1150.0   900.0   190.3   375.3   82.0   98.0     0 7/10/3/5/3/4          2     7  60.6   10.6  243.4  190.3 1149.0 S 0.89 -
 720   19   19    12 0/0/0/0/0                1150.0   900.0   201.1   414.0   82.0   98.0     0 7/10/3/5/3/4          2     6  60.7   11.0  246.2  190.3 1149.0 S 0.89 -
 730   19   19    12 0/0/0/0/0                1150.0   900.0   201.1   436.2   82.0   98.0     0 7/10/3/5/3/4          2     3  62.2   10.6  241.7  201.1 1149.0 S 0.47 -
 740   19   19    12 0/0/0/0/0                1150.0   900.0   201.1   440.4   82.0   98.0     0 7/10/3/5/3/4          2     1  62.3   10.4  243.4  201.1 1149.0 S 0.47 -
 750   19   19    12 0/0/0/0/0                1150.0   900.0   201.1   452.0   82.0   98.0     0 7/10/3/5/3/4          2     2  60.6   10.4  245.1  201.1 1149.0 S 0.84 -
 760   19   19    12 0/0/0/0/0                1150.0   900.0   201.1   473.4   82.0   98.0     0 7/10/3/5/3/4          2     3  61.6   10.9  246.6  201.1 1149.0 S 0.84 -
 770   19   19    12 0/0/0/0/0                1150.0   900.0   201.1   479.5   82.0   98.0     0 7/10/3/5/3/4          2     2  62.1   10.3  246.6  201.1 1149.0 S 0.89 -
 780   19   19    12 0/0/0/0/0                1150.0   900.0   201.1   498.2   82.0   98.0     0 7/10/3/5/3/4          2     2  61.8   10.5  242.3  201.1 1149.0 S 0.89 -
 790   19   19    12 0/0/0/0/0                1150.0   900.0   203.7   538.0   82.0   98.0     0 7/10/3/5/3/4          2     6  61.9   10.8  246.6  201.1 1149.0 S 1.00 -
 800   19   19    12 0/0/0/0/0                1150.0   900.0   203.7   544.9   82.0   98.0     0 7/10/3/5/3/4          2     1  60.7   10.7  241.6  203.7 1149.0 S 1.00 -
 810   19   19    12 0/0/0/0/0                1150.0   900.0   203.7   544.9   82.0   98.0     0 7/10/3/5/3/4          2     0  62.1   10.5  245.2  203.7 1149.0 S 1.00 -
 820   19   19    12 0/0/0/0/0                1150.0   900.0   203.7   563.2   82.0   98.0     0 7/10/3/5/3/4          2     3  62.3   10.7  242.3  203.7 1149.0 S 1.00 -
 830   19   19    12 0/0/0/0/0                1150.0   900.0   203.7   579.1   82.0   98.0     0 7/10/3/5/3/4          2     1  61.4   10.5  245.6  203.7 1149.0 S 0.89 -
 840   21   19    14 0/0/0/0/0                1150.0   900.0   203.7   598.1   82.0   98.0     0 7/10/3/5/3/4          2     3  62.0   10.3  240.9  203.7 1149.0 S 1.00 -
 850   21   21    14 0/0/0/0/0                1150.0   900.0   210.3   442.7   85.0   98.0     0 7/11/3/5/3/4          2     2  62.2   10.6  243.9  203.7 1149.0 S 1.00 -
 860   21   21    14 0/0/0/0/0                1150.0   900.0   210.3   474.7   85.0   98.0     0 7/11/3/5/3/4          2     4  61.6   10.9  246.6  210.3 1149.0 S 1.00 -
 870   23   21    16 0/0/0/0/0                1150.0   900.0   214.8   482.9   85.0   98.0     0 7/11/3/5/3/4          2     2  62.1   10.2  246.6  210.3 1149.0 S 1.00 -
 880   23   23    16 0/0/0/0/0                1150.0   900.0   214.8   482.9   85.0   98.0     0 7/11/3/5/3/4          2     0  63.2   10.8  246.6  214.8 1150.0 S 0.96 -
 890   23   23    16 0/0/0/0/0                1150.0   900.0   214.8   497.3   85.0   98.0     0 7/11/3/5/3/4          2     3  63.2   10.7  246.6  214.8 1149.0 S 0.96 -
 900   24   23    17 0/0/0/0/0                1150.0   900.0   225.3   505.3   85.0   98.0     0 7/11/3/5/3/4          2     3  61.9   10.6  246.6  214.8 1149.0 S 0.83 -
 910   24   24    17 0/0/0/0/0                1150.0   900.0   225.3   511.8   85.0   98.0     0 7/11/3/5/3/4          2     1  62.5   10.7  246.6  225.3 1149.0 S 0.92 -
 920   24   24    17 0/0/0/0/0                1150.0   900.0   230.2   523.7   85.0   98.0     0 7/11/3/5/3/4          2     3  62.2   10.4  246.6  225.3 1149.0 S 0.92 -
 930   24   24    17 0/0/0/0/0                1150.0   900.0   232.5   523.7   85.0   98.0     0 7/11/3/5/3/4          2     1  62.3   10.4  246.6  230.2 1149.0 S 0.83 -
 940   25   24    18 0/0/0/0/0                1150.0   900.0   232.5   523.7   85.0   98.0     0 7/11/3/5/3/4          2     0  61.9   10.6  246.6  232.5 1150.0 S 0.92 -
 950   25   25    18 0/0/0/0/0                1150.0   900.0   236.7   532.1   85.0   98.0     0 7/11/3/5/3/4          2     2  61.9   10.8  246.6  232.5 1149.0 S 0.92 -
 960   25   25    18 0/0/0/0/0                1150.0   900.0   236.7   543.0   85.0   98.0     0 7/11/3/5/3/4          2     2  61.3   10.4  246.6  236.7 1149.0 S 0.92 -
 970   25   25    18 0/0/0/0/0                1150.0   900.0   236.7   543.0   85.0   98.0     0 7/11/3/5/3/4          2     0  60.9   10.8  246.6  236.7 1150.0 S 0.92 -
 980   25   25    18 0/0/0/0/0                1150.0   900.0   236.7   543.0   85.0   98.0     0 7/11/3/5/3/4          2     0  62.4   10.2  246.6  236.7 1150.0 S 0.92 -
 990   25   25    18 0/0/0/0/0                1150.0   900.0   236.7   546.6   85.0   98.0     0 7/11/3/5/3/4          2     1  61.9   10.7  246.6  236.7 1149.0 S 0.92 -
1000   25   25    18 0/0/0/0/0                1150.0   900.0   240.2   546.6   85.0   98.0     0 7/11/3/5/3/4          2     1  61.1   10.7  246.6  236.7 1149.0 S 0.92 -
1010   25   25    18 0/0/0/0/0                1150.0   900.0   240.2   546.6   85.0   98.0     0 7/11/3/5/3/4          2     0  63.4   10.5  246.6  240.2 1150.0 S 0.92 -
1020   25   25    18 0/0/0/0/0                1150.0   900.0   240.2   555.2   85.0   98.0     0 7/11/3/5/3/4          2     1  62.8   10.6  246.6  240.2 1149.0 S 0.92 -
1030   25   25    18 0/0/0/0/0                1150.0   900.0   248.1   568.6   85.0   98.0     0 7/11/3/5/3/4          2     3  63.5   10.6  246.6  240.2 1149.0 S 0.76 -
1040   25   25    18 0/0/0/0/0                1150.0   900.0   248.1   568.6   85.0   98.0     0 7/11/3/5/3/4          2     0  61.8   10.4  246.6  248.1 1150.0 S 0.76 -
1050   25   25    18 0/0/0/0/0                1150.0   900.0   248.1   580.2   85.0   98.0     0 7/11/3/5/3/4          2     2  62.1   10.6  246.6  248.1 1149.0 S 0.92 -
1060   25   25    18 0/0/0/0/0                1150.0   900.0   251.6   580.2   85.0   98.0     0 7/11/3/5/3/4          2     1  62.7   10.6  246.6  248.1 1149.0 S 0.92 -
1070   25   25    18 0/0/0/0/0                1150.0   900.0   257.6   580.2   85.0   98.0     0 7/11/3/5/3/4          2     1  62.3   10.6  246.6  251.6 1149.0 S 0.92 -
1080   25   25    18 0/0/0/0/0                1150.0   900.0   263.5   590.5   85.0   98.0     0 7/11/3/5/3/4          2     4  61.8   10.6  246.6  257.6 1149.0 S 0.64 -
1090   25   25    18 0/0/0/0/0                1150.0   900.0   263.5   602.9   85.0   98.0     0 7/11/3/5/3/4          2     2  62.0   10.4  246.6  263.5 1149.0 S 0.64 -
1100   25   25    18 0/0/0/0/0                1150.0   900.0   268.1   612.1   85.0   98.0     0 7/11/3/5/3/4          2     1  61.5   10.7  246.6  263.5 1149.0 S 0.64 -
1110   25   25    18 0/0/0/0/0                1150.0   900.0   272.1   624.1   85.0   98.0     0 7/11/3/5/3/4          2     3  62.4   10.6  246.6  268.1 1149.0 S 0.64 -
1120   26   25    19 0/0/0/0/0                1150.0   900.0   272.1   631.6   85.0   98.0     0 7/11/3/5/3/4          2     1  62.1   10.5  246.6  272.1 1149.0 S 0.69 -
1130   26   26    19 0/0/0/0/0                1150.0   900.0   272.1   638.4   85.0   98.0     0 7/11/3/5/3/4          2     1  63.4   10.6  246.6  272.1 1149.0 S 0.69 -
1140   26   26    19 0/0/0/0/0                1150.0   900.0   278.2   654.1   85.0   98.0     0 7/11/3/5/3/4          2     3  63.1   10.6  246.6  272.1 1149.0 S 0.65 -
1150   26   26    19 0/0/0/0/0                1150.0   900.0   278.2   654.1   85.0   98.0     0 7/11/3/5/3/4          2     1  63.3   10.7  246.6  278.2 1149.0 S 0.69 -
1160   29   26    22 0/0/0/0/0                1150.0   900.0   278.2   662.8   85.0   98.0     0 7/11/3/5/3/4          2     0  62.5   10.1  246.6  278.2 1150.0 S 0.66 -
1170   29   29    22 0/0/0/0/0                1150.0   900.0   278.2   662.8   85.0   98.0     0 7/11/3/5/3/4          2     0  62.5   10.6  246.6  278.2 1150.0 S 0.97 -
1180   29   29    22 0/0/0/0/0                1150.0   900.0   281.8   662.8   85.0   98.0     0 7/11/3/5/3/4          2     1  62.3   10.5  246.6  278.2 1149.0 S 0.69 -
1190   29   29    22 0/0/0/0/0                1150.0   900.0   286.5   669.6   85.0   98.0     0 7/11/3/5/3/4          2     2  62.3   10.9  246.6  281.8 1149.0 S 0.69 -
1200   29   29    22 0/0/0/0/0                1150.0   900.0   286.5   669.6   85.0   98.0     0 7/11/3/5/3/4          2     0  62.6   10.2  246.6  286.5 1150.0 S 0.93 -
1210   29   29    22 0/0/0/0/0                1150.0   900.0   291.5   680.0   85.0   98.0     0 7/11/3/5/3/4          2     3  62.9   10.9  246.6  286.5 1149.0 S 0.93 -
1220   29   29    22 0/0/0/0/0                1150.0   900.0   291.5   692.6   85.0   98.0     0 7/11/3/5/3/4          2     2  63.7   10.8  246.6  291.5 1149.0 S 0.93 -
1230   30   29    23 0/0/0/0/0                1150.0   900.0   296.3   698.4   85.0   98.0     0 7/11/3/5/3/4          2     2  62.3   10.4  246.6  291.5 1149.0 S 0.93 -
1240   30   30    23 0/0/0/0/0                1150.0   900.0   310.3   698.4   85.0   98.0     0 7/11/3/5/3/4          2     3  62.3   10.3  245.7  296.3 1149.0 S 0.93 -
1250   30   30    23 0/0/0/0/0                1150.0   900.0   320.3   704.2   85.0   98.0     0 7/11/3/5/3/4          2     3  62.2   10.8  246.6  310.3 1149.0 S 0.93 -
1260   30   30    23 0/0/0/0/0                1150.0   900.0   320.3   723.6   85.0   98.0     0 7/11/3/5/3/4          2     3  61.0   10.4  246.6  320.3 1149.0 S 0.93 -
1270   30   30    23 0/0/0/0/0                1150.0   900.0   320.3   723.6   85.0   98.0     0 7/11/3/5/3/4          2     0  62.6   10.6  246.6  320.3 1150.0 S 0.93 -
1280   30   30    23 0/0/0/0/0                1150.0   900.0   320.3   730.3   85.0   98.0     0 7/11/3/5/3/4          2     1  61.1   10.7  246.6  320.3 1149.0 S 0.93 -
1290   30   30    23 0/0/0/0/0                1150.0   900.0   320.3   730.3   85.0   98.0     0 7/11/3/5/3/4          2     0  62.3   10.4  246.6  320.3 1150.0 S 0.93 -
1300   30   30    23 0/0/0/0/0                1150.0   900.0   320.3   738.4   85.0   98.0     0 7/11/3/5/3/4          2     1  62.8   10.4  246.6  320.3 1149.0 S 0.83 -
1310   30   30    23 0/0/0/0/0                1150.0   900.0   320.3   738.4   85.0   98.0     0 7/11/3/5/3/4          2     0  61.2   10.7  246.6  320.3 1150.0 S 0.87 -
1320   31   30    24 0/0/0/0/0                1150.0   900.0   320.3   738.4   85.0   98.0     0 7/11/3/5/3/4          2     0  62.8   10.4  245.4  320.3 1149.0 S 0.94 -
1330   31   31    24 0/0/0/0/0                1150.0   900.0   328.4   738.4   85.0   98.0     0 7/11/3/5/3/4          2     2  61.9   10.6  246.6  320.3 1149.0 S 0.94 -
1340   31   31    24 0/0/0/0/0                1150.0   900.0   328.4   738.4   85.0   98.0     0 7/11/3/5/3/4          2     0  62.6   10.6  246.6  328.4 1150.0 S 0.94 -
1350   31   31    24 0/0/0/0/0                1150.0   900.0   328.4   754.5   85.0   98.0     0 7/11/3/5/3/4          2     2  61.7   10.4  246.6  328.4 1149.0 S 0.94 -
1360   31   31    24 0/0/0/0/0                1150.0   900.0   328.4   754.5   85.0   98.0     0 7/11/3/5/3/4          2     0  61.9   11.0  246.6  328.4 1150.0 S 0.94 -
1370   31   31    24 0/0/0/0/0                1150.0   900.0   328.4   754.5   85.0   98.0     0 7/11/3/5/3/4          2     0  61.1   10.1  246.6  328.4 1150.0 S 0.94 -
1380   31   31    24 0/0/0/0/0                1150.0   900.0   328.4   754.5   85.0   98.0     0 7/11/3/5/3/4          2     0  62.1   10.9  246.6  328.4 1150.0 S 0.94 -
1390   31   31    24 0/0/0/0/0                1150.0   900.0   328.4   754.5   85.0   98.0     0 7/11/3/5/3/4          2     0  62.6   10.4  246.6  328.4 1150.0 S 0.94 -
1400   31   31    24 0/0/0/0/0                1150.0   900.0   328.4   754.5   85.0   98.0     0 7/11/3/5/3/4          2     0  63.2   10.5  246.6  328.4 1150.0 S 0.94 -
1410   32   31    25 0/0/0/0/0                1150.0   900.0   328.4   754.5   85.0   98.0     0 7/11/3/5/3/4          2     0  61.9   10.7  243.9  328.4 1149.0 S 0.91 -
1420   32   32    25 0/0/0/0/0                1150.0   900.0   328.4   754.5   85.0   98.0     0 7/11/3/5/3/4          2     0  63.2   10.4  246.6  328.4 1150.0 S 0.94 -
1430   32   32    25 0/0/0/0/0                1150.0   900.0   328.4   754.5   85.0   98.0     0 7/11/3/5/3/4          2     0  61.4   10.4  246.6  328.4 1150.0 S 0.94 -
1440   32   32    25 0/0/0/0/0                1150.0   900.0   333.2   754.5   85.0   98.0     0 7/11/3/5/3/4          2     1  60.8   10.7  246.6  328.4 1149.0 S 0.94 -
1450   32   32    25 0/0/0/0/0                1150.0   900.0   333.2   754.5   85.0   98.0     0 7/11/3/5/3/4          2     0  62.6   10.4  246.6  333.2 1150.0 S 0.94 -
1460   33   32    26 0/0/0/0/0                1150.0   900.0   333.2   754.5   85.0   98.0     0 7/11/3/5/3/4          2     0  60.9   10.8  246.6  333.2 1150.0 S 0.97 -
1470   34   33    27 0/0/0/0/0                1150.0   900.0   338.7   754.5   85.0   98.0     0 7/11/3/5/3/4          2     1  62.5   10.3  246.6  333.2 1149.0 S 1.00 -
1480   34   34    27 0/0/0/0/0                1150.0   900.0   338.7   754.5   85.0   98.0     0 7/11/3/5/3/4          2     0  63.6   10.5  246.6  338.7 1150.0 S 0.97 -
1490   34   34    27 0/0/0/0/0                1150.0   900.0   342.7   754.5   85.0   98.0     0 7/11/3/5/3/4          2     1  61.5   10.6  246.6  338.7 1149.0 S 0.97 -
1500   35   34    28 0/0/0/0/0                1150.0   900.0   342.7   754.5   85.0   98.0     0 7/11/3/5/3/4          2     0  63.2   10.5  243.7  342.7 1149.0 S 0.97 -

targets for seed 42 (1500 sols):
  T1 PASS run min pop 7 (needs >= 5), final pop 35
  T2 PASS deaths 0 (air 0 thirst 0 hunger 0 eva 0 other 0), unexplained 0
  T3 PASS births 28, first_birth_sol 280, at_capacity 0, cooldown_violations 0, pop@30=7, pop@100=7, pop@300=12
  T4 PASS min O2 261.5, food 203.1; ice never ran dry: min ice 65.9, ice>30 92.0, thirst deaths 0; max ice/target 1.36, regolith/target 1.33
  T5 PASS demand>supply 0.00% of steps (<=10), max shorts/sol 0 (<=2), max offline 0.0 h (<=24.7), first new reactor sol 5 (<=15)
  T6 PASS limited 33598.3 h = 90.83% (>=2% provisional; 4 of 5 seeds), site busy 92.8%; waiting_regolith 345.0 h, site_no_crew 33253.3 h
  T7 PASS turn_backs_air 0, exhausted 177, reachable>=2 at 100.0% of 1500 sol samples (>=95), trips 572
  T8 PASS row avg energy 50.3..64.6 (40..90), row asleep 9.4..12.3% (5..30), max sleep 8.8 h (<=18)
  T9 N/A  checked by repeating the run and by tests/test_determinism.gd (compare the table sha256)
  T10 FAIL first settlement sol 289 (40..150), age_changes 1 (<=4), min gap between consecutive history entries 289 (>=20), history 2 entries (changes+1 = 2); report: sols_in_age landing 289 settlement 1211 council 0, age at end settlement, changes [sol 289 settled], fall back causes [none], not-ok sols 48 (by group, a sol can fail several: ice 0, food 1, oxygen 1, power 0, death 0, unrest 47)
  T11 PASS (1) list lengths 1501/1501/1501/1501 ok; (2) lonely mean of last 50 readings 0.023 (max 0.35) ok; (3) friends_mean 8.74 (1.0..15.0) ok; (4) first_friendship_sol 153 ok; (5) lines_dropped (total) 0 ok; report: web 0.97 second 0.00 lonely 0.03 friends_mean 8.74 friends share of colony 0.257 (pop 35)
  T12 PASS (1) list lengths 1501/1501/1501 ok; (2) C2 ok; (3) council changes 0 (<=4) ok; (4) proposals 0 ok; (5) one Council line per boundary ok; report: first Council sol <null>, meetings 0, proposals [], pledge sol <null> reason -, lines {"circles_few":2}, dropped 0; council_min_seeds 3 pledge_min_seeds 1
RESULT FAIL (target 9 determinism: table sha256 265d512d1f828b67)
