# INVALID RUN: the multiplier override arrived as a String; every step logged 'SCRIPT ERROR: Trying to assign value of type String to a variable of type Dictionary at SimWorld._water_heads' (739792 times, removed here). See docs/specs/water-throughput.md section 6.
Godot Engine v4.5.stable.official.876b29033 - https://godotengine.org

# station zero balance run: seed=99 sols=1500 overrides=[colony.consumption.ice_stage_mult={baby:0.3,toddler:0.5,child:0.75,teen:1.0,adult:1.0}] fixed_step=0.05 data_hash=486f7d81b6bbb23f
# deaths and births are cumulative; shorts, trips, energy, asleep, wait, min_* are for the 30-sol window
 sol  pop  min birth dead a/t/h/o/x           oxygen    food     ice   regol   dmnd   supp short bldg R/H/W/G/A/C  reach trips  avgE asleep%  waitH minIce  minO2 age web cn
  10    7    7     0 0/0/0/0/0                 387.9   296.2    69.2    61.0   13.0   14.0     0 1/1/1/1/0/0           2     4  55.9    9.7  205.9   64.4  262.5 L 1.00 -
  20    7    7     0 0/0/0/0/0                 550.0   420.0    78.7    75.5   13.0   28.0     0 2/1/1/1/0/0           2    11  54.0   11.2  181.6   69.2  388.0 L 1.00 -
  30    7    7     0 0/0/0/0/0                 550.0   420.0    91.2    85.8   16.0   28.0     0 2/2/1/1/0/0           2    10  55.4   11.2  146.4   78.7  549.0 L 1.00 -
  40    7    7     0 0/0/0/0/0                 700.0   540.0    98.4    79.5   20.0   28.0     0 2/2/1/2/0/0           2     8  57.9   11.9  186.1   91.2  548.5 L 1.00 -
  50    7    7     0 0/0/0/0/0                 700.0   540.0   113.4   138.2   21.0   28.0     0 2/3/1/2/0/0           2    10  56.7   11.8   54.3   98.4  699.0 L 0.86 -
  60    7    7     0 0/0/0/0/0                 700.0   540.0   137.6   125.9   23.0   28.0     0 2/3/1/2/0/0           2    12  57.5   11.5   87.7  113.4  699.0 L 0.71 -
  70    7    7     0 0/0/0/0/0                 700.0   540.0   146.7   190.5   23.0   28.0     0 2/3/1/2/1/0           2    14  58.1   11.2   22.3  137.6  698.2 L 0.71 -
  80    7    7     0 0/0/0/0/0                 700.0   540.0   161.7   174.5   25.0   28.0     0 2/3/1/2/2/0           2     8  56.9   11.4   40.8  146.7  699.0 L 0.71 -
  90    7    7     0 0/0/0/0/0                 700.0   540.0   161.7   168.5   25.0   42.0     0 3/3/1/2/2/0           2     7  58.6   11.1  121.7  161.7  699.0 L 0.71 -
 100    7    7     0 0/0/0/0/0                 700.0   540.0   161.7   130.1   27.0   42.0     0 3/3/1/2/2/0           2     5  61.4   11.4   81.6  161.7  699.0 L 0.71 -
 110    7    7     0 0/0/0/0/0                 700.0   540.0   161.7   105.4   30.0   42.0     0 3/4/1/2/2/0           2     8  57.4   10.7  101.5  161.7  699.0 L 0.86 -
 120    7    7     0 0/0/0/0/0                 700.0   540.0   161.7    80.5   32.0   42.0     0 3/4/1/2/3/0           2     6  59.2   12.3   64.1  161.7  699.0 L 0.86 -
 130    7    7     0 0/0/0/0/0                 700.0   540.0   161.7   117.4   32.0   42.0     0 3/4/1/2/3/0           2     5  58.1   10.8  224.2  161.7  699.0 L 0.86 -
 140    7    7     0 0/0/0/0/0                 700.0   540.0   161.7   172.8   33.0   42.0     0 3/5/1/2/3/0           2     9  57.2   11.3  103.4  161.7  699.0 L 0.86 -
 150    7    7     0 0/0/0/0/0                 700.0   540.0   161.7   164.2   35.0   42.0     0 3/5/1/2/3/0           2    11  60.7   11.3    4.0  161.7  698.5 L 0.86 -
 160    7    7     0 0/0/0/0/0                 700.0   540.0   161.7   105.9   39.0   42.0     0 3/5/2/2/3/0           2     3  57.8   10.9  206.7  161.7  699.0 L 0.86 -
 170    7    7     0 0/0/0/0/0                 700.0   540.0   161.7   174.5   39.0   42.0     0 3/5/2/2/4/0           2    13  55.6   11.9   43.5  161.7  699.0 L 0.86 -
 180    7    7     0 0/0/0/0/0                 700.0   540.0   161.7   156.4   41.0   42.0     0 3/5/2/2/4/0           2     6  59.1   11.4  188.0  161.7  699.0 L 0.71 -
 190    7    7     0 0/0/0/0/0                 699.1   540.0   161.7   200.8   39.0   56.0     0 4/5/2/2/4/0           2     8  58.2   11.1  161.9  161.7  699.0 L 0.71 -
 200    7    7     0 0/0/0/0/0                 700.0   540.0   161.7   168.6   41.0   56.0     0 4/5/2/2/4/0           2     8  59.7   11.1   27.0  161.7  698.1 L 0.71 -
 210    7    7     0 0/0/0/0/0                 700.0   540.0   161.7   130.1   45.0   56.0     0 4/5/3/2/4/0           2     8  56.0   10.8  195.2  161.7  699.0 L 0.71 -
 220    7    7     0 0/0/0/0/0                 700.0   540.0   161.7   179.1   45.0   56.0     0 4/5/3/2/5/0           2     7  59.1   12.2  124.8  161.7  699.0 L 0.71 -
 230    7    7     0 0/0/0/0/0                 700.0   540.0   161.7   145.5   47.0   56.0     0 4/5/3/2/5/0           2     8  60.8   11.7   11.8  161.7  699.0 L 0.71 -
 240    7    7     0 0/0/0/0/0                 700.0   540.0   161.7   209.8   48.0   56.0     0 4/6/3/2/5/0           2     9  59.1   11.2  133.9  161.7  699.0 L 0.71 -
 250    7    7     0 0/0/0/0/0                 700.0   540.0   161.7   271.0   48.0   56.0     0 4/6/3/2/5/0           2    10  60.6   11.3    0.0  161.7  699.0 L 0.86 -
 260    7    7     0 0/0/0/0/0                 700.0   540.0   161.7   309.7   48.0   56.0     0 4/6/3/2/5/0           2     3  59.7   10.9    0.0  161.7  699.0 L 0.86 -
 270    7    7     0 0/0/0/0/0                 700.0   540.0   161.7   252.9   50.0   56.0     0 4/6/3/2/5/0           2     6  59.6   10.7  138.9  161.7  699.0 L 0.86 -
 280    7    7     0 0/0/0/0/0                 700.0   540.0   161.7   174.7   53.0   56.0     0 4/6/3/2/5/1           2     4  55.0   10.7  209.8  161.7  699.0 L 0.86 -
 290    7    7     0 0/0/0/0/0                 700.0   540.0   161.7    98.1   57.0   56.0     1 4/6/3/2/5/1           2     5  56.2   11.8  222.2  161.7  699.0 L 0.71 -
 300   11    7     4 0/0/0/0/0                 809.5   618.5   161.7   163.2   55.0   70.0     0 5/6/3/3/5/1           2     9  60.6   11.2  178.6  161.7  699.0 L 0.73 -
 310   12   11     5 0/0/0/0/0                 850.0   660.0   161.7   122.0   57.0   70.0     0 5/6/3/3/5/1           2    12  60.4   11.0  187.1  161.7  809.7 L 0.92 -
 320   12   12     5 0/0/0/0/0                 850.0   660.0   161.7    51.8   60.0   70.0     0 5/6/3/3/5/2           2     8  61.8   11.1  205.5  161.7  849.0 L 0.92 -
 330   13   12     6 0/0/0/0/0                 850.0   660.0   161.7    89.7   60.0   70.0     0 5/6/3/3/5/2           2     6  62.8   10.8  246.6  161.7  849.0 L 0.85 -
 340   13   13     6 0/0/0/0/0                 850.0   660.0   161.7   130.8   60.0   70.0     0 5/6/3/3/5/2           2     7  59.5   11.0  236.8  161.7  849.0 S 0.92 -
 350   13   13     6 0/0/0/0/0                 850.0   660.0   161.7   169.2   60.0   70.0     0 5/6/3/3/5/2           2     5  62.5   10.3  231.7  161.7  849.0 S 0.92 -
 360   13   13     6 0/0/0/0/0                 850.0   660.0   161.7   231.5   60.0   70.0     0 5/6/3/3/6/2           2     9  60.1   11.0  189.9  161.7  849.0 S 0.92 -
 370   13   13     6 0/0/0/0/0                1000.0   780.0   161.7   205.7   64.0   70.0     0 5/6/3/4/6/2           2    14  62.4   11.3   77.7  161.7  849.0 S 0.92 -
 380   13   13     6 0/0/0/0/0                1000.0   780.0   161.7   165.2   66.0   70.0     0 5/6/3/4/6/2           2    10  62.1   11.1  100.8  161.7  998.2 S 0.92 -
 390   13   13     6 0/0/0/0/0                1000.0   780.0   161.7   226.6   66.0   70.0     0 5/6/3/4/6/2           2     9  61.9   10.7  242.3  161.7  999.0 S 0.92 -
 400   13   13     6 0/0/0/0/0                1000.0   780.0   161.7   251.8   66.0   70.0     0 5/6/3/4/6/2           2     4  62.8   10.8  235.6  161.7  999.0 S 0.92 -
 410   13   13     6 0/0/0/0/0                1000.0   780.0   161.7   306.6   66.0   70.0     0 5/6/3/4/6/2           2     7  61.2   10.9  235.0  161.7  999.0 S 0.92 -
 420   13   13     6 0/0/0/0/0                1150.0   900.0   161.7   368.0   68.0   70.0     0 5/6/3/5/6/2           2     9  62.3   10.7   44.0  161.7  999.0 S 0.92 -
 430   13   13     6 0/0/0/0/0                1150.0   900.0   161.7   394.5   68.0   70.0     0 5/6/3/5/6/2           2     6  61.0   10.5    0.0  161.7 1149.0 S 0.92 -
 440   13   13     6 0/0/0/0/0                1150.0   900.0   161.7   433.0   68.0   70.0     0 5/6/3/5/6/2           2     5  61.9   11.1    0.0  161.7 1149.0 S 0.92 -
 450   13   13     6 0/0/0/0/0                1150.0   900.0   161.7   479.0   68.0   70.0     0 5/6/3/5/6/2           2     6  63.5   10.8    0.0  161.7 1149.0 S 0.92 -
 460   13   13     6 0/0/0/0/0                1150.0   900.0   161.7   511.1   68.0   70.0     0 5/6/3/5/6/2           2     5  63.2   10.7    0.0  161.7 1149.0 S 0.92 -
 470   13   13     6 0/0/0/0/0                1150.0   900.0   161.7   405.3   70.0   70.0     0 5/6/3/5/6/2           2     3  63.9   11.2   65.1  161.7 1149.0 S 0.92 -
 480   13   13     6 0/0/0/0/0                1150.0   900.0   161.7   421.4   68.0   84.0     0 6/6/3/5/6/2           2     4  64.1   10.4   19.5  161.7 1149.0 S 0.92 -
 490   13   13     6 0/0/0/0/0                1150.0   900.0   161.7   324.3   70.0   84.0     0 6/6/3/5/6/2           2     6  62.4   10.8  101.9  161.7 1149.0 S 0.92 -
 500   13   13     6 0/0/0/0/0                1150.0   900.0   161.7   357.8   70.0   84.0     0 6/6/3/5/6/2           2     4  63.0   10.5  245.9  161.7 1149.0 S 0.92 -
 510   13   13     6 0/0/0/0/0                1150.0   900.0   161.7   409.6   70.0   84.0     0 6/6/3/5/6/2           2     6  60.2   11.3  229.3  161.7 1149.0 S 0.92 -
 520   13   13     6 0/0/0/0/0                1150.0   900.0   161.7   453.1   70.0   84.0     0 6/6/3/5/6/2           2     5  61.2   10.5  240.5  161.7 1149.0 S 0.92 -
 530   13   13     6 0/0/0/0/0                1150.0   900.0   161.7   469.3   70.0   84.0     0 6/6/3/5/6/2           2     2  64.0   10.5  243.8  161.7 1149.0 S 0.92 -
 540   13   13     6 0/0/0/0/0                1150.0   900.0   161.7   357.7   72.0   84.0     0 6/6/3/5/8/2           2     5  60.8   10.7  151.9  161.7 1149.0 S 0.92 -
 550   13   13     6 0/0/0/0/0                1150.0   900.0   161.7   296.9   74.0   84.0     0 6/6/3/5/8/2           2    11  65.0   11.2    7.9  161.7 1149.0 S 0.92 -
 560   13   13     6 0/0/0/0/0                1150.0   900.0   161.7   324.6   75.0   84.0     0 6/7/3/5/8/2           2     3  61.6   10.9  176.6  161.7 1149.0 S 0.92 -
 570   16   13     9 0/0/0/0/0                1150.0   900.0   161.7   375.6   75.0   84.0     0 6/7/3/5/8/2           2     8  63.3   11.0    0.0  161.7 1149.0 S 1.00 -
 580   18   16    11 0/0/0/0/0                1150.0   900.0   172.1   447.4   75.0   84.0     0 6/7/3/5/8/2           2     9  64.1   10.7    0.0  161.7 1149.0 S 1.00 -
 590   18   18    11 0/0/0/0/0                1150.0   900.0   178.0   484.2   75.0   84.0     0 6/7/3/5/8/2           2     6  64.3   10.7    0.0  172.1 1149.0 S 0.94 -
 600   19   18    12 0/0/0/0/0                1150.0   900.0   184.5   515.9   75.0   84.0     0 6/7/3/5/8/2           2     5  64.7   10.9    0.0  178.0 1149.0 S 0.95 -
 610   19   19    12 0/0/0/0/0                1150.0   900.0   184.5   381.0   77.0   84.0     0 6/7/3/5/8/2           2     2  63.7   10.1  225.5  184.5 1149.0 S 0.89 -
 620   19   19    12 0/0/0/0/0                1150.0   900.0   184.5   426.0   77.0   84.0     0 6/7/3/5/8/2           2     6  62.9   10.9  221.2  184.5 1149.0 S 0.89 -
 630   19   19    12 0/0/0/0/0                1150.0   900.0   192.3   450.7   78.0   84.0     0 6/8/3/5/8/2           2     7  63.5   11.0  165.9  184.5 1149.0 S 0.89 -
 640   19   19    12 0/0/0/0/0                1150.0   900.0   197.6   468.6   78.0   84.0     0 6/8/3/5/8/2           2     4  64.7   10.6    0.0  192.3 1149.0 S 0.89 -
 650   19   19    12 0/0/0/0/0                1150.0   900.0   197.6   499.8   78.0   84.0     0 6/8/3/5/8/2           2     3  64.4   10.6    0.0  197.6 1149.0 S 0.95 -
 660   19   19    12 0/0/0/0/0                1150.0   900.0   197.6   514.0   78.0   84.0     0 6/8/3/5/8/2           2     3  62.8   11.1    0.0  197.6 1149.0 S 0.95 -
 670   19   19    12 0/0/0/0/0                1150.0   900.0   197.6   514.0   78.0   84.0     0 6/8/3/5/8/2           2     0  62.6   10.2    0.0  197.6 1150.0 S 1.00 -
 680   19   19    12 0/0/0/0/0                1150.0   900.0   197.6   384.4   80.0   84.0     0 6/8/3/5/8/2           2     3  61.7   10.6  178.7  197.6 1149.0 S 0.95 -
 690   19   19    12 0/0/0/0/0                1300.0  1020.0   197.6   401.7   82.0   84.0     0 6/8/3/6/8/2           2     3  61.8   11.1   71.8  197.6 1149.0 S 0.95 -
 700   19   19    12 0/0/0/0/0                1300.0  1020.0   197.6   457.5   82.0   84.0     0 6/8/3/6/8/2           2     7  62.2   10.4    0.0  197.6 1298.7 S 0.95 -
 710   19   19    12 0/0/0/0/0                1300.0  1020.0   197.6   487.8   82.0   84.0     0 6/8/3/6/8/2           2     6  63.0   10.8    0.0  197.6 1299.0 S 0.95 -
 720   19   19    12 0/0/0/0/0                1300.0  1020.0   197.6   383.7   82.0   98.0     0 7/8/3/6/8/2           2     6  60.4   11.1   55.5  197.6 1299.0 S 0.95 -
 730   19   19    12 0/0/0/0/0                1300.0  1020.0   197.6   420.1   82.0   98.0     0 7/8/3/6/8/2           2     4  63.1   10.4    0.0  197.6 1299.0 S 1.00 -
 740   19   19    12 0/0/0/0/0                1300.0  1020.0   197.6   297.6   84.0   98.0     0 7/8/3/6/8/2           2     6  62.8   10.9  168.9  197.6 1299.0 S 1.00 -
 750   19   19    12 0/0/0/0/0                1300.0  1020.0   197.6   342.2   85.0   98.0     0 7/9/3/6/8/2           2     5  62.2   10.6  144.0  197.6 1299.0 S 0.95 -
 760   19   19    12 0/0/0/0/0                1300.0  1020.0   197.6   390.4   85.0   98.0     0 7/9/3/6/8/2           2     7  62.4   10.8    0.0  197.6 1299.0 S 0.95 -
 770   19   19    12 0/0/0/0/0                1300.0  1020.0   197.6   459.8   85.0   98.0     0 7/9/3/6/8/2           2     8  63.2   10.7    0.0  197.6 1299.0 S 1.00 -
 780   19   19    12 0/0/0/0/0                1300.0  1020.0   197.6   504.0   85.0   98.0     0 7/9/3/6/8/2           2     6  62.2   11.0    0.0  197.6 1299.0 S 1.00 -
 790   19   19    12 0/0/0/0/0                1300.0  1020.0   197.6   384.0   87.0   98.0     0 7/9/3/6/8/2           2     7  61.4   10.7  165.8  197.6 1299.0 S 1.00 -
 800   19   19    12 0/0/0/0/0                1450.0  1140.0   197.6   431.8   89.0   98.0     0 7/9/3/7/8/2           2     9  63.2   10.7   14.8  197.6 1299.0 S 1.00 -
 810   19   19    12 0/0/0/0/0                1450.0  1140.0   197.6   486.2   89.0   98.0     0 7/9/3/7/8/2           2     5  63.0   11.2    0.0  197.6 1449.0 S 1.00 -
 820   19   19    12 0/0/0/0/0                1450.0  1140.0   197.6   386.0   91.0   98.0     0 7/9/3/7/8/2           2     7  62.9   10.4  175.6  197.6 1449.0 S 1.00 -
 830   19   19    12 0/0/0/0/0                1450.0  1140.0   197.6   420.9   91.0   98.0     0 7/9/3/7/8/2           2     5  61.0   10.5  221.8  197.6 1449.0 S 1.00 -
 840   22   19    15 0/0/0/0/0                1600.0  1260.0   197.6   306.3   95.0   98.0     0 7/9/3/8/8/2           2     9  62.1   10.9  212.4  197.6 1449.0 S 1.00 -
 850   23   22    16 0/0/0/0/0                1600.0  1260.0   197.6   354.5   95.0   98.0     0 7/9/3/8/8/2           2     7  62.2   10.8  215.7  197.6 1599.0 S 1.00 -
 860   23   23    16 0/0/0/0/0                1600.0  1260.0   205.7   248.7   98.0   98.0     0 7/9/3/8/8/3           2    11  63.0   10.7  111.5  197.6 1599.0 S 1.00 -
 870   23   23    16 0/0/0/0/0                1600.0  1260.0   205.7   308.6   98.0   98.0     0 7/9/3/8/8/3           2     7  63.3   10.7  246.6  205.7 1599.0 S 1.00 -
 880   24   23    17 0/0/0/0/0                1600.0  1260.0   205.7   354.0   98.0   98.0     0 7/9/3/8/8/3           2     7  62.6   10.7  246.6  205.7 1599.0 S 1.00 -
 890   24   24    17 0/0/0/0/0                1600.0  1260.0   205.7   370.2   98.0   98.0     0 7/9/3/8/8/3           2     1  63.0   10.5  242.6  205.7 1599.0 S 1.00 -
 900   24   24    17 0/0/0/0/0                1600.0  1260.0   213.1   414.1   98.0   98.0     0 7/9/3/8/8/3           2     6  62.2   10.7  243.2  205.7 1599.0 S 1.00 -
 910   24   24    17 0/0/0/0/0                1600.0  1260.0   219.4   437.8   98.0   98.0     0 7/9/3/8/8/3           2     5  63.3   10.6  240.6  213.1 1599.0 S 0.96 -
 920   24   24    17 0/0/0/0/0                1600.0  1260.0   219.4   453.7   98.0   98.0     0 7/9/3/8/8/3           2     3  62.2   10.4  241.6  219.4 1599.0 S 1.00 -
 930   24   24    17 0/0/0/0/0                1600.0  1260.0   225.4   500.4   98.0   98.0     0 7/9/3/8/8/3           2     7  61.5   10.5  237.3  219.4 1599.0 S 1.00 -
 940   24   24    17 0/0/0/0/0                1600.0  1260.0   242.0   535.5   98.0   98.0     0 7/9/3/8/8/3           2     8  62.4   10.9  242.6  225.4 1599.0 S 1.00 -
 950   24   24    17 0/0/0/0/0                1600.0  1260.0   245.8   557.7   98.0   98.0     0 7/9/3/8/8/3           2     4  61.3   10.7  244.7  242.0 1599.0 S 1.00 -
 960   24   24    17 0/0/0/0/0                1600.0  1260.0   250.4   587.6   98.0   98.0     0 7/9/3/8/8/3           2     5  61.2   10.4  246.6  245.8 1599.0 S 1.00 -
 970   24   24    17 0/0/0/0/0                1600.0  1260.0   250.4   621.1   98.0   98.0     0 7/9/3/8/8/3           2     6  61.1   10.8  246.6  250.4 1599.0 S 1.00 -
 980   25   24    18 0/0/0/0/0                1600.0  1260.0   250.4   634.1   98.0   98.0     0 7/9/3/8/8/3           2     2  62.9   10.6  246.6  250.4 1599.0 S 1.00 -
 990   25   25    18 0/0/0/0/0                1600.0  1260.0   261.6   642.8   98.0   98.0     0 7/9/3/8/8/3           2     3  60.9   10.5  246.6  250.4 1599.0 S 1.00 -
1000   25   25    18 0/0/0/0/0                1600.0  1260.0   261.6   662.0   98.0   98.0     0 7/9/3/8/8/3           2     3  61.2   10.4  246.6  261.6 1599.0 S 1.00 -
1010   25   25    18 0/0/0/0/0                1600.0  1260.0   261.6   662.0   98.0   98.0     0 7/9/3/8/8/3           2     0  63.1   10.7  246.6  261.6 1600.0 S 1.00 -
1020   25   25    18 0/0/0/0/0                1600.0  1260.0   261.6   665.8   98.0   98.0     0 7/9/3/8/8/3           2     1  61.6   10.5  246.6  261.6 1599.0 S 1.00 -
1030   25   25    18 0/0/0/0/0                1600.0  1260.0   261.6   665.8   98.0   98.0     0 7/9/3/8/8/3           2     0  62.2   10.4  240.3  261.6 1599.0 S 1.00 -
1040   25   25    18 0/0/0/0/0                1600.0  1260.0   261.6   495.7   98.0  112.0     0 8/9/3/8/8/3           2     1  61.2   10.6  149.7  261.6 1599.0 S 0.96 -
1050   25   25    18 0/0/0/0/0                1600.0  1260.0   261.6   507.5   98.0  112.0     0 8/9/3/8/8/3           2     2  61.9   10.7  243.8  261.6 1599.0 S 0.96 -
1060   25   25    18 0/0/0/0/0                1600.0  1260.0   261.6   535.2   98.0  112.0     0 8/9/3/8/8/3           2     4  62.8   10.7  235.9  261.6 1599.0 S 0.96 -
1070   25   25    18 0/0/0/0/0                1600.0  1260.0   261.6   549.1   98.0  112.0     0 8/9/3/8/8/3           2     2  62.2   10.5  243.9  261.6 1599.0 S 0.96 -
1080   25   25    18 0/0/0/0/0                1600.0  1260.0   261.6   563.0   98.0  112.0     0 8/9/3/8/8/3           2     2  61.2   10.6  234.2  261.6 1599.0 S 0.96 -
1090   25   25    18 0/0/0/0/0                1600.0  1260.0   261.6   580.5   98.0  112.0     0 8/9/3/8/8/3           2     4  61.5   10.5  240.2  261.6 1599.0 S 0.96 -
1100   25   25    18 0/0/0/0/0                1600.0  1260.0   261.6   588.0   98.0  112.0     0 8/9/3/8/8/3           2     0  62.5   10.9  246.6  261.6 1600.0 S 0.96 -
1110   27   25    20 0/0/0/0/0                1750.0  1380.0   261.6   417.8  103.0  112.0     0 8/10/3/9/8/3          2     4  60.6   10.3  181.8  261.6 1599.0 S 0.96 -
1120   28   27    21 0/0/0/0/0                1750.0  1380.0   266.8   471.2  103.0  112.0     0 8/10/3/9/8/3          2     5  62.6   11.0    0.0  261.6 1749.0 S 0.96 -
1130   29   28    22 0/0/0/0/0                1750.0  1380.0   278.0   527.6  103.0  112.0     0 8/10/3/9/8/3          2    10  63.3   10.6    0.0  266.8 1749.0 S 0.97 -
1140   29   29    22 0/0/0/0/0                1750.0  1380.0   297.9   562.8  103.0  112.0     0 8/10/3/9/8/3          2     9  62.6   10.4    0.0  278.0 1749.0 S 0.97 -
1150   30   29    23 0/0/0/0/0                1750.0  1380.0   303.4   415.0  105.0  112.0     0 8/10/3/9/8/3          2     6  64.6   11.0   68.7  297.9 1749.0 S 0.97 -
1160   30   30    23 0/0/0/0/0                1750.0  1380.0   306.7   443.6  106.0  112.0     0 8/10/3/9/8/4          2     6  62.4   10.7  165.6  303.4 1749.0 S 0.97 -
1170   30   30    23 0/0/0/0/0                1750.0  1380.0   311.1   284.0  109.0  112.0     0 8/11/3/9/8/4          2     6  62.9   10.6  149.9  306.7 1749.0 S 0.97 -
1180   30   30    23 0/0/0/0/0                1750.0  1380.0   316.1   168.2  111.0  112.0     0 8/11/3/9/8/4          2    11  62.2   11.0   28.5  311.1 1749.0 S 0.97 -
1190   30   30    23 0/0/0/0/0                1750.0  1380.0   316.1   231.1  111.0  112.0     0 8/11/3/9/8/4          2     7  63.4   10.6  242.5  316.1 1749.0 S 0.97 -
1200   30   30    23 0/0/0/0/0                1750.0  1380.0   316.1   284.6  111.0  112.0     0 8/11/3/9/8/4          2     8  62.5   10.6  245.1  316.1 1748.0 S 0.97 -
1210   30   30    23 0/0/0/0/0                1750.0  1380.0   316.1   323.6  111.0  112.0     0 8/11/3/9/8/4          2     4  63.7   10.8  246.6  316.1 1749.0 S 0.97 -
1220   30   30    23 0/0/0/0/0                1750.0  1380.0   316.1   370.8  111.0  112.0     0 8/11/3/9/8/4          2     7  62.2   10.4  244.3  316.1 1749.0 S 0.97 -
1230   30   30    23 0/0/0/0/0                1750.0  1380.0   316.1   445.8  111.0  112.0     0 8/11/3/9/8/4          2    11  61.6   11.1  242.5  316.1 1749.0 S 0.97 -
1240   30   30    23 0/0/0/0/0                1750.0  1380.0   316.1   467.7  111.0  112.0     0 8/11/3/9/8/4          2     2  62.3   10.5  246.6  316.1 1749.0 S 0.97 -
1250   31   30    24 0/0/0/0/0                1750.0  1380.0   321.5   514.9  111.0  112.0     0 8/11/3/9/8/4          2     7  61.7   10.4  246.6  316.1 1749.0 S 0.97 -
1260   31   31    24 0/0/0/0/0                1750.0  1380.0   324.6   538.5  111.0  112.0     0 8/11/3/9/8/4          2     5  62.4   10.9  246.6  321.5 1749.0 S 0.97 -
1270   31   31    24 0/0/0/0/0                1750.0  1380.0   328.9   550.8  111.0  112.0     0 8/11/3/9/8/4          2     5  62.0   10.3  240.0  324.6 1749.0 S 0.97 -
1280   31   31    24 0/0/0/0/0                1750.0  1380.0   328.9   570.3  111.0  112.0     0 8/11/3/9/8/4          2     1  62.6   10.7  241.0  328.9 1749.0 S 0.97 -
1290   31   31    24 0/0/0/0/0                1750.0  1380.0   328.9   590.5  111.0  112.0     0 8/11/3/9/8/4          2     3  62.5   10.4  239.8  328.9 1749.0 S 0.97 -
1300   31   31    24 0/0/0/0/0                1750.0  1380.0   328.9   600.9  111.0  112.0     0 8/11/3/9/8/4          2     2  62.0   10.6  238.1  328.9 1749.0 S 0.97 -
1310   31   31    24 0/0/0/0/0                1750.0  1380.0   328.9   609.6  111.0  112.0     0 8/11/3/9/8/4          2     1  61.8   10.7  246.6  328.9 1749.0 S 0.97 -
1320   31   31    24 0/0/0/0/0                1750.0  1380.0   328.9   609.6  111.0  112.0     0 8/11/3/9/8/4          2     0  61.8   10.7  246.6  328.9 1750.0 S 0.97 -
1330   31   31    24 0/0/0/0/0                1750.0  1380.0   328.9   421.6  111.0  126.0     0 9/11/3/9/8/4          2     2  62.8   10.5  139.2  328.9 1749.0 S 0.97 -
1340   31   31    24 0/0/0/0/0                1750.0  1380.0   328.9   452.9  111.0  126.0     0 9/11/3/9/8/4          2     3  63.5   10.7  246.6  328.9 1749.0 S 0.97 -
1350   31   31    24 0/0/0/0/0                1750.0  1380.0   328.9   487.0  111.0  126.0     0 9/11/3/9/8/4          2     4  62.4   10.7  246.6  328.9 1749.0 S 0.97 -
1360   31   31    24 0/0/0/0/0                1750.0  1380.0   328.9   520.1  111.0  126.0     0 9/11/3/9/8/4          2     6  63.2   10.9  246.6  328.9 1749.0 S 0.97 -
1370   31   31    24 0/0/0/0/0                1750.0  1380.0   328.9   540.6  111.0  126.0     0 9/11/3/9/8/4          2     2  60.9   10.3  246.6  328.9 1749.0 S 0.97 -
1380   31   31    24 0/0/0/0/0                1750.0  1380.0   328.9   540.6  111.0  126.0     0 9/11/3/9/8/4          2     0  62.4   10.5  246.6  328.9 1750.0 S 0.97 -
1390   33   31    26 0/0/0/0/0                1750.0  1380.0   328.9   552.1  111.0  126.0     0 9/11/3/9/8/4          2     2  61.6   10.6  246.6  328.9 1749.0 S 0.97 -
1400   35   33    28 0/0/0/0/0                1750.0  1380.0   334.7   590.6  111.0  126.0     0 9/11/3/9/8/4          2     7  62.3   10.7  246.6  328.9 1749.0 S 1.00 -
1410   35   35    28 0/0/0/0/0                1750.0  1380.0   334.7   620.3  111.0  126.0     0 9/11/3/9/8/4          2     3  62.4   10.6  246.6  334.7 1749.0 S 1.00 -
1420   35   35    28 0/0/0/0/0                1750.0  1380.0   334.7   636.3  111.0  126.0     0 9/11/3/9/8/4          2     3  63.0   10.4  246.6  334.7 1749.0 S 1.00 -
1430   36   35    29 0/0/0/0/0                1750.0  1380.0   343.8   642.7  111.0  126.0     0 9/11/3/9/8/4          2     3  62.7   11.0  246.6  334.7 1749.0 S 0.97 -
1440   36   36    29 0/0/0/0/0                1750.0  1380.0   343.8   642.7  111.0  126.0     0 9/11/3/9/8/4          2     0  63.0   10.4  246.6  343.8 1750.0 S 0.97 -
1450   36   36    29 0/0/0/0/0                1750.0  1380.0   351.4   659.4  111.0  126.0     0 9/11/3/9/8/4          2     4  62.9   10.3  246.6  343.8 1749.0 S 0.97 -
1460   36   36    29 0/0/0/0/0                1750.0  1380.0   355.4   668.2  111.0  126.0     0 9/11/3/9/8/4          2     2  63.0   11.0  246.6  351.4 1749.0 S 0.97 -
1470   36   36    29 0/0/0/0/0                1750.0  1380.0   357.8   677.0  111.0  126.0     0 9/11/3/9/8/4          2     3  61.9   10.2  246.6  355.4 1749.0 S 0.97 -
1480   36   36    29 0/0/0/0/0                1750.0  1380.0   365.0   694.5  111.0  126.0     0 9/11/3/9/8/4          2     3  62.3   10.7  246.6  357.8 1749.0 S 0.97 -
1490   36   36    29 0/0/0/0/0                1750.0  1380.0   369.9   694.5  111.0  126.0     0 9/11/3/9/8/4          2     1  61.9   10.5  246.6  365.0 1749.0 S 0.97 -
1500   36   36    29 0/0/0/0/0                1750.0  1380.0   379.9   696.9  111.0  126.0     0 9/11/3/9/8/4          2     3  62.3   10.6  246.6  369.9 1749.0 S 0.97 -

targets for seed 99 (1500 sols):
  T1 PASS run min pop 7 (needs >= 5), final pop 36
  T2 PASS deaths 0 (air 0 thirst 0 hunger 0 eva 0 other 0), unexplained 0
  T3 PASS births 29, first_birth_sol 293, at_capacity 0, cooldown_violations 0, pop@30=7, pop@100=7, pop@300=11
  T4 PASS min O2 262.5, food 203.1; ice never ran dry: min ice 64.4, ice>30 91.2, thirst deaths 0; max ice/target 1.35, regolith/target 1.08
  T5 FAIL demand>supply 0.70% of steps (<=10), max shorts/sol 1 (<=2), max offline 258.0 h (<=24.7), first new reactor sol 11 (<=15)
  T6 PASS limited 23617.2 h = 63.85% (>=2% provisional; 4 of 5 seeds), site busy 67.8%; waiting_regolith 0.0 h, site_no_crew 23617.2 h
  T7 PASS turn_backs_air 0, exhausted 264, reachable>=2 at 100.0% of 1500 sol samples (>=95), trips 834
  T8 PASS row avg energy 54.0..65.0 (40..90), row asleep 9.7..12.3% (5..30), max sleep 8.8 h (<=18)
  T9 N/A  checked by repeating the run and by tests/test_determinism.gd (compare the table sha256)
  T10 FAIL first settlement sol 334 (40..150), age_changes 1 (<=4), min gap between consecutive history entries 334 (>=20), history 2 entries (changes+1 = 2); report: sols_in_age landing 334 settlement 1166 council 0, age at end settlement, changes [sol 334 settled], fall back causes [none], not-ok sols 31 (by group, a sol can fail several: ice 0, food 1, oxygen 1, power 10, death 0, unrest 22)
  T11 FAIL (1) list lengths 1501/1501/1501/1501 ok; (2) lonely mean of last 50 readings 0.028 (max 0.35) ok; (3) friends_mean 18.39 (1.0..15.0) BAD; (4) first_friendship_sol 150 ok; (5) lines_dropped (total) 0 ok; report: web 0.97 second 0.00 lonely 0.03 friends_mean 18.39 friends share of colony 0.525 (pop 36)
  T12 PASS (1) list lengths 1501/1501/1501 ok; (2) C2 ok; (3) council changes 0 (<=4) ok; (4) proposals 0 ok; (5) one Council line per boundary ok; report: first Council sol <null>, meetings 0, proposals [], pledge sol <null> reason -, lines {"circles_few":2}, dropped 0; council_min_seeds 3 pledge_min_seeds 1
RESULT FAIL (target 9 determinism: table sha256 ed9c9568a53f69bf)
