# INVALID RUN: the multiplier override arrived as a String; every step logged 'SCRIPT ERROR: Trying to assign value of type String to a variable of type Dictionary at SimWorld._water_heads' (739792 times, removed here). See docs/specs/water-throughput.md section 6.
Godot Engine v4.5.stable.official.876b29033 - https://godotengine.org

# station zero balance run: seed=7 sols=1500 overrides=[colony.consumption.ice_stage_mult={baby:0.3,toddler:0.5,child:0.75,teen:1.0,adult:1.0}] fixed_step=0.05 data_hash=486f7d81b6bbb23f
# deaths and births are cumulative; shorts, trips, energy, asleep, wait, min_* are for the 30-sol window
 sol  pop  min birth dead a/t/h/o/x           oxygen    food     ice   regol   dmnd   supp short bldg R/H/W/G/A/C  reach trips  avgE asleep%  waitH minIce  minO2 age web cn
  10    7    7     0 0/0/0/0/0                 384.9   296.2    71.4   100.3   13.0   14.0     0 1/1/1/1/0/0           2     8  54.0    9.6  200.5   71.4  261.5 L 1.00 -
  20    7    7     0 0/0/0/0/0                 550.0   420.0    91.3    90.7   14.0   28.0     0 2/2/1/1/0/0           2    10  55.8   12.0   53.6   71.4  385.0 L 1.00 -
  30    7    7     0 0/0/0/0/0                 550.0   420.0    99.4    91.4   16.0   28.0     0 2/2/1/1/1/0           2    10  59.5   11.5   41.3   91.3  549.0 L 1.00 -
  40    7    7     0 0/0/0/0/0                 550.0   420.0   117.1   167.0   16.0   28.0     0 2/2/1/1/1/0           2    13  56.5   11.4    0.0   99.4  549.0 L 1.00 -
  50    7    7     0 0/0/0/0/0                 550.0   420.0   144.0   208.3   16.0   28.0     0 2/2/1/1/1/0           2    10  56.8   11.0    0.0  117.1  549.0 L 1.00 -
  60    7    7     0 0/0/0/0/0                 550.0   420.0   147.2   196.7   18.0   28.0     0 2/2/1/1/1/0           2     9  54.4   10.7   87.6  144.0  549.0 L 1.00 -
  70    7    7     0 0/0/0/0/0                 550.0   420.0   151.8   151.9   20.0   28.0     0 2/2/1/1/2/0           2     2  55.3   10.3  202.9  147.2  548.3 L 1.00 -
  80    7    7     0 0/0/0/0/0                 550.0   420.0   156.3   190.5   20.0   28.0     0 2/2/1/1/2/0           2     7  54.8   11.4  214.3  151.8  549.0 L 1.00 -
  90    7    7     0 0/0/0/0/0                 550.0   420.0   156.3   250.2   21.0   28.0     0 2/2/1/1/2/1           2     7  61.9   11.5   40.2  156.3  549.0 L 1.00 -
 100    7    7     0 0/0/0/0/0                 550.0   420.0   156.3   280.5   21.0   28.0     0 2/2/1/1/2/1           2     4  59.6   10.5    0.0  156.3  549.0 L 1.00 -
 110    7    7     0 0/0/0/0/0                 550.0   420.0   156.3   299.0   21.0   28.0     0 2/2/1/1/2/1           2     2  64.2   10.9    0.0  156.3  549.0 L 1.00 -
 120    7    7     0 0/0/0/0/0                 550.0   420.0   156.3   258.6   24.0   28.0     0 2/3/1/1/2/1           2     3  61.7   11.4   49.4  156.3  549.0 L 1.00 -
 130    7    7     0 0/0/0/0/0                 550.0   420.0   156.3   296.6   24.0   28.0     0 2/3/1/1/2/1           2     4  60.3   10.7    0.0  156.3  549.0 L 1.00 -
 140    7    7     0 0/0/0/0/0                 550.0   420.0   156.3   312.9   24.0   28.0     0 2/3/1/1/2/1           2     3  62.6   10.4    0.0  156.3  549.0 L 1.00 -
 150    7    7     0 0/0/0/0/0                 550.0   420.0   156.3   285.4   24.0   42.0     0 3/3/1/1/2/1           2     4  60.6   11.9   60.7  156.3  549.0 L 1.00 -
 160    7    7     0 0/0/0/0/0                 550.0   420.0   156.3   312.3   24.0   42.0     0 3/3/1/1/2/1           2     4  64.4   11.1    0.0  156.3  549.0 L 1.00 -
 170    7    7     0 0/0/0/0/0                 550.0   420.0   156.3   340.8   24.0   42.0     0 3/3/1/1/2/1           2     4  63.1   10.2    0.0  156.3  549.0 L 1.00 -
 180    7    7     0 0/0/0/0/0                 550.0   420.0   156.3   283.0   26.0   42.0     0 3/3/1/1/2/1           2     3  58.7   10.5  105.1  156.3  549.0 L 1.00 -
 190    7    7     0 0/0/0/0/0                 550.0   420.0   156.3   291.9   26.0   42.0     0 3/3/1/1/2/1           2     0  57.6   10.3  237.9  156.3  549.0 L 1.00 -
 200    7    7     0 0/0/0/0/0                 550.0   420.0   156.3   291.9   26.0   42.0     0 3/3/1/1/2/1           2     0  51.3   10.6  239.4  156.3  549.0 L 1.00 -
 210    7    7     0 0/0/0/0/0                 550.0   420.0   156.3   297.7   26.0   42.0     0 3/3/1/1/3/1           2     1  54.2   10.9  187.6  156.3  549.0 L 1.00 -
 220    7    7     0 0/0/0/0/0                 550.0   420.0   156.3   233.1   28.0   42.0     0 3/3/1/1/3/1           2     2  61.2   10.8    5.2  156.3  549.0 L 1.00 -
 230    7    7     0 0/0/0/0/0                 550.0   420.0   156.3   259.4   28.0   42.0     0 3/3/1/1/3/1           2     3  56.2    9.8  231.1  156.3  549.0 L 1.00 -
 240    7    7     0 0/0/0/0/0                 550.0   420.0   156.3   283.6   28.0   42.0     0 3/3/1/1/3/1           2     3  53.6   10.2  223.3  156.3  548.2 L 1.00 -
 250    7    7     0 0/0/0/0/0                 550.0   420.0   156.3   322.3   29.0   42.0     0 3/3/1/1/3/2           2     5  57.2   12.0   92.7  156.3  549.0 L 1.00 -
 260    7    7     0 0/0/0/0/0                 550.0   420.0   156.3   277.4   31.0   42.0     0 3/3/1/1/4/2           2     5  59.2   11.2   67.2  156.3  549.0 L 1.00 -
 270    7    7     0 0/0/0/0/0                 550.0   420.0   156.3   243.9   33.0   42.0     0 3/3/1/1/5/2           2     7  61.1   11.4   44.3  156.3  548.3 L 1.00 -
 280    7    7     0 0/0/0/0/0                 550.0   420.0   156.3   297.7   33.0   42.0     0 3/3/1/1/5/2           2     8  60.9   10.9    0.0  156.3  549.0 L 1.00 -
 290   10    7     3 0/0/0/0/0                 550.0   420.0   156.3   340.7   33.0   42.0     0 3/3/1/1/5/2           2     3  59.4   10.4    0.0  156.3  549.0 L 1.00 -
 300   12   10     5 0/0/0/0/0                 700.0   540.0   156.3   302.2   37.0   42.0     0 3/3/1/2/5/2           2     5  63.0   11.0   55.8  156.3  549.0 S 1.00 -
 310   12   12     5 0/0/0/0/0                 700.0   540.0   156.3   337.9   37.0   42.0     0 3/3/1/2/5/2           2     5  63.2   10.8    0.0  156.3  699.0 S 1.00 -
 320   12   12     5 0/0/0/0/0                 700.0   540.0   156.3   255.9   39.0   42.0     0 3/3/1/2/5/2           2     0  61.6   10.5  196.2  156.3  700.0 S 1.00 -
 330   12   12     5 0/0/0/0/0                 700.0   540.0   156.3   314.5   39.0   42.0     0 3/3/1/2/5/2           2     7  59.0   10.6  239.7  156.3  699.0 S 1.00 -
 340   12   12     5 0/0/0/0/0                 700.0   540.0   156.3   314.5   39.0   42.0     0 3/3/1/2/5/2           2     0  59.8   11.0  246.6  156.3  700.0 S 1.00 -
 350   12   12     5 0/0/0/0/0                 700.0   540.0   156.3   314.5   39.0   42.0     0 3/3/1/2/5/2           2     0  62.9   10.1  241.8  156.3  699.0 S 0.92 -
 360   12   12     5 0/0/0/0/0                 700.0   540.0   156.3   330.0   39.0   42.0     0 3/3/1/2/5/2           2     2  60.5   10.8  246.6  156.3  699.0 S 0.92 -
 370   12   12     5 0/0/0/0/0                 700.0   540.0   156.3   336.9   39.0   42.0     0 3/3/1/2/5/2           2     1  58.8   10.2  242.4  156.3  699.0 S 0.92 -
 380   12   12     5 0/0/0/0/0                 700.0   540.0   156.3   352.5   39.0   42.0     0 3/3/1/2/5/2           2     2  62.0   11.2  246.6  156.3  699.0 S 0.92 -
 390   13   12     6 0/0/0/0/0                 700.0   540.0   156.3   365.3   39.0   42.0     0 3/3/1/2/5/2           2     2  60.9   10.3  246.6  156.3  699.0 S 0.92 -
 400   13   13     6 0/0/0/0/0                 700.0   540.0   156.3   365.3   39.0   42.0     0 3/3/1/2/5/2           2     0  60.3   10.5  243.8  156.3  699.0 S 0.92 -
 410   13   13     6 0/0/0/0/0                 700.0   540.0   156.3   365.3   39.0   42.0     0 3/3/1/2/5/2           2     0  60.9   10.3  245.4  156.3  699.0 S 0.92 -
 420   13   13     6 0/0/0/0/0                 700.0   540.0   156.3   365.3   39.0   42.0     0 3/3/1/2/5/2           2     0  59.6   10.8  242.5  156.3  699.0 S 0.92 -
 430   13   13     6 0/0/0/0/0                 700.0   540.0   156.3   365.3   39.0   42.0     0 3/3/1/2/5/2           2     0  58.0   10.2  245.1  156.3  699.0 S 0.85 -
 440   13   13     6 0/0/0/0/0                 700.0   540.0   156.3   365.3   39.0   42.0     0 3/3/1/2/5/2           2     0  59.9   10.8  246.6  156.3  700.0 S 0.85 -
 450   13   13     6 0/0/0/0/0                 700.0   540.0   156.3   374.3   39.0   42.0     0 3/3/1/2/5/2           2     1  63.0   10.6  246.6  156.3  699.0 S 0.85 -
 460   13   13     6 0/0/0/0/0                 700.0   540.0   156.3   391.0   39.0   42.0     0 3/3/1/2/5/2           2     2  61.3   10.1  246.4  156.3  699.0 S 0.85 -
 470   13   13     6 0/0/0/0/0                 700.0   540.0   156.3   401.0   39.0   42.0     0 3/3/1/2/5/2           2     1  59.8   10.6  245.4  156.3  699.0 S 0.85 -
 480   13   13     6 0/0/0/0/0                 700.0   540.0   156.3   401.0   39.0   42.0     0 3/3/1/2/5/2           2     0  59.7   11.0  246.6  156.3  700.0 S 0.85 -
 490   13   13     6 0/0/0/0/0                 700.0   540.0   156.3   401.0   39.0   42.0     0 3/3/1/2/5/2           2     0  59.3   10.0  243.3  156.3  699.0 S 0.92 -
 500   13   13     6 0/0/0/0/0                 700.0   540.0   156.3   401.0   39.0   42.0     0 3/3/1/2/5/2           2     0  60.7   10.6  246.6  156.3  700.0 S 0.92 -
 510   13   13     6 0/0/0/0/0                 700.0   540.0   156.3   410.8   39.0   42.0     0 3/3/1/2/5/2           2     1  60.0   10.3  246.6  156.3  699.0 S 0.92 -
 520   13   13     6 0/0/0/0/0                 700.0   540.0   156.3   416.9   39.0   42.0     0 3/3/1/2/5/2           2     1  59.4   11.2  241.6  156.3  699.0 S 0.92 -
 530   13   13     6 0/0/0/0/0                 700.0   540.0   156.3   425.7   39.0   42.0     0 3/3/1/2/5/2           2     1  62.6   10.1  246.6  156.3  699.0 S 0.92 -
 540   13   13     6 0/0/0/0/0                 700.0   540.0   156.3   431.8   39.0   42.0     0 3/3/1/2/5/2           2     1  60.5   10.4  246.6  156.3  699.0 S 0.92 -
 550   13   13     6 0/0/0/0/0                 700.0   540.0   156.3   442.5   39.0   42.0     0 3/3/1/2/5/2           2     1  59.6   10.7  244.2  156.3  699.0 S 0.92 -
 560   16   13     9 0/0/0/0/0                 700.0   540.0   156.3   442.5   39.0   42.0     0 3/3/1/2/5/2           2     0  62.2   10.3  246.6  156.3  700.0 S 0.94 -
 570   17   16    10 0/0/0/0/0                 699.4   540.0   160.0   442.5   39.0   42.0     0 3/3/1/2/5/2           2     1  61.5   10.5  246.6  156.3  699.0 S 1.00 -
 580   17   17    10 0/0/0/0/0                 700.0   540.0   160.0   451.1   39.0   42.0     0 3/3/1/2/5/2           2     1  61.6   10.4  245.2  160.0  699.0 S 0.88 -
 590   17   17    10 0/0/0/0/0                 700.0   540.0   160.0   456.9   39.0   42.0     0 3/3/1/2/5/2           2     1  63.3   10.9  246.6  160.0  699.0 S 0.88 -
 600   17   17    10 0/0/0/0/0                 700.0   540.0   165.0   456.9   39.0   42.0     0 3/3/1/2/5/2           2     1  62.3   10.3  246.6  160.0  699.0 S 0.88 -
 610   17   17    10 0/0/0/0/0                 700.0   540.0   165.0   456.9   39.0   42.0     0 3/3/1/2/5/2           2     0  61.7   10.4  246.4  165.0  699.0 S 0.88 -
 620   17   17    10 0/0/0/0/0                 700.0   540.0   165.0   474.8   39.0   42.0     0 3/3/1/2/5/2           2     2  61.9   10.7  246.0  165.0  699.0 S 0.88 -
 630   17   17    10 0/0/0/0/0                 700.0   540.0   165.0   474.8   39.0   42.0     0 3/3/1/2/5/2           2     0  60.9   10.1  246.0  165.0  699.0 S 0.88 -
 640   17   17    10 0/0/0/0/0                 850.0   660.0   181.9   474.8   41.0   42.0     0 3/3/1/3/5/2           2     4  60.2   10.7  124.8  165.0  699.0 S 0.88 -
 650   17   17    10 0/0/0/0/0                 721.8   555.6   186.4   403.5   41.0   56.0     1 4/3/1/3/5/2           2     3  61.2   10.5  198.1  181.9  698.3 S 0.82 -
 660   17   17    10 0/0/0/0/0                 850.0   660.0   190.9   412.2   41.0   56.0     0 4/3/1/3/5/2           2     3  60.8   10.5    0.0  186.4  721.9 S 0.94 -
 670   17   17    10 0/0/0/0/0                 850.0   660.0   190.9   428.8   41.0   56.0     0 4/3/1/3/5/2           2     3  63.1   11.0    0.0  190.9  849.0 S 1.00 -
 680   17   17    10 0/0/0/0/0                 850.0   660.0   190.9   435.2   41.0   56.0     0 4/3/1/3/5/2           2     1  64.1   10.5    0.0  190.9  849.0 S 1.00 -
 690   17   17    10 0/0/0/0/0                 850.0   660.0   190.9   460.0   41.0   56.0     0 4/3/1/3/5/2           2     2  65.4   10.5    0.0  190.9  849.0 S 1.00 -
 700   17   17    10 0/0/0/0/0                 850.0   660.0   190.9   484.9   41.0   56.0     0 4/3/1/3/5/2           2     3  63.7   10.6    0.0  190.9  849.0 S 1.00 -
 710   17   17    10 0/0/0/0/0                 850.0   660.0   190.9   391.4   43.0   56.0     0 4/3/1/3/5/2           2     1  64.4   10.8    3.4  190.9  849.0 S 1.00 -
 720   17   17    10 0/0/0/0/0                 850.0   660.0   190.9   391.4   43.0   56.0     0 4/3/1/3/5/2           2     0  58.7   10.1  246.6  190.9  850.0 S 1.00 -
 730   17   17    10 0/0/0/0/0                 850.0   660.0   190.9   391.4   43.0   56.0     0 4/3/1/3/5/2           2     0  59.9   10.6  246.6  190.9  850.0 S 1.00 -
 740   17   17    10 0/0/0/0/0                 850.0   660.0   190.9   425.7   43.0   56.0     0 4/3/1/3/5/2           2     3  58.9   10.8  246.6  190.9  849.0 S 1.00 -
 750   17   17    10 0/0/0/0/0                 850.0   660.0   190.9   425.7   43.0   56.0     0 4/3/1/3/5/2           2     1  61.1   10.0  246.6  190.9  849.0 S 1.00 -
 760   17   17    10 0/0/0/0/0                 850.0   660.0   190.9   450.8   43.0   56.0     0 4/3/1/3/5/2           2     2  59.0   10.8  246.6  190.9  849.0 S 1.00 -
 770   17   17    10 0/0/0/0/0                 850.0   660.0   190.9   465.9   43.0   56.0     0 4/3/1/3/5/2           2     2  59.9   10.6  246.6  190.9  849.0 S 1.00 -
 780   17   17    10 0/0/0/0/0                 850.0   660.0   190.9   472.4   43.0   56.0     0 4/3/1/3/5/2           2     2  60.7   10.7  246.6  190.9  849.0 S 1.00 -
 790   17   17    10 0/0/0/0/0                 850.0   660.0   190.9   479.7   43.0   56.0     0 4/3/1/3/5/2           2     0  59.8   10.7  246.6  190.9  850.0 S 1.00 -
 800   17   17    10 0/0/0/0/0                 850.0   660.0   190.9   479.7   43.0   56.0     0 4/3/1/3/5/2           2     0  61.1   10.2  246.6  190.9  850.0 S 1.00 -
 810   17   17    10 0/0/0/0/0                 850.0   660.0   190.9   495.5   43.0   56.0     0 4/3/1/3/5/2           2     2  62.2   10.8  246.6  190.9  849.0 S 1.00 -
 820   17   17    10 0/0/0/0/0                 850.0   660.0   190.9   505.0   43.0   56.0     0 4/3/1/3/5/2           2     1  61.0   10.3  246.6  190.9  849.0 S 1.00 -
 830   17   17    10 0/0/0/0/0                 850.0   660.0   190.9   505.0   43.0   56.0     0 4/3/1/3/5/2           2     0  60.8   10.9  246.6  190.9  850.0 S 1.00 -
 840   17   17    10 0/0/0/0/0                 850.0   660.0   190.9   505.0   43.0   56.0     0 4/3/1/3/5/2           2     0  60.7   10.3  246.6  190.9  850.0 S 1.00 -
 850   17   17    10 0/0/0/0/0                 850.0   660.0   190.9   505.0   43.0   56.0     0 4/3/1/3/5/2           2     0  60.5   10.6  246.6  190.9  850.0 S 1.00 -
 860   17   17    10 0/0/0/0/0                 850.0   660.0   190.9   505.0   43.0   56.0     0 4/3/1/3/5/2           2     0  58.9   10.6  246.6  190.9  850.0 S 1.00 -
 870   17   17    10 0/0/0/0/0                 850.0   660.0   190.9   505.0   43.0   56.0     0 4/3/1/3/5/2           2     0  61.5   10.5  246.6  190.9  850.0 S 1.00 -
 880   17   17    10 0/0/0/0/0                 850.0   660.0   190.9   505.0   43.0   56.0     0 4/3/1/3/5/2           2     0  60.7   10.7  246.6  190.9  850.0 S 1.00 -
 890   17   17    10 0/0/0/0/0                 850.0   660.0   190.9   505.0   43.0   56.0     0 4/3/1/3/5/2           2     0  58.3   10.2  246.6  190.9  850.0 S 0.94 -
 900   17   17    10 0/0/0/0/0                 850.0   660.0   190.9   505.0   43.0   56.0     0 4/3/1/3/5/2           2     0  60.5   10.7  246.6  190.9  850.0 S 0.94 -
 910   17   17    10 0/0/0/0/0                 850.0   660.0   190.9   505.0   43.0   56.0     0 4/3/1/3/5/2           2     0  61.0   10.5  246.6  190.9  850.0 S 0.94 -
 920   17   17    10 0/0/0/0/0                 850.0   660.0   190.9   505.0   43.0   56.0     0 4/3/1/3/5/2           2     0  58.4   10.4  245.5  190.9  849.0 S 0.94 -
 930   17   17    10 0/0/0/0/0                 850.0   660.0   190.9   505.0   43.0   56.0     0 4/3/1/3/5/2           2     0  61.2   10.4  246.6  190.9  850.0 S 0.94 -
 940   17   17    10 0/0/0/0/0                 850.0   660.0   190.9   505.0   43.0   56.0     0 4/3/1/3/5/2           2     0  60.2   10.7  246.6  190.9  850.0 S 0.94 -
 950   17   17    10 0/0/0/0/0                 850.0   660.0   190.9   505.0   43.0   56.0     0 4/3/1/3/5/2           2     0  59.0   10.7  246.0  190.9  849.0 S 0.94 -
 960   17   17    10 0/0/0/0/0                 850.0   660.0   190.9   505.0   43.0   56.0     0 4/3/1/3/5/2           2     0  59.6   10.5  246.6  190.9  850.0 S 0.94 -
 970   17   17    10 0/0/0/0/0                 850.0   660.0   190.9   505.0   43.0   56.0     0 4/3/1/3/5/2           2     0  60.1   10.5  246.6  190.9  850.0 S 0.94 -
 980   17   17    10 0/0/0/0/0                 850.0   660.0   190.9   505.0   43.0   56.0     0 4/3/1/3/5/2           2     0  59.3   10.7  246.6  190.9  850.0 S 0.94 -
 990   17   17    10 0/0/0/0/0                 850.0   660.0   190.9   505.0   43.0   56.0     0 4/3/1/3/5/2           2     0  60.1   10.1  246.6  190.9  850.0 S 0.94 -
1000   17   17    10 0/0/0/0/0                 850.0   660.0   190.9   505.0   43.0   56.0     0 4/3/1/3/5/2           2     0  59.0   10.7  246.6  190.9  850.0 S 0.94 -
1010   17   17    10 0/0/0/0/0                 850.0   660.0   190.9   505.0   43.0   56.0     0 4/3/1/3/5/2           2     0  58.6   10.2  246.6  190.9  850.0 S 0.94 -
1020   17   17    10 0/0/0/0/0                 850.0   660.0   190.9   505.0   43.0   56.0     0 4/3/1/3/5/2           2     0  59.9   10.4  246.6  190.9  850.0 S 0.94 -
1030   17   17    10 0/0/0/0/0                 850.0   660.0   190.9   505.0   43.0   56.0     0 4/3/1/3/5/2           2     0  59.5   10.8  246.6  190.9  850.0 S 0.94 -
1040   17   17    10 0/0/0/0/0                 850.0   660.0   190.9   505.0   43.0   56.0     0 4/3/1/3/5/2           2     0  58.7   10.0  243.9  190.9  849.0 S 0.94 -
1050   17   17    10 0/0/0/0/0                 850.0   660.0   190.9   505.0   43.0   56.0     0 4/3/1/3/5/2           2     0  59.7   10.6  245.6  190.9  849.0 S 0.94 -
1060   17   17    10 0/0/0/0/0                 850.0   660.0   190.9   505.0   43.0   56.0     0 4/3/1/3/5/2           2     0  59.3   10.8  246.6  190.9  850.0 S 0.94 -
1070   17   17    10 0/0/0/0/0                 850.0   660.0   190.9   505.0   43.0   56.0     0 4/3/1/3/5/2           2     0  58.8   10.2  246.6  190.9  850.0 S 0.94 -
1080   17   17    10 0/0/0/0/0                 850.0   660.0   190.9   505.0   43.0   56.0     0 4/3/1/3/5/2           2     0  60.5   11.1  246.6  190.9  850.0 S 0.94 -
1090   17   17    10 0/0/0/0/0                 850.0   660.0   190.9   505.0   43.0   56.0     0 4/3/1/3/5/2           2     0  60.6   10.5  246.6  190.9  850.0 S 0.94 -
1100   17   17    10 0/0/0/0/0                 850.0   660.0   190.9   505.0   43.0   56.0     0 4/3/1/3/5/2           2     0  59.9   10.4  246.6  190.9  850.0 S 0.94 -
1110   17   17    10 0/0/0/0/0                 850.0   660.0   190.9   505.0   43.0   56.0     0 4/3/1/3/5/2           2     0  58.5   10.4  246.6  190.9  850.0 S 0.94 -
1120   17   17    10 0/0/0/0/0                 850.0   660.0   190.9   505.0   43.0   56.0     0 4/3/1/3/5/2           2     0  59.4   10.6  246.6  190.9  850.0 S 0.94 -
1130   17   17    10 0/0/0/0/0                 850.0   660.0   190.9   505.0   43.0   56.0     0 4/3/1/3/5/2           2     0  58.7   10.1  246.6  190.9  850.0 S 0.94 -
1140   17   17    10 0/0/0/0/0                 850.0   660.0   190.9   505.0   43.0   56.0     0 4/3/1/3/5/2           2     0  61.6   11.1  246.6  190.9  850.0 S 0.94 -
1150   17   17    10 0/0/0/0/0                 850.0   660.0   190.9   505.0   43.0   56.0     0 4/3/1/3/5/2           2     0  60.6   10.2  246.6  190.9  850.0 S 0.94 -
1160   17   17    10 0/0/0/0/0                 850.0   660.0   190.9   505.0   43.0   56.0     0 4/3/1/3/5/2           2     0  57.5   10.9  246.6  190.9  850.0 S 0.94 -
1170   17   17    10 0/0/0/0/0                 850.0   660.0   190.9   505.0   43.0   56.0     0 4/3/1/3/5/2           2     0  61.4   10.1  246.6  190.9  850.0 S 0.94 -
1180   17   17    10 0/0/0/0/0                 850.0   660.0   190.9   505.0   43.0   56.0     0 4/3/1/3/5/2           2     0  58.0   10.8  246.6  190.9  850.0 S 0.94 -
1190   17   17    10 0/0/0/0/0                 850.0   660.0   190.9   505.0   43.0   56.0     0 4/3/1/3/5/2           2     0  60.4   10.4  246.6  190.9  850.0 S 0.94 -
1200   17   17    10 0/0/0/0/0                 850.0   660.0   190.9   505.0   43.0   56.0     0 4/3/1/3/5/2           2     0  59.6   10.9  246.6  190.9  850.0 S 0.94 -
1210   17   17    10 0/0/0/0/0                 850.0   660.0   190.9   505.0   43.0   56.0     0 4/3/1/3/5/2           2     0  59.7   10.2  246.6  190.9  850.0 S 0.94 -
1220   17   17    10 0/0/0/0/0                 850.0   660.0   190.9   505.0   43.0   56.0     0 4/3/1/3/5/2           2     0  59.1   10.3  246.6  190.9  850.0 S 0.94 -
1230   17   17    10 0/0/0/0/0                 850.0   660.0   190.9   505.0   43.0   56.0     0 4/3/1/3/5/2           2     0  60.2   11.1  246.6  190.9  850.0 S 0.94 -
1240   17   17    10 0/0/0/0/0                 850.0   660.0   190.9   505.0   43.0   56.0     0 4/3/1/3/5/2           2     0  60.2   10.2  246.6  190.9  850.0 S 0.94 -
1250   17   17    10 0/0/0/0/0                 850.0   660.0   190.9   505.0   43.0   56.0     0 4/3/1/3/5/2           2     0  58.5   10.4  246.6  190.9  850.0 S 0.94 -
1260   17   17    10 0/0/0/0/0                 850.0   660.0   190.9   505.0   43.0   56.0     0 4/3/1/3/5/2           2     0  59.6   10.5  246.6  190.9  850.0 S 0.94 -
1270   17   17    10 0/0/0/0/0                 850.0   660.0   190.9   505.0   43.0   56.0     0 4/3/1/3/5/2           2     0  61.1   10.6  246.6  190.9  850.0 S 0.94 -
1280   17   17    10 0/0/0/0/0                 850.0   660.0   190.9   505.0   43.0   56.0     0 4/3/1/3/5/2           2     0  60.2   10.4  246.6  190.9  850.0 S 0.94 -
1290   17   17    10 0/0/0/0/0                 850.0   660.0   190.9   505.0   43.0   56.0     0 4/3/1/3/5/2           2     0  59.5   10.7  246.6  190.9  850.0 S 0.94 -
1300   17   17    10 0/0/0/0/0                 850.0   660.0   190.9   505.0   43.0   56.0     0 4/3/1/3/5/2           2     0  58.5   10.1  246.6  190.9  850.0 S 0.94 -
1310   17   17    10 0/0/0/0/0                 850.0   660.0   190.9   505.0   43.0   56.0     0 4/3/1/3/5/2           2     0  58.9   10.7  246.6  190.9  850.0 S 0.94 -
1320   17   17    10 0/0/0/0/0                 850.0   660.0   190.9   505.0   43.0   56.0     0 4/3/1/3/5/2           2     0  59.4   11.0  246.6  190.9  850.0 S 0.94 -
1330   17   17    10 0/0/0/0/0                 850.0   660.0   190.9   505.0   43.0   56.0     0 4/3/1/3/5/2           2     0  58.7   10.3  246.6  190.9  850.0 S 0.94 -
1340   17   17    10 0/0/0/0/0                 850.0   660.0   190.9   505.0   43.0   56.0     0 4/3/1/3/5/2           2     0  59.1   10.4  246.6  190.9  850.0 S 0.94 -
1350   17   17    10 0/0/0/0/0                 850.0   660.0   190.9   505.0   43.0   56.0     0 4/3/1/3/5/2           2     0  59.8   10.7  246.6  190.9  850.0 S 0.94 -
1360   17   17    10 0/0/0/0/0                 850.0   660.0   190.9   505.0   43.0   56.0     0 4/3/1/3/5/2           2     0  58.6   10.1  246.6  190.9  850.0 S 0.94 -
1370   17   17    10 0/0/0/0/0                 850.0   660.0   190.9   505.0   43.0   56.0     0 4/3/1/3/5/2           2     0  58.4   10.6  246.6  190.9  850.0 S 0.94 -
1380   17   17    10 0/0/0/0/0                 850.0   660.0   190.9   505.0   43.0   56.0     0 4/3/1/3/5/2           2     0  58.5   10.6  246.6  190.9  850.0 S 0.94 -
1390   17   17    10 0/0/0/0/0                 850.0   660.0   190.9   505.0   43.0   56.0     0 4/3/1/3/5/2           2     0  59.2   10.4  246.6  190.9  850.0 S 0.94 -
1400   17   17    10 0/0/0/0/0                 850.0   660.0   190.9   505.0   43.0   56.0     0 4/3/1/3/5/2           2     0  60.0   10.4  246.6  190.9  850.0 S 0.94 -
1410   17   17    10 0/0/0/0/0                 850.0   660.0   190.9   505.0   43.0   56.0     0 4/3/1/3/5/2           2     0  58.3   10.4  246.6  190.9  850.0 S 0.94 -
1420   17   17    10 0/0/0/0/0                 850.0   660.0   190.9   505.0   43.0   56.0     0 4/3/1/3/5/2           2     0  60.0   10.8  246.6  190.9  850.0 S 0.94 -
1430   17   17    10 0/0/0/0/0                 850.0   660.0   190.9   505.0   43.0   56.0     0 4/3/1/3/5/2           2     0  58.5   10.5  246.6  190.9  850.0 S 0.94 -
1440   17   17    10 0/0/0/0/0                 850.0   660.0   190.9   505.0   43.0   56.0     0 4/3/1/3/5/2           2     0  59.5   10.5  246.6  190.9  849.0 S 0.94 -
1450   17   17    10 0/0/0/0/0                 850.0   660.0   190.9   505.0   43.0   56.0     0 4/3/1/3/5/2           2     0  59.1   10.5  245.7  190.9  850.0 S 0.94 -
1460   17   17    10 0/0/0/0/0                 850.0   660.0   190.9   505.0   43.0   56.0     0 4/3/1/3/5/2           2     0  59.0   10.5  246.6  190.9  850.0 S 0.94 -
1470   17   17    10 0/0/0/0/0                 850.0   660.0   190.9   505.0   43.0   56.0     0 4/3/1/3/5/2           2     0  59.1   10.6  246.6  190.9  850.0 S 0.94 -
1480   17   17    10 0/0/0/0/0                 850.0   660.0   190.9   505.0   43.0   56.0     0 4/3/1/3/5/2           2     0  58.6   10.5  246.6  190.9  850.0 S 0.94 -
1490   17   17    10 0/0/0/0/0                 850.0   660.0   190.9   505.0   43.0   56.0     0 4/3/1/3/5/2           2     0  58.6   10.6  246.6  190.9  850.0 S 0.94 -
1500   17   17    10 0/0/0/0/0                 850.0   660.0   190.9   505.0   43.0   56.0     0 4/3/1/3/5/2           2     0  59.7   10.2  246.6  190.9  850.0 S 0.94 -

targets for seed 7 (1500 sols):
  T1 PASS run min pop 7 (needs >= 5), final pop 17
  T2 PASS deaths 0 (air 0 thirst 0 hunger 0 eva 0 other 0), unexplained 0
  T3 PASS births 10, first_birth_sol 286, at_capacity 0, cooldown_violations 0, pop@30=7, pop@100=7, pop@300=12
  T4 PASS min O2 261.5, food 203.1; ice never ran dry: min ice 71.4, ice>30 99.4, thirst deaths 0; max ice/target 1.40, regolith/target 1.31
  T5 FAIL demand>supply 0.64% of steps (<=10), max shorts/sol 1 (<=2), max offline 237.3 h (<=24.7), first new reactor sol 10 (<=15)
  T6 PASS limited 30041.3 h = 81.22% (>=2% provisional; 4 of 5 seeds), site busy 82.5%; waiting_regolith 0.0 h, site_no_crew 30041.3 h
  T7 PASS turn_backs_air 0, exhausted 108, reachable>=2 at 100.0% of 1500 sol samples (>=95), trips 216
  T8 PASS row avg energy 51.3..65.4 (40..90), row asleep 9.6..12.0% (5..30), max sleep 8.8 h (<=18)
  T9 N/A  checked by repeating the run and by tests/test_determinism.gd (compare the table sha256)
  T10 FAIL first settlement sol 294 (40..150), age_changes 1 (<=4), min gap between consecutive history entries 294 (>=20), history 2 entries (changes+1 = 2); report: sols_in_age landing 294 settlement 1206 council 0, age at end settlement, changes [sol 294 settled], fall back causes [none], not-ok sols 43 (by group, a sol can fail several: ice 0, food 1, oxygen 1, power 9, death 0, unrest 33)
  T11 PASS (1) list lengths 1501/1501/1501/1501 ok; (2) lonely mean of last 50 readings 0.059 (max 0.35) ok; (3) friends_mean 9.76 (1.0..15.0) ok; (4) first_friendship_sol 291 ok; (5) lines_dropped (total) 0 ok; report: web 0.94 second 0.00 lonely 0.06 friends_mean 9.76 friends share of colony 0.610 (pop 17)
  T12 PASS (1) list lengths 1501/1501/1501 ok; (2) C2 ok; (3) council changes 0 (<=4) ok; (4) proposals 0 ok; (5) one Council line per boundary ok; report: first Council sol <null>, meetings 0, proposals [], pledge sol <null> reason -, lines {"circles_few":2}, dropped 0; council_min_seeds 3 pledge_min_seeds 1
RESULT FAIL (target 9 determinism: table sha256 0d9d08148d49824a)
