# INVALID RUN: the multiplier override arrived as a String; every step logged 'SCRIPT ERROR: Trying to assign value of type String to a variable of type Dictionary at SimWorld._water_heads' (739792 times, removed here). See docs/specs/water-throughput.md section 6.
Godot Engine v4.5.stable.official.876b29033 - https://godotengine.org

# station zero balance run: seed=2026 sols=1500 overrides=[colony.consumption.ice_stage_mult={baby:0.3,toddler:0.5,child:0.75,teen:1.0,adult:1.0}] fixed_step=0.05 data_hash=486f7d81b6bbb23f
# deaths and births are cumulative; shorts, trips, energy, asleep, wait, min_* are for the 30-sol window
 sol  pop  min birth dead a/t/h/o/x           oxygen    food     ice   regol   dmnd   supp short bldg R/H/W/G/A/C  reach trips  avgE asleep%  waitH minIce  minO2 age web cn
  10    7    7     0 0/0/0/0/0                 385.9   296.2    87.8    80.4   13.0   14.0     0 1/1/1/1/0/0           2    10  56.6   10.7  177.8   76.5  261.5 L 1.00 -
  20    7    7     0 0/0/0/0/0                 550.0   420.0   102.5    56.9   14.0   28.0     0 2/2/1/1/0/0           2     8  53.8   11.6  150.7   87.8  386.0 L 1.00 -
  30    7    7     0 0/0/0/0/0                 550.0   420.0   114.7    68.1   16.0   28.0     0 2/2/1/1/0/0           2    11  54.2   10.5  143.3  102.5  548.3 L 1.00 -
  40    7    7     0 0/0/0/0/0                 550.0   420.0   124.1    98.6   16.0   28.0     0 2/2/1/1/0/0           2     8  55.1   11.1  238.3  114.7  549.0 L 1.00 -
  50    7    7     0 0/0/0/0/0                 550.0   420.0   135.4   122.0   16.0   28.0     0 2/2/1/1/0/0           2     5  53.4   10.2  228.4  124.1  548.0 L 1.00 -
  60    7    7     0 0/0/0/0/0                 550.0   420.0   140.1   137.0   16.0   28.0     0 2/2/1/1/0/0           2     4  58.4   11.8  244.7  135.4  549.0 L 1.00 -
  70    7    7     0 0/0/0/0/0                 549.0   420.0   151.2    93.9   19.0   28.0     0 2/2/1/1/0/1           2     6  54.5    9.7  237.5  140.1  548.2 L 1.00 -
  80    7    7     0 0/0/0/0/0                 550.0   420.0   157.6   128.7   19.0   28.0     0 2/2/1/1/1/1           2     6  54.9   12.2   97.8  151.2  549.0 L 1.00 -
  90    7    7     0 0/0/0/0/0                 550.0   420.0   157.6   174.4   19.0   28.0     0 2/2/1/1/1/1           2     7  57.7   10.2    0.0  157.6  549.0 L 1.00 -
 100    7    7     0 0/0/0/0/0                 550.0   420.0   157.6   221.2   19.0   28.0     0 2/2/1/1/1/1           2     9  53.2   10.8    0.0  157.6  548.4 L 0.86 -
 110    7    7     0 0/0/0/0/0                 550.0   420.0   157.6   184.7   21.0   28.0     0 2/2/1/1/1/1           2     5  55.9    9.7   76.9  157.6  549.0 L 0.86 -
 120    7    7     0 0/0/0/0/0                 550.0   420.0   157.6   206.3   22.0   28.0     0 2/2/1/1/1/2           2     7  54.1   10.8  113.3  157.6  549.0 L 1.00 -
 130    7    7     0 0/0/0/0/0                 550.0   420.0   157.6   160.9   24.0   28.0     0 2/2/1/1/1/2           2     4  58.0   10.4   20.9  157.6  549.0 L 1.00 -
 140    7    7     0 0/0/0/0/0                 550.0   420.0   157.6   184.6   24.0   28.0     0 2/2/1/1/2/2           2     3  53.7   11.1  158.2  157.6  549.0 L 1.00 -
 150    7    7     0 0/0/0/0/0                 550.0   420.0   157.6   214.2   24.0   28.0     0 2/2/1/1/2/2           2     5  58.9   10.3    0.0  157.6  549.0 L 1.00 -
 160    7    7     0 0/0/0/0/0                 550.0   420.0   157.6   246.0   24.0   28.0     0 2/2/1/1/2/2           2     4  59.7   11.0    0.0  157.6  549.0 L 1.00 -
 170    7    7     0 0/0/0/0/0                 550.0   420.0   157.6   278.7   24.0   28.0     0 2/2/1/1/2/2           2     5  59.3   10.3    0.0  157.6  548.3 L 1.00 -
 180    7    7     0 0/0/0/0/0                 550.0   420.0   157.6   303.5   24.0   28.0     0 2/2/1/1/2/2           2     5  58.7   10.4    0.0  157.6  549.0 L 1.00 -
 190    7    7     0 0/0/0/0/0                 550.0   420.0   157.6   333.7   24.0   28.0     0 2/2/1/1/2/2           2     4  58.5   10.9    0.0  157.6  549.0 L 1.00 -
 200    7    7     0 0/0/0/0/0                 550.0   420.0   157.6   354.9   24.0   28.0     0 2/2/1/1/2/2           2     4  59.3   10.3    0.0  157.6  549.0 L 1.00 -
 210    7    7     0 0/0/0/0/0                 550.0   420.0   157.6   305.3   24.0   42.0     0 3/2/1/1/2/2           2     2  57.8   10.2  133.4  157.6  549.0 L 1.00 -
 220    7    7     0 0/0/0/0/0                 550.0   420.0   157.6   246.3   27.0   42.0     0 3/3/1/1/2/2           2     2  61.1   11.2   14.7  157.6  549.0 L 1.00 -
 230    7    7     0 0/0/0/0/0                 549.7   420.0   157.6   262.6   27.0   42.0     0 3/3/1/1/2/2           2     3  60.6   10.4    0.0  157.6  549.0 L 1.00 -
 240    7    7     0 0/0/0/0/0                 550.0   420.0   157.6   293.4   27.0   42.0     0 3/3/1/1/2/2           2     5  55.8   10.8    0.0  157.6  549.0 L 1.00 -
 250    7    7     0 0/0/0/0/0                 550.0   420.0   157.6   304.5   27.0   42.0     0 3/3/1/1/2/2           2     2  61.6   10.6    0.0  157.6  549.0 L 1.00 -
 260    7    7     0 0/0/0/0/0                 550.0   420.0   157.6   316.9   27.0   42.0     0 3/3/1/1/2/2           2     2  59.7   10.8    0.0  157.6  549.0 L 1.00 -
 270    7    7     0 0/0/0/0/0                 550.0   420.0   157.6   316.9   27.0   42.0     0 3/3/1/1/2/2           2     0  61.2   10.5    0.0  157.6  550.0 L 1.00 -
 280    7    7     0 0/0/0/0/0                 550.0   420.0   157.6   336.4   27.0   42.0     0 3/3/1/1/2/2           2     3  62.3   10.6    0.0  157.6  549.0 L 1.00 -
 290   10    7     3 0/0/0/0/0                 550.0   420.0   157.6   267.7   29.0   42.0     0 3/3/1/1/2/2           2     2  59.2    9.9  201.0  157.6  549.0 L 1.00 -
 300   12   10     5 0/0/0/0/0                 550.0   420.0   157.6   274.7   29.0   42.0     0 3/3/1/1/2/2           2     1  60.9   10.4  234.2  157.6  549.0 S 1.00 -
 310   12   12     5 0/0/0/0/0                 550.0   420.0   157.6   287.0   29.0   42.0     0 3/3/1/1/2/2           2     3  57.6   10.5  240.4  157.6  549.0 S 1.00 -
 320   12   12     5 0/0/0/0/0                 550.0   420.0   157.6   293.6   29.0   42.0     0 3/3/1/1/2/2           2     1  61.9   10.1  235.7  157.6  549.0 S 1.00 -
 330   12   12     5 0/0/0/0/0                 550.0   420.0   157.6   234.0   32.0   42.0     0 3/4/1/1/2/2           2     3  57.5   10.6  211.4  157.6  549.0 S 1.00 -
 340   12   12     5 0/0/0/0/0                 556.4   424.6   157.6   245.6   34.0   42.0     0 3/4/1/2/2/2           2     3  60.2   10.3  224.0  157.6  549.0 S 1.00 -
 350   12   12     5 0/0/0/0/0                 700.0   540.0   157.6   268.6   34.0   42.0     0 3/4/1/2/2/2           2     5  59.2   10.8    0.0  157.6  556.5 S 1.00 -
 360   12   12     5 0/0/0/0/0                 700.0   540.0   157.6   301.4   34.0   42.0     0 3/4/1/2/2/2           2     5  59.4   10.5    0.0  157.6  699.0 S 0.92 -
 370   12   12     5 0/0/0/0/0                 700.0   540.0   157.6   316.6   34.0   42.0     0 3/4/1/2/2/2           2     3  61.8   10.6    0.0  157.6  699.0 S 0.92 -
 380   12   12     5 0/0/0/0/0                 700.0   540.0   157.6   355.6   34.0   42.0     0 3/4/1/2/2/2           2     5  60.0   10.0    0.0  157.6  699.0 S 0.92 -
 390   12   12     5 0/0/0/0/0                 700.0   540.0   157.6   367.3   34.0   42.0     0 3/4/1/2/2/2           2     2  61.5   10.8    0.0  157.6  699.0 S 0.92 -
 400   12   12     5 0/0/0/0/0                 700.0   540.0   157.6   373.2   34.0   42.0     0 3/4/1/2/2/2           2     2  60.6    9.9    0.0  157.6  699.0 S 0.92 -
 410   12   12     5 0/0/0/0/0                 700.0   540.0   157.6   375.2   34.0   42.0     0 3/4/1/2/2/2           2     1  62.2   10.9    0.0  157.6  699.0 S 0.92 -
 420   12   12     5 0/0/0/0/0                 700.0   540.0   157.6   383.9   34.0   42.0     0 3/4/1/2/2/2           2     2  61.6   11.0    0.0  157.6  699.0 S 0.92 -
 430   12   12     5 0/0/0/0/0                 700.0   540.0   157.6   393.0   34.0   42.0     0 3/4/1/2/2/2           2     1  62.1   10.4    0.0  157.6  699.0 S 0.92 -
 440   12   12     5 0/0/0/0/0                 700.0   540.0   157.6   409.4   34.0   42.0     0 3/4/1/2/2/2           2     3  62.7   10.2    0.0  157.6  699.0 S 0.92 -
 450   12   12     5 0/0/0/0/0                 700.0   540.0   157.6   429.3   34.0   42.0     0 3/4/1/2/2/2           2     4  61.3   10.6    0.0  157.6  699.0 S 0.92 -
 460   12   12     5 0/0/0/0/0                 700.0   540.0   157.6   429.3   34.0   42.0     0 3/4/1/2/2/2           2     0  63.7   10.4    0.0  157.6  700.0 S 0.92 -
 470   12   12     5 0/0/0/0/0                 700.0   540.0   157.6   429.3   34.0   42.0     0 3/4/1/2/2/2           2     0  64.5   10.8    0.0  157.6  700.0 S 0.92 -
 480   12   12     5 0/0/0/0/0                 700.0   540.0   157.6   429.3   34.0   42.0     0 3/4/1/2/2/2           2     0  63.7   10.6    0.0  157.6  700.0 S 0.92 -
 490   13   12     6 0/0/0/0/0                 700.0   540.0   157.6   429.3   34.0   42.0     0 3/4/1/2/2/2           2     0  63.1   10.5    0.0  157.6  700.0 S 0.92 -
 500   13   13     6 0/0/0/0/0                 700.0   540.0   157.6   429.3   34.0   42.0     0 3/4/1/2/2/2           2     0  63.5   10.5    0.0  157.6  700.0 S 0.92 -
 510   13   13     6 0/0/0/0/0                 700.0   540.0   157.6   429.3   34.0   42.0     0 3/4/1/2/2/2           2     0  64.7   10.6    0.0  157.6  700.0 S 0.92 -
 520   13   13     6 0/0/0/0/0                 700.0   540.0   157.6   429.3   34.0   42.0     0 3/4/1/2/2/2           2     0  62.4   10.4    0.0  157.6  700.0 S 0.54 -
 530   13   13     6 0/0/0/0/0                 700.0   540.0   157.6   429.3   34.0   42.0     0 3/4/1/2/2/2           2     0  63.4   10.8    0.0  157.6  700.0 S 0.54 -
 540   13   13     6 0/0/0/0/0                 700.0   540.0   157.6   429.3   34.0   42.0     0 3/4/1/2/2/2           2     0  62.5   10.2    0.0  157.6  700.0 S 0.54 -
 550   13   13     6 0/0/0/0/0                 700.0   540.0   157.6   429.3   34.0   42.0     0 3/4/1/2/2/2           2     0  64.2   10.6    0.0  157.6  700.0 S 0.54 -
 560   15   13     8 0/0/0/0/0                 700.0   540.0   157.6   429.3   34.0   42.0     0 3/4/1/2/2/2           2     0  63.0   10.6    0.0  157.6  700.0 S 0.93 -
 570   16   15     9 0/0/0/0/0                 700.0   540.0   157.6   429.3   34.0   42.0     0 3/4/1/2/2/2           2     0  64.7   10.7    0.0  157.6  700.0 S 0.94 -
 580   17   16    10 0/0/0/0/0                 700.0   540.0   165.9   429.3   34.0   42.0     0 3/4/1/2/2/2           2     1  64.0   10.3    0.0  157.6  699.0 S 0.94 -
 590   17   17    10 0/0/0/0/0                 700.0   540.0   170.5   429.3   34.0   42.0     0 3/4/1/2/2/2           2     1  63.8   11.0    0.0  165.9  699.0 S 0.94 -
 600   17   17    10 0/0/0/0/0                 700.0   540.0   178.6   429.3   34.0   42.0     0 3/4/1/2/2/2           2     1  62.8   10.6    0.0  170.5  699.0 S 1.00 -
 610   18   17    11 0/0/0/0/0                 700.0   540.0   187.1   429.3   34.0   42.0     0 3/4/1/2/2/2           2     2  65.7   10.5    0.0  178.6  699.0 S 1.00 -
 620   18   18    11 0/0/0/0/0                 700.0   540.0   193.0   429.3   34.0   42.0     0 3/4/1/2/2/2           2     1  63.7   10.7    0.0  187.1  699.0 S 1.00 -
 630   18   18    11 0/0/0/0/0                 700.0   540.0   198.8   355.3   36.0   42.0     0 3/4/1/2/2/2           2     1  63.8   10.5  107.0  193.0  699.0 S 1.00 -
 640   18   18    11 0/0/0/0/0                 850.0   660.0   198.8   362.3   38.0   42.0     0 3/4/1/3/2/2           2     1  63.0   10.6   55.2  198.8  699.0 S 1.00 -
 650   18   18    11 0/0/0/0/0                 850.0   660.0   198.8   385.4   38.0   42.0     0 3/4/1/3/2/2           2     4  63.3   10.5    0.0  198.8  849.0 S 1.00 -
 660   18   18    11 0/0/0/0/0                 850.0   660.0   198.8   395.5   38.0   42.0     0 3/4/1/3/2/2           2     2  62.7   10.5    0.0  198.8  849.0 S 1.00 -
 670   18   18    11 0/0/0/0/0                 850.0   660.0   198.8   407.3   38.0   42.0     0 3/4/1/3/2/2           2     1  62.9   10.6    0.0  198.8  849.0 S 1.00 -
 680   18   18    11 0/0/0/0/0                 850.0   660.0   198.8   418.8   38.0   42.0     0 3/4/1/3/2/2           2     2  61.7   10.8    0.0  198.8  849.0 S 1.00 -
 690   18   18    11 0/0/0/0/0                 850.0   660.0   198.8   432.3   38.0   42.0     0 3/4/1/3/2/2           2     2  62.7   10.2    0.0  198.8  849.0 S 1.00 -
 700   18   18    11 0/0/0/0/0                 850.0   660.0   198.8   441.9   38.0   42.0     0 3/4/1/3/2/2           2     2  61.8   10.6    0.0  198.8  849.0 S 1.00 -
 710   18   18    11 0/0/0/0/0                 850.0   660.0   198.8   441.9   38.0   42.0     0 3/4/1/3/2/2           2     0  63.9   10.6    0.0  198.8  850.0 S 1.00 -
 720   18   18    11 0/0/0/0/0                 850.0   660.0   198.8   449.7   38.0   42.0     0 3/4/1/3/2/2           2     1  63.5   10.9    0.0  198.8  849.0 S 1.00 -
 730   18   18    11 0/0/0/0/0                 850.0   660.0   198.8   454.1   38.0   42.0     0 3/4/1/3/2/2           2     1  62.8   10.2    0.0  198.8  849.0 S 1.00 -
 740   18   18    11 0/0/0/0/0                 850.0   660.0   198.8   454.1   38.0   42.0     0 3/4/1/3/2/2           2     0  63.6   10.5    0.0  198.8  850.0 S 1.00 -
 750   18   18    11 0/0/0/0/0                 850.0   660.0   198.8   454.1   38.0   42.0     0 3/4/1/3/2/2           2     0  62.8   10.5    0.0  198.8  850.0 S 1.00 -
 760   19   18    12 0/0/0/0/0                 850.0   660.0   198.8   454.1   38.0   42.0     0 3/4/1/3/2/2           2     0  61.8   10.3    0.0  198.8  850.0 S 1.00 -
 770   19   19    12 0/0/0/0/0                 850.0   660.0   198.8   454.1   38.0   42.0     0 3/4/1/3/2/2           2     0  62.7   11.1    0.0  198.8  850.0 S 1.00 -
 780   19   19    12 0/0/0/0/0                 850.0   660.0   198.8   454.1   38.0   42.0     0 3/4/1/3/2/2           2     0  62.5   10.5    0.0  198.8  850.0 S 1.00 -
 790   19   19    12 0/0/0/0/0                 850.0   660.0   198.8   454.1   38.0   42.0     0 3/4/1/3/2/2           2     0  61.9   10.4    0.0  198.8  850.0 S 1.00 -
 800   19   19    12 0/0/0/0/0                 850.0   660.0   198.8   454.1   38.0   42.0     0 3/4/1/3/2/2           2     0  63.5   10.8    0.0  198.8  850.0 S 1.00 -
 810   19   19    12 0/0/0/0/0                 850.0   660.0   198.8   454.1   38.0   42.0     0 3/4/1/3/2/2           2     0  62.0   10.4    0.0  198.8  850.0 S 1.00 -
 820   19   19    12 0/0/0/0/0                 850.0   660.0   198.8   454.1   38.0   42.0     0 3/4/1/3/2/2           2     0  62.9   10.6    0.0  198.8  850.0 S 1.00 -
 830   21   19    14 0/0/0/0/0                 850.0   660.0   198.8   454.1   38.0   42.0     0 3/4/1/3/2/2           2     0  62.9   10.5    0.0  198.8  850.0 S 1.00 -
 840   22   21    15 0/0/0/0/0                 850.0   660.0   213.5   454.1   38.0   42.0     0 3/4/1/3/2/2           2     2  63.3   10.6    0.0  198.8  849.0 S 1.00 -
 850   22   22    15 0/0/0/0/0                 850.0   660.0   232.1   454.1   38.0   42.0     0 3/4/1/3/2/2           2     3  62.3   10.4    0.0  213.5  849.0 S 1.00 -
 860   22   22    15 0/0/0/0/0                 850.0   660.0   232.1   388.5   40.0   42.0     0 3/4/1/3/2/2           2     2  61.0   10.6  204.8  232.1  849.0 S 1.00 -
 870   22   22    15 0/0/0/0/0                 850.0   660.0   232.1   388.5   40.0   42.0     0 3/4/1/3/2/2           2     0  62.5   10.5  235.5  232.1  849.0 S 1.00 -
 880   22   22    15 0/0/0/0/0                 850.0   660.0   232.1   397.2   40.0   42.0     0 3/4/1/3/2/2           2     1  61.9   10.4  246.6  232.1  849.0 S 1.00 -
 890   22   22    15 0/0/0/0/0                 850.0   660.0   232.1   406.1   40.0   42.0     0 3/4/1/3/2/2           2     1  62.9   10.8  242.3  232.1  849.0 S 1.00 -
 900   22   22    15 0/0/0/0/0                 850.0   660.0   232.1   414.0   38.0   56.0     0 4/4/1/3/2/2           2     1  61.1   10.6  191.9  232.1  849.0 S 1.00 -
 910   22   22    15 0/0/0/0/0                 850.0   660.0   232.1   334.8   41.0   56.0     0 4/5/1/3/2/2           2     2  62.4   10.6   84.8  232.1  849.0 S 1.00 -
 920   22   22    15 0/0/0/0/0                 850.0   660.0   232.1   353.9   41.0   56.0     0 4/5/1/3/2/2           2     4  60.4   10.4    0.0  232.1  849.0 S 1.00 -
 930   22   22    15 0/0/0/0/0                 850.0   660.0   232.1   375.4   41.0   56.0     0 4/5/1/3/2/2           2     4  60.1   10.5    0.0  232.1  849.0 S 1.00 -
 940   22   22    15 0/0/0/0/0                 850.0   660.0   232.1   407.2   41.0   56.0     0 4/5/1/3/2/2           2     4  61.3   10.8    0.0  232.1  849.0 S 1.00 -
 950   22   22    15 0/0/0/0/0                 850.0   660.0   232.1   416.5   41.0   56.0     0 4/5/1/3/2/2           2     1  62.3   10.8    0.0  232.1  849.0 S 1.00 -
 960   22   22    15 0/0/0/0/0                 850.0   660.0   232.1   419.4   41.0   56.0     0 4/5/1/3/2/2           2     1  62.4   10.2    0.0  232.1  849.0 S 1.00 -
 970   22   22    15 0/0/0/0/0                 850.0   660.0   232.1   436.0   41.0   56.0     0 4/5/1/3/2/2           2     3  61.8   10.4    0.0  232.1  849.0 S 1.00 -
 980   22   22    15 0/0/0/0/0                 850.0   660.0   232.1   441.2   41.0   56.0     0 4/5/1/3/2/2           2     2  61.4   10.6    0.0  232.1  849.0 S 1.00 -
 990   22   22    15 0/0/0/0/0                 850.0   660.0   232.1   457.5   41.0   56.0     0 4/5/1/3/2/2           2     2  61.3   10.5    0.0  232.1  849.0 S 1.00 -
1000   22   22    15 0/0/0/0/0                 850.0   660.0   232.1   464.5   41.0   56.0     0 4/5/1/3/2/2           2     1  61.4   10.3    0.0  232.1  849.0 S 1.00 -
1010   22   22    15 0/0/0/0/0                 850.0   660.0   232.1   473.8   41.0   56.0     0 4/5/1/3/2/2           2     1  61.2   10.9    0.0  232.1  849.0 S 1.00 -
1020   22   22    15 0/0/0/0/0                 850.0   660.0   232.1   473.8   41.0   56.0     0 4/5/1/3/2/2           2     0  62.2   10.7    0.0  232.1  850.0 S 1.00 -
1030   22   22    15 0/0/0/0/0                 850.0   660.0   232.1   473.8   41.0   56.0     0 4/5/1/3/2/2           2     0  61.4   10.2    0.0  232.1  850.0 S 1.00 -
1040   22   22    15 0/0/0/0/0                 850.0   660.0   232.1   473.8   41.0   56.0     0 4/5/1/3/2/2           2     0  62.0   10.8    0.0  232.1  850.0 S 1.00 -
1050   22   22    15 0/0/0/0/0                 850.0   660.0   232.1   473.8   41.0   56.0     0 4/5/1/3/2/2           2     0  62.4   10.6    0.0  232.1  850.0 S 1.00 -
1060   22   22    15 0/0/0/0/0                 850.0   660.0   232.1   387.8   43.0   56.0     0 4/5/1/3/2/2           2     0  61.8   10.1   79.3  232.1  850.0 S 1.00 -
1070   22   22    15 0/0/0/0/0                1000.0   780.0   232.1   292.3   47.0   56.0     0 4/5/1/4/2/2           2     1  60.9   11.3  170.8  232.1  849.0 S 1.00 -
1080   22   22    15 0/0/0/0/0                1000.0   780.0   232.1   337.0   48.0   56.0     0 4/6/1/4/2/2           2     6  62.1   10.4    4.4  232.1  999.0 S 1.00 -
1090   22   22    15 0/0/0/0/0                1000.0   780.0   232.1   245.8   50.0   56.0     0 4/6/1/4/2/2           2     1  62.9   10.5   54.1  232.1  999.0 S 1.00 -
1100   22   22    15 0/0/0/0/0                1000.0   780.0   232.1   257.7   50.0   56.0     0 4/6/1/4/2/2           2     2  61.3   10.5  246.6  232.1  999.0 S 1.00 -
1110   22   22    15 0/0/0/0/0                1000.0   780.0   232.1   269.9   50.0   56.0     0 4/6/1/4/2/2           2     3  60.1   10.5  246.6  232.1  999.0 S 1.00 -
1120   22   22    15 0/0/0/0/0                1000.0   780.0   232.1   296.0   50.0   56.0     0 4/6/1/4/2/2           2     4  61.0   10.7  246.6  232.1  999.0 S 1.00 -
1130   22   22    15 0/0/0/0/0                1000.0   780.0   232.1   308.2   50.0   56.0     0 4/6/1/4/2/2           2     3  60.4   10.3  239.0  232.1  999.0 S 1.00 -
1140   22   22    15 0/0/0/0/0                1000.0   780.0   232.1   332.1   50.0   56.0     0 4/6/1/4/2/2           2     5  59.8   10.4  246.6  232.1  999.0 S 1.00 -
1150   22   22    15 0/0/0/0/0                1000.0   780.0   232.1   341.4   50.0   56.0     0 4/6/1/4/2/2           2     3  60.9   10.5  243.5  232.1  999.0 S 1.00 -
1160   22   22    15 0/0/0/0/0                1000.0   780.0   232.1   355.0   50.0   56.0     0 4/6/1/4/2/2           2     3  61.0   10.6  228.5  232.1  999.0 S 1.00 -
1170   22   22    15 0/0/0/0/0                1150.0   900.0   232.1   362.4   52.0   56.0     0 4/6/1/5/2/2           2     2  61.5   10.6  161.4  232.1  999.0 S 1.00 -
1180   25   22    18 0/0/0/0/0                1150.0   900.0   232.1   362.4   52.0   56.0     0 4/6/1/5/2/2           2     0  63.4   10.4    0.0  232.1 1150.0 S 1.00 -
1190   27   25    20 0/0/0/0/0                1150.0   900.0   237.4   374.9   52.0   56.0     0 4/6/1/5/2/2           2     3  62.9   10.6    0.0  232.1 1149.0 S 1.00 -
1200   27   27    20 0/0/0/0/0                1150.0   900.0   251.5   382.8   52.0   56.0     0 4/6/1/5/2/2           2     5  62.0   10.4    0.0  237.4 1149.0 S 1.00 -
1210   27   27    20 0/0/0/0/0                1150.0   900.0   255.9   391.7   52.0   56.0     0 4/6/1/5/2/2           2     2  63.5   10.6    0.0  251.5 1149.0 S 1.00 -
1220   27   27    20 0/0/0/0/0                1150.0   900.0   279.3   391.7   52.0   56.0     0 4/6/1/5/2/2           2     6  63.6   10.7    0.0  255.9 1149.0 S 1.00 -
1230   27   27    20 0/0/0/0/0                1150.0   900.0   284.6   402.9   52.0   56.0     0 4/6/1/5/2/2           2     2  62.1   10.5    0.0  279.3 1149.0 S 1.00 -
1240   27   27    20 0/0/0/0/0                1150.0   900.0   284.6   417.4   52.0   56.0     0 4/6/1/5/2/2           2     3  63.1   10.6    0.0  284.6 1149.0 S 1.00 -
1250   27   27    20 0/0/0/0/0                1150.0   900.0   284.6   429.6   52.0   56.0     0 4/6/1/5/2/2           2     3  62.8   10.4    0.0  284.6 1149.0 S 1.00 -
1260   27   27    20 0/0/0/0/0                1150.0   900.0   284.6   443.2   52.0   56.0     0 4/6/1/5/2/2           2     2  62.4   10.6    0.0  284.6 1149.0 S 1.00 -
1270   27   27    20 0/0/0/0/0                1150.0   900.0   284.6   461.5   52.0   56.0     0 4/6/1/5/2/2           2     4  61.4   10.5    0.0  284.6 1149.0 S 1.00 -
1280   27   27    20 0/0/0/0/0                1150.0   900.0   284.6   461.5   52.0   56.0     0 4/6/1/5/2/2           2     1  64.8   10.6    0.0  284.6 1149.0 S 0.96 -
1290   27   27    20 0/0/0/0/0                1150.0   900.0   284.6   480.1   52.0   56.0     0 4/6/1/5/2/2           2     2  62.3   10.5    0.0  284.6 1149.0 S 0.96 -
1300   27   27    20 0/0/0/0/0                1150.0   900.0   284.6   508.4   52.0   56.0     0 4/6/1/5/2/2           2     4  62.9   10.5    0.0  284.6 1149.0 S 0.96 -
1310   27   27    20 0/0/0/0/0                1150.0   900.0   284.6   524.4   52.0   56.0     0 4/6/1/5/2/2           2     4  62.7   10.7    0.0  284.6 1149.0 S 0.96 -
1320   27   27    20 0/0/0/0/0                1150.0   900.0   284.6   524.4   52.0   56.0     0 4/6/1/5/2/2           2     0  63.7   10.8    0.0  284.6 1150.0 S 0.96 -
1330   27   27    20 0/0/0/0/0                1150.0   900.0   284.6   524.4   52.0   56.0     0 4/6/1/5/2/2           2     0  63.0   10.4    0.0  284.6 1150.0 S 0.96 -
1340   27   27    20 0/0/0/0/0                1150.0   900.0   284.6   524.4   52.0   56.0     0 4/6/1/5/2/2           2     0  63.1   10.3    0.0  284.6 1150.0 S 0.96 -
1350   28   27    21 0/0/0/0/0                1150.0   900.0   284.6   524.4   52.0   56.0     0 4/6/1/5/2/2           2     0  63.5   11.2    0.0  284.6 1150.0 S 0.96 -
1360   28   28    21 0/0/0/0/0                1150.0   900.0   302.8   524.4   52.0   56.0     0 4/6/1/5/2/2           2     3  64.1   10.0    0.0  284.6 1149.0 S 0.96 -
1370   28   28    21 0/0/0/0/0                1150.0   900.0   302.8   524.4   52.0   56.0     0 4/6/1/5/2/2           2     0  65.0   10.7    0.0  302.8 1150.0 S 0.96 -
1380   28   28    21 0/0/0/0/0                1150.0   900.0   302.8   524.4   52.0   56.0     0 4/6/1/5/2/2           2     0  63.9   10.5    0.0  302.8 1150.0 S 0.96 -
1390   28   28    21 0/0/0/0/0                1150.0   900.0   302.8   524.4   52.0   56.0     0 4/6/1/5/2/2           2     0  64.2   10.7    0.0  302.8 1150.0 S 0.96 -
1400   28   28    21 0/0/0/0/0                1150.0   900.0   302.8   524.4   52.0   56.0     0 4/6/1/5/2/2           2     0  63.7   10.5    0.0  302.8 1150.0 S 0.96 -
1410   28   28    21 0/0/0/0/0                1150.0   900.0   302.8   524.4   52.0   56.0     0 4/6/1/5/2/2           2     0  62.3   10.8    0.0  302.8 1150.0 S 0.96 -
1420   28   28    21 0/0/0/0/0                1150.0   900.0   302.8   524.4   52.0   56.0     0 4/6/1/5/2/2           2     0  64.7   10.5    0.0  302.8 1150.0 S 0.96 -
1430   28   28    21 0/0/0/0/0                1150.0   900.0   302.8   524.4   52.0   56.0     0 4/6/1/5/2/2           2     0  64.3   10.6    0.0  302.8 1150.0 S 0.96 -
1440   28   28    21 0/0/0/0/0                1150.0   900.0   302.8   524.4   52.0   56.0     0 4/6/1/5/2/2           2     0  63.1   10.4    0.0  302.8 1150.0 S 0.96 -
1450   29   28    22 0/0/0/0/0                1150.0   900.0   302.8   524.4   52.0   56.0     0 4/6/1/5/2/2           2     0  65.1   10.7    0.0  302.8 1150.0 S 0.97 -
1460   31   29    24 0/0/0/0/0                1150.0   900.0   310.3   524.4   52.0   56.0     0 4/6/1/5/2/2           2     1  63.9   10.4    0.0  302.8 1149.0 S 0.97 -
1470   31   31    24 0/0/0/0/0                1150.0   900.0   323.3   524.4   52.0   56.0     0 4/6/1/5/2/2           2     2  64.9   10.8    0.0  310.3 1149.0 S 0.97 -
1480   32   31    25 0/0/0/0/0                1150.0   900.0   323.3   524.4   52.0   56.0     0 4/6/1/5/2/2           2     0  65.0   10.6    0.0  323.3 1150.0 S 1.00 -
1490   32   32    25 0/0/0/0/0                1150.0   900.0   336.9   524.4   52.0   56.0     0 4/6/1/5/2/2           2     3  64.2   10.6    0.0  323.3 1149.0 S 1.00 -
1500   32   32    25 0/0/0/0/0                1150.0   900.0   336.9   524.4   52.0   56.0     0 4/6/1/5/2/2           2     0  63.8   10.4    0.0  336.9 1150.0 S 1.00 -

targets for seed 2026 (1500 sols):
  T1 PASS run min pop 7 (needs >= 5), final pop 32
  T2 PASS deaths 0 (air 0 thirst 0 hunger 0 eva 0 other 0), unexplained 0
  T3 PASS births 25, first_birth_sol 285, at_capacity 0, cooldown_violations 0, pop@30=7, pop@100=7, pop@300=12
  T4 PASS min O2 261.5, food 203.1; ice never ran dry: min ice 76.5, ice>30 114.7, thirst deaths 0; max ice/target 1.38, regolith/target 1.34
  T5 PASS demand>supply 0.00% of steps (<=10), max shorts/sol 0 (<=2), max offline 0.0 h (<=24.7), first new reactor sol 13 (<=15)
  T6 PASS limited 6917.7 h = 18.70% (>=2% provisional; 4 of 5 seeds), site busy 20.2%; waiting_regolith 0.0 h, site_no_crew 6917.7 h
  T7 PASS turn_backs_air 0, exhausted 183, reachable>=2 at 100.0% of 1500 sol samples (>=95), trips 326
  T8 PASS row avg energy 53.2..65.7 (40..90), row asleep 9.7..12.2% (5..30), max sleep 8.8 h (<=18)
  T9 N/A  checked by repeating the run and by tests/test_determinism.gd (compare the table sha256)
  T10 FAIL first settlement sol 295 (40..150), age_changes 1 (<=4), min gap between consecutive history entries 295 (>=20), history 2 entries (changes+1 = 2); report: sols_in_age landing 295 settlement 1205 council 0, age at end settlement, changes [sol 295 settled], fall back causes [none], not-ok sols 37 (by group, a sol can fail several: ice 0, food 1, oxygen 1, power 0, death 0, unrest 36)
  T11 FAIL (1) list lengths 1501/1501/1501/1501 ok; (2) lonely mean of last 50 readings 0.018 (max 0.35) ok; (3) friends_mean 26.88 (1.0..15.0) BAD; (4) first_friendship_sol 136 ok; (5) lines_dropped (total) 0 ok; report: web 1.00 second 0.00 lonely 0.00 friends_mean 26.88 friends share of colony 0.867 (pop 32)
  T12 PASS (1) list lengths 1501/1501/1501 ok; (2) C2 ok; (3) council changes 0 (<=4) ok; (4) proposals 0 ok; (5) one Council line per boundary ok; report: first Council sol <null>, meetings 0, proposals [], pledge sol <null> reason -, lines {"circles_few":2}, dropped 0; council_min_seeds 3 pledge_min_seeds 1
RESULT FAIL (target 9 determinism: table sha256 e7da92b7446a7f42)
