# INVALID RUN: the multiplier override arrived as a String; every step logged 'SCRIPT ERROR: Trying to assign value of type String to a variable of type Dictionary at SimWorld._water_heads' (739792 times, removed here). See docs/specs/water-throughput.md section 6.
Godot Engine v4.5.stable.official.876b29033 - https://godotengine.org

# station zero balance run: seed=1234 sols=1500 overrides=[colony.consumption.ice_stage_mult={baby:0.3,toddler:0.5,child:0.75,teen:1.0,adult:1.0}] fixed_step=0.05 data_hash=486f7d81b6bbb23f
# deaths and births are cumulative; shorts, trips, energy, asleep, wait, min_* are for the 30-sol window
 sol  pop  min birth dead a/t/h/o/x           oxygen    food     ice   regol   dmnd   supp short bldg R/H/W/G/A/C  reach trips  avgE asleep%  waitH minIce  minO2 age web cn
  10    7    7     0 0/0/0/0/0                 387.9   296.2    72.3    65.0   13.0   14.0     0 1/1/1/1/0/0           2     6  53.2    9.3  213.3   64.7  262.5 L 1.00 -
  20    7    7     0 0/0/0/0/0                 550.0   420.0    93.0    46.0   14.0   28.0     0 2/2/1/1/0/0           2     9  51.8   11.1  181.6   72.3  388.0 L 1.00 -
  30    7    7     0 0/0/0/0/0                 700.0   540.0   109.8    48.1   18.0   28.0     0 2/2/1/2/0/0           2    10  57.2   12.0  126.2   93.0  549.0 L 1.00 -
  40    7    7     0 0/0/0/0/0                 700.0   540.0   115.4    55.1   21.0   28.0     0 2/2/1/2/0/1           2    11  56.5   11.3  102.3  109.8  698.0 L 1.00 -
  50    7    7     0 0/0/0/0/0                 700.0   540.0   126.5    26.6   23.0   28.0     0 2/2/1/2/0/1           2     7  53.6   11.3  144.1  115.4  699.0 L 1.00 -
  60    7    7     0 0/0/0/0/0                 700.0   540.0   126.5    22.4   24.0   42.0     0 3/3/1/2/0/1           2     8  54.5   11.3  115.6  126.5  699.0 L 0.86 -
  70    7    7     0 0/0/0/0/0                 700.0   540.0   132.2    21.3   26.0   42.0     0 3/3/1/2/0/1           2    11  53.0   11.3   75.1  126.5  698.5 L 0.86 -
  80    7    7     0 0/0/0/0/0                 700.0   540.0   138.5    81.5   28.0   42.0     0 3/3/2/2/0/1           2    11  54.6   10.7   75.6  132.2  699.0 L 0.71 -
  90    7    7     0 0/0/0/0/0                 700.0   540.0   148.0    54.4   30.0   42.0     0 3/3/2/2/0/1           2     9  53.5   11.3   72.4  138.5  699.0 L 0.71 -
 100    7    7     0 0/0/0/0/0                 700.0   540.0   153.3    21.7   33.0   42.0     0 3/3/2/2/0/2           2     6  55.3   11.7  177.3  148.0  698.9 L 0.71 -
 110    7    7     0 0/0/0/0/0                 850.0   660.0   158.2    22.7   37.0   42.0     0 3/3/2/3/0/2           2    12  54.5   10.8   67.4  153.3  699.0 L 0.71 -
 120    7    7     0 0/0/0/0/0                 850.0   660.0   158.2    53.7   37.0   42.0     0 3/3/2/3/0/2           2     4  58.0   10.8  219.0  158.2  849.0 L 0.71 -
 130    7    7     0 0/0/0/0/0                 958.2   737.4   158.2    33.4   41.0   42.0     0 3/3/2/4/0/2           2     8  53.8   10.8  225.0  158.2  849.0 L 0.71 -
 140    7    7     0 0/0/0/0/0                1000.0   780.0   158.2    66.5   41.0   42.0     0 3/3/2/4/0/2           2     6  55.0   11.2  215.6  158.2  958.4 L 0.71 -
 150    7    7     0 0/0/0/0/0                1000.0   780.0   158.2    37.3   41.0   56.0     0 4/3/2/4/0/2           2     8  52.5   10.4  150.4  158.2  999.0 L 0.57 -
 160    7    7     0 0/0/0/0/0                1150.0   900.0   158.2    71.5   43.0   56.0     0 4/3/2/5/0/2           2     6  53.3   10.8  141.3  158.2  999.0 L 0.43 -
 170    7    7     0 0/0/0/0/0                1150.0   900.0   158.2   142.6   43.0   56.0     0 4/3/2/5/0/2           2    13  54.1   10.2    0.0  158.2 1149.0 L 0.57 -
 180    7    7     0 0/0/0/0/0                1150.0   900.0   158.2    93.6   46.0   56.0     0 4/3/2/5/0/3           2     6  56.2   11.6  101.7  158.2 1149.0 L 0.86 -
 190    7    7     0 0/0/0/0/0                1150.0   900.0   158.2    64.8   48.0   56.0     0 4/3/2/5/0/3           2     9  55.7   11.5   85.4  158.2 1149.0 L 0.86 -
 200    7    7     0 0/0/0/0/0                1150.0   900.0   158.2    97.1   49.0   56.0     0 4/4/2/5/0/3           2     6  55.6   10.8  178.3  158.2 1149.0 L 0.71 -
 210    7    7     0 0/0/0/0/0                1150.0   900.0   158.2    23.6   51.0   56.0     0 4/4/2/5/0/3           2     5  56.8   10.1  208.6  158.2 1149.0 L 0.71 -
 220    7    7     0 0/0/0/0/0                1150.0   900.0   158.2    45.6   51.0   56.0     0 4/4/2/5/0/3           2     5  53.3   10.3  220.2  158.2 1149.0 L 0.71 -
 230    7    7     0 0/0/0/0/0                1150.0   900.0   158.2    73.9   51.0   56.0     0 4/4/2/5/0/3           2     4  53.2   11.0  246.6  158.2 1149.0 L 0.71 -
 240    7    7     0 0/0/0/0/0                1150.0   900.0   158.2   103.6   51.0   56.0     0 4/4/2/5/0/3           2     6  53.0   10.4  243.1  158.2 1149.0 L 0.71 -
 250    7    7     0 0/0/0/0/0                1150.0   900.0   158.2    46.7   55.0   56.0     0 4/4/3/5/0/3           2     7  49.6   10.4  233.6  158.2 1149.0 L 0.71 -
 260    7    7     0 0/0/0/0/0                1150.0   900.0   158.2    85.5   53.0   70.0     0 5/4/3/5/0/3           2     6  56.9   12.0  122.1  158.2 1149.0 L 0.71 -
 270    7    7     0 0/0/0/0/0                1150.0   900.0   158.2   167.9   53.0   70.0     0 5/4/3/5/0/3           2    11  55.4   10.8    0.0  158.2 1149.0 L 0.86 -
 280    7    7     0 0/0/0/0/0                1150.0   900.0   158.2   116.0   56.0   70.0     0 5/5/3/5/0/3           2    10  51.4   11.4   65.5  158.2 1149.0 L 1.00 -
 290    9    7     2 0/0/0/0/0                1150.0   900.0   158.2   187.0   56.0   70.0     0 5/5/3/5/0/3           2     7  59.7   10.7    0.0  158.2 1149.0 L 1.00 -
 300   10    9     3 0/0/0/0/0                1150.0   900.0   158.2    97.6   58.0   70.0     0 5/5/3/5/0/3           2     3  60.0   11.0  204.2  158.2 1149.0 L 1.00 -
 310   11   10     4 0/0/0/0/0                1150.0   900.0   158.2    31.6   60.0   70.0     0 5/5/3/5/1/3           2     8  58.4   10.5  212.1  158.2 1149.0 L 1.00 -
 320   12   11     5 0/0/0/0/0                1150.0   900.0   158.2    60.5   60.0   70.0     0 5/5/3/5/1/3           2     4  58.6   10.6  222.3  158.2 1149.0 S 1.00 -
 330   13   12     6 0/0/0/0/0                1150.0   900.0   158.2   100.8   60.0   70.0     0 5/5/3/5/2/3           2     5  59.7   10.8  208.1  158.2 1149.0 S 0.92 -
 340   13   13     6 0/0/0/0/0                1150.0   900.0   158.2    51.1   62.0   70.0     0 5/5/3/5/2/3           2    11  60.0   10.7   58.6  158.2 1149.0 S 0.85 -
 350   13   13     6 0/0/0/0/0                1150.0   900.0   158.2    86.1   63.0   70.0     0 5/6/3/5/2/3           2     5  59.1   10.9   80.9  158.2 1149.0 S 0.46 -
 360   13   13     6 0/0/0/0/0                1150.0   900.0   158.2   158.8   63.0   70.0     0 5/6/3/5/2/3           2    12  58.7   10.4   10.0  158.2 1149.0 S 0.54 -
 370   13   13     6 0/0/0/0/0                1149.6   900.0   158.2   218.2   63.0   70.0     0 5/6/3/5/2/3           2     9  61.4   11.4    0.0  158.2 1149.0 S 0.69 -
 380   13   13     6 0/0/0/0/0                1150.0   900.0   158.2   277.4   63.0   70.0     0 5/6/3/5/2/3           2     8  61.6   10.4    0.0  158.2 1149.0 S 0.77 -
 390   13   13     6 0/0/0/0/0                1150.0   900.0   158.2   303.9   63.0   70.0     0 5/6/3/5/2/3           2     5  62.3   10.7    0.0  158.2 1149.0 S 0.77 -
 400   13   13     6 0/0/0/0/0                1150.0   900.0   158.2   359.3   63.0   70.0     0 5/6/3/5/2/3           2     8  61.0   10.7    0.0  158.2 1149.0 S 0.77 -
 410   13   13     6 0/0/0/0/0                1150.0   900.0   158.2   269.9   65.0   70.0     0 5/6/3/5/2/3           2     5  61.4   10.7   76.7  158.2 1149.0 S 0.77 -
 420   13   13     6 0/0/0/0/0                1150.0   900.0   158.2   307.8   66.0   70.0     0 5/7/3/5/2/3           2     9  60.3   10.7   75.2  158.2 1149.0 S 0.77 -
 430   13   13     6 0/0/0/0/0                1150.0   900.0   158.2   224.6   68.0   70.0     0 5/7/3/5/2/3           2     5  60.3   10.8  128.7  158.2 1149.0 S 0.77 -
 440   13   13     6 0/0/0/0/0                1150.0   900.0   158.2   259.1   68.0   70.0     0 5/7/3/5/2/3           2     5  58.9   10.0  222.8  158.2 1149.0 S 0.77 -
 450   13   13     6 0/0/0/0/0                1150.0   900.0   158.2   261.1   68.0   70.0     0 5/7/3/5/2/3           2     1  61.1   10.6  233.5  158.2 1149.0 S 0.77 -
 460   13   13     6 0/0/0/0/0                1150.0   900.0   158.2   273.4   68.0   70.0     0 5/7/3/5/2/3           2     3  61.1   10.5  242.7  158.2 1149.0 S 0.69 -
 470   13   13     6 0/0/0/0/0                1150.0   900.0   158.2   170.1   68.0   84.0     0 6/7/3/5/2/3           2     4  60.0   10.4  242.3  158.2 1149.0 S 0.62 -
 480   13   13     6 0/0/0/0/0                1150.0   900.0   158.2   228.6   68.0   84.0     0 6/7/3/5/2/3           2     7  58.2   10.9  239.8  158.2 1149.0 S 0.62 -
 490   13   13     6 0/0/0/0/0                1150.0   900.0   158.2   289.9   68.0   84.0     0 6/7/3/5/2/3           2     7  61.0   10.7  227.8  158.2 1149.0 S 0.62 -
 500   13   13     6 0/0/0/0/0                1150.0   900.0   158.2   310.2   69.0   84.0     0 6/7/3/5/2/4           2     3  60.3   10.8  202.6  158.2 1149.0 S 0.62 -
 510   13   13     6 0/0/0/0/0                1150.0   900.0   158.2   251.9   71.0   84.0     0 6/7/3/5/2/4           2    11  60.0   10.5   51.5  158.2 1149.0 S 0.62 -
 520   13   13     6 0/0/0/0/0                1150.0   900.0   158.2   272.2   71.0   84.0     0 6/7/3/5/2/4           2     4  60.5   10.4  234.5  158.2 1149.0 S 0.62 -
 530   13   13     6 0/0/0/0/0                1150.0   900.0   158.2   297.3   71.0   84.0     0 6/7/3/5/2/4           2     3  60.0   10.8  229.8  158.2 1149.0 S 0.62 -
 540   13   13     6 0/0/0/0/0                1300.0  1020.0   158.2   178.9   75.0   84.0     0 6/7/3/6/2/4           2     5  62.8   11.0  234.1  158.2 1149.0 S 0.62 -
 550   13   13     6 0/0/0/0/0                1300.0  1020.0   158.2   231.4   75.0   84.0     0 6/7/3/6/2/4           2     6  58.8   10.4  219.5  158.2 1299.0 S 0.62 -
 560   13   13     6 0/0/0/0/0                1300.0  1020.0   158.2   249.9   75.0   84.0     0 6/7/3/6/2/4           2     3  58.9   10.7  233.0  158.2 1299.0 S 0.62 -
 570   15   13     8 0/0/0/0/0                1300.0  1020.0   158.2   310.3   76.0   84.0     0 6/8/3/6/2/4           2    10  60.2   10.5   45.8  158.2 1299.0 S 0.67 -
 580   16   15     9 0/0/0/0/0                1300.0  1020.0   158.2   344.5   76.0   84.0     0 6/8/3/6/2/4           2     6  61.8   11.0    0.0  158.2 1299.0 S 0.69 -
 590   16   16     9 0/0/0/0/0                1300.0  1020.0   168.7   236.5   78.0   84.0     0 6/8/3/6/2/4           2     6  61.9   10.4  119.3  158.2 1299.0 S 0.88 -
 600   18   16    11 0/0/0/0/0                1300.0  1020.0   175.2   248.0   78.0   84.0     0 6/8/3/6/3/4           2     5  63.0   10.7  194.5  168.7 1299.0 S 0.61 -
 610   18   18    11 0/0/0/0/0                1300.0  1020.0   175.2   161.0   80.0   84.0     0 6/8/3/6/3/4           2     9  62.0   10.9  187.5  175.2 1299.0 S 0.61 -
 620   18   18    11 0/0/0/0/0                1300.0  1020.0   180.6   183.9   80.0   84.0     0 6/8/3/6/3/4           2     4  62.1   10.4  246.6  175.2 1299.0 S 0.61 -
 630   19   18    12 0/0/0/0/0                1300.0  1020.0   186.0   204.0   80.0   84.0     0 6/8/3/6/3/4           2     4  62.6   11.1  233.2  180.6 1299.0 S 0.89 -
 640   19   19    12 0/0/0/0/0                1300.0  1020.0   192.7   239.8   80.0   84.0     0 6/8/3/6/3/4           2     7  61.4   10.4  222.3  186.0 1299.0 S 0.89 -
 650   19   19    12 0/0/0/0/0                1300.0  1020.0   207.0    97.8   82.0   84.0     0 6/8/3/6/4/4           2     3  62.9   10.4  213.0  192.7 1299.0 S 0.89 -
 660   19   19    12 0/0/0/0/0                1300.0  1020.0   209.6   141.6   82.0   84.0     0 6/8/3/6/4/4           2     6  61.0   11.3  241.5  207.0 1299.0 S 0.84 -
 670   19   19    12 0/0/0/0/0                1450.0  1140.0   209.6    16.8   84.0   98.0     0 7/8/3/7/4/4           2     4  63.5   10.6  137.1  209.6 1299.0 S 0.84 -
 680   19   19    12 0/0/0/0/0                1450.0  1140.0   209.6    93.5   84.0   98.0     0 7/8/3/7/4/4           2    12  60.8   10.7    0.0  209.6 1449.0 S 0.79 -
 690   19   19    12 0/0/0/0/0                1450.0  1140.0   209.6   154.3   84.0   98.0     0 7/8/3/7/4/4           2    10  60.9   10.9    0.0  209.6 1449.0 S 0.79 -
 700   19   19    12 0/0/0/0/0                1450.0  1140.0   209.6   214.5   84.0   98.0     0 7/8/3/7/4/4           2    10  60.2   10.8    0.0  209.6 1449.0 S 0.84 -
 710   19   19    12 0/0/0/0/0                1450.0  1140.0   209.6   300.6   84.0   98.0     0 7/8/3/7/4/4           2    13  60.0   10.7    0.0  209.6 1449.0 S 0.84 -
 720   19   19    12 0/0/0/0/0                1450.0  1140.0   209.6   335.7   84.0   98.0     0 7/8/3/7/4/4           2     3  61.6   10.7    0.0  209.6 1449.0 S 0.95 -
 730   19   19    12 0/0/0/0/0                1450.0  1140.0   209.6   391.3   84.0   98.0     0 7/8/3/7/4/4           2     9  62.1   10.7    0.0  209.6 1449.0 S 0.95 -
 740   19   19    12 0/0/0/0/0                1450.0  1140.0   209.6   461.2   84.0   98.0     0 7/8/3/7/4/4           2    10  61.6   10.7    0.0  209.6 1448.4 S 0.95 -
 750   19   19    12 0/0/0/0/0                1450.0  1140.0   209.6   496.0   84.0   98.0     0 7/8/3/7/4/4           2     4  61.4   10.3    0.0  209.6 1449.0 S 0.95 -
 760   19   19    12 0/0/0/0/0                1450.0  1140.0   209.6   513.0   84.0   98.0     0 7/8/3/7/4/4           2     4  61.6   10.6    0.0  209.6 1449.0 S 0.95 -
 770   19   19    12 0/0/0/0/0                1450.0  1140.0   209.6   540.0   84.0   98.0     0 7/8/3/7/4/4           2     4  62.3   10.2    0.0  209.6 1449.0 S 0.95 -
 780   19   19    12 0/0/0/0/0                1450.0  1140.0   209.6   557.1   84.0   98.0     0 7/8/3/7/4/4           2     3  63.5   10.9    0.0  209.6 1449.0 S 0.95 -
 790   19   19    12 0/0/0/0/0                1450.0  1140.0   209.6   563.8   84.0   98.0     0 7/8/3/7/4/4           2     2  64.0   10.5    0.0  209.6 1449.0 S 0.95 -
 800   19   19    12 0/0/0/0/0                1450.0  1140.0   209.6   593.8   84.0   98.0     0 7/8/3/7/4/4           2     4  62.8   10.9    0.0  209.6 1449.0 S 0.95 -
 810   19   19    12 0/0/0/0/0                1450.0  1140.0   209.6   602.2   84.0   98.0     0 7/8/3/7/4/4           2     0  63.6   10.3    0.0  209.6 1450.0 S 0.95 -
 820   19   19    12 0/0/0/0/0                1450.0  1140.0   209.6   612.4   84.0   98.0     0 7/8/3/7/4/4           2     1  63.6   10.9    0.0  209.6 1449.0 S 0.95 -
 830   20   19    13 0/0/0/0/0                1450.0  1140.0   209.6   619.1   84.0   98.0     0 7/8/3/7/4/4           2     2  63.1   10.8    0.0  209.6 1449.0 S 0.95 -
 840   21   20    14 0/0/0/0/0                1450.0  1140.0   209.6   468.2   86.0   98.0     0 7/8/3/7/4/4           2     0  64.1   10.7   54.2  209.6 1450.0 S 0.95 -
 850   21   21    14 0/0/0/0/0                1450.0  1140.0   217.3   468.2   86.0   98.0     0 7/8/3/7/4/4           2     4  63.2    9.8  220.9  209.6 1449.0 S 0.95 -
 860   22   21    15 0/0/0/0/0                1450.0  1140.0   224.1   341.1   88.0   98.0     0 7/8/3/7/5/4           2     3  62.0   11.0  220.2  217.3 1449.0 S 0.95 -
 870   22   22    15 0/0/0/0/0                1450.0  1140.0   232.6   356.8   88.0   98.0     0 7/8/3/7/5/4           2     4  61.7   10.7  241.2  224.1 1449.0 S 0.95 -
 880   22   22    15 0/0/0/0/0                1450.0  1140.0   232.6   362.4   88.0   98.0     0 7/8/3/7/5/4           2     1  61.2   10.4  243.4  232.6 1449.0 S 0.95 -
 890   23   22    16 0/0/0/0/0                1450.0  1140.0   237.8   377.7   88.0   98.0     0 7/8/3/7/5/4           2     3  61.9   10.8  238.9  232.6 1449.0 S 1.00 -
 900   24   23    17 0/0/0/0/0                1450.0  1140.0   237.8   392.4   88.0   98.0     0 7/8/3/7/5/4           2     4  62.0   10.5  246.6  237.8 1449.0 S 1.00 -
 910   25   24    18 0/0/0/0/0                1450.0  1140.0   237.8   406.3   88.0   98.0     0 7/8/3/7/5/4           2     3  62.4   10.6  246.6  237.8 1449.0 S 0.96 -
 920   25   25    18 0/0/0/0/0                1450.0  1140.0   241.7   414.1   88.0   98.0     0 7/8/3/7/5/4           2     4  61.5   10.4  244.6  237.8 1449.0 S 0.92 -
 930   25   25    18 0/0/0/0/0                1450.0  1140.0   248.1   440.3   88.0   98.0     0 7/8/3/7/5/4           2     3  62.4   10.8  238.6  241.7 1449.0 S 0.96 -
 940   25   25    18 0/0/0/0/0                1450.0  1140.0   248.1   440.3   88.0   98.0     0 7/8/3/7/5/4           2     0  62.9   10.5  240.8  248.1 1449.0 S 0.84 -
 950   25   25    18 0/0/0/0/0                1450.0  1140.0   250.3   454.3   88.0   98.0     0 7/8/3/7/5/4           2     4  61.9   10.2  243.5  248.1 1449.0 S 0.84 -
 960   25   25    18 0/0/0/0/0                1600.0  1260.0   262.9   300.6   93.0   98.0     0 7/8/3/8/5/5           2     3  60.8   11.3  186.1  250.3 1448.4 S 0.84 -
 970   25   25    18 0/0/0/0/0                1600.0  1260.0   262.9   180.3   95.0   98.0     0 7/8/3/8/5/5           2     6  62.2   10.6  220.0  262.9 1599.0 S 1.00 -
 980   25   25    18 0/0/0/0/0                1600.0  1260.0   269.6   224.8   95.0   98.0     0 7/8/3/8/5/5           2     7  62.3   10.3  246.6  262.9 1599.0 S 1.00 -
 990   25   25    18 0/0/0/0/0                1600.0  1260.0   269.6   274.9   95.0   98.0     0 7/8/3/8/5/5           2     8  60.7   10.8  246.6  269.6 1599.0 S 1.00 -
1000   25   25    18 0/0/0/0/0                1600.0  1260.0   269.6   331.4   95.0   98.0     0 7/8/3/8/5/5           2    11  60.9   10.5  246.6  269.6 1599.0 S 1.00 -
1010   25   25    18 0/0/0/0/0                1600.0  1260.0   269.6   371.2   95.0   98.0     0 7/8/3/8/5/5           2     5  61.7   10.7  246.6  269.6 1599.0 S 1.00 -
1020   25   25    18 0/0/0/0/0                1600.0  1260.0   269.6   395.9   95.0   98.0     0 7/8/3/8/5/5           2     4  60.7   10.8  246.6  269.6 1599.0 S 1.00 -
1030   25   25    18 0/0/0/0/0                1600.0  1260.0   269.6   419.5   95.0   98.0     0 7/8/3/8/5/5           2     3  60.2   10.6  246.6  269.6 1599.0 S 1.00 -
1040   25   25    18 0/0/0/0/0                1600.0  1260.0   269.6   435.7   95.0   98.0     0 7/8/3/8/5/5           2     2  62.6   10.3  246.6  269.6 1599.0 S 1.00 -
1050   25   25    18 0/0/0/0/0                1600.0  1260.0   269.6   445.3   95.0   98.0     0 7/8/3/8/5/5           2     3  60.4   10.6  244.0  269.6 1599.0 S 1.00 -
1060   25   25    18 0/0/0/0/0                1600.0  1260.0   269.6   450.0   95.0   98.0     0 7/8/3/8/5/5           2     1  62.3   10.5  246.6  269.6 1599.0 S 1.00 -
1070   25   25    18 0/0/0/0/0                1600.0  1260.0   269.6   469.6   95.0   98.0     0 7/8/3/8/5/5           2     3  60.7   10.6  237.5  269.6 1599.0 S 1.00 -
1080   25   25    18 0/0/0/0/0                1600.0  1260.0   269.6   469.6   95.0   98.0     0 7/8/3/8/5/5           2     0  63.0   10.8  246.6  269.6 1600.0 S 1.00 -
1090   25   25    18 0/0/0/0/0                1600.0  1260.0   269.6   482.6   95.0   98.0     0 7/8/3/8/5/5           2     3  61.4   10.5  245.7  269.6 1599.0 S 1.00 -
1100   26   25    19 0/0/0/0/0                1600.0  1260.0   269.6   492.7   95.0   98.0     0 7/8/3/8/5/5           2     1  62.0   10.5  246.6  269.6 1599.0 S 1.00 -
1110   27   26    20 0/0/0/0/0                1600.0  1260.0   281.9   496.4   95.0   98.0     0 7/8/3/8/5/5           2     3  61.1   10.6  246.6  269.6 1599.0 S 1.00 -
1120   27   27    20 0/0/0/0/0                1600.0  1260.0   281.9   496.4   95.0   98.0     0 7/8/3/8/5/5           2     0  62.2   10.5  246.6  281.9 1600.0 S 1.00 -
1130   27   27    20 0/0/0/0/0                1600.0  1260.0   281.9   520.2   95.0   98.0     0 7/8/3/8/5/5           2     4  62.1   10.6  246.6  281.9 1599.0 S 1.00 -
1140   27   27    20 0/0/0/0/0                1600.0  1260.0   281.9   539.4   95.0   98.0     0 7/8/3/8/5/5           2     3  61.8   10.4  245.0  281.9 1599.0 S 1.00 -
1150   27   27    20 0/0/0/0/0                1600.0  1260.0   281.9   553.5   95.0   98.0     0 7/8/3/8/5/5           2     3  60.4   10.7  241.9  281.9 1599.0 S 1.00 -
1160   28   27    21 0/0/0/0/0                1600.0  1260.0   281.9   568.6   95.0   98.0     0 7/8/3/8/5/5           2     2  61.8   10.5  246.6  281.9 1599.0 S 1.00 -
1170   29   28    22 0/0/0/0/0                1600.0  1260.0   287.9   596.4   95.0   98.0     0 7/8/3/8/5/5           2     5  61.6   10.4  241.6  281.9 1599.0 S 1.00 -
1180   29   29    22 0/0/0/0/0                1600.0  1260.0   292.8   608.6   95.0   98.0     0 7/8/3/8/5/5           2     3  61.5   10.6  239.6  287.9 1599.0 S 0.97 -
1190   31   29    24 0/0/0/0/0                1600.0  1260.0   292.8   616.9   95.0   98.0     0 7/8/3/8/5/5           2     1  61.1   10.6  240.9  292.8 1599.0 S 0.97 -
1200   31   31    24 0/0/0/0/0                1600.0  1260.0   292.8   616.9   95.0   98.0     0 7/8/3/8/5/5           2     0  62.3   10.6  243.6  292.8 1599.0 S 0.94 -
1210   31   31    24 0/0/0/0/0                1600.0  1260.0   292.8   460.7   99.0   98.0     1 7/8/3/8/5/5           2     2  62.7   10.7  192.8  292.8 1599.0 S 0.94 -
1220   31   31    24 0/0/0/0/0                1750.0  1380.0   292.8   471.7   97.0  112.0     0 8/8/3/9/5/5           2     3  62.3   10.6  100.4  292.8 1599.0 S 0.94 -
1230   31   31    24 0/0/0/0/0                1750.0  1380.0   312.7   310.2   99.0  112.0     0 8/8/3/9/5/5           2     5  61.5   10.7  146.0  292.8 1749.0 S 0.94 -
1240   31   31    24 0/0/0/0/0                1750.0  1380.0   316.6   338.9  100.0  112.0     0 8/9/3/9/5/5           2     6  61.1   10.7  198.8  312.7 1749.0 S 0.94 -
1250   31   31    24 0/0/0/0/0                1750.0  1380.0   322.4   191.6  102.0  112.0     0 8/9/3/9/5/5           2     8  61.2   10.5  229.7  316.6 1749.0 S 0.94 -
1260   31   31    24 0/0/0/0/0                1750.0  1380.0   332.4   217.4  102.0  112.0     0 8/9/3/9/5/5           2     4  61.9   10.7  246.6  322.4 1749.0 S 0.94 -
1270   31   31    24 0/0/0/0/0                1750.0  1380.0   341.4   221.8  102.0  112.0     0 8/9/3/9/5/5           2     3  62.0   10.5  246.6  332.4 1749.0 S 0.94 -
1280   31   31    24 0/0/0/0/0                1750.0  1380.0   341.4   257.0  102.0  112.0     0 8/9/3/9/5/5           2     6  61.9   10.6  243.1  341.4 1749.0 S 0.97 -
1290   31   31    24 0/0/0/0/0                1750.0  1380.0   341.4   298.8  102.0  112.0     0 8/9/3/9/5/5           2     6  61.9   10.4  246.6  341.4 1749.0 S 0.97 -
1300   31   31    24 0/0/0/0/0                1750.0  1380.0   341.4   322.2  102.0  112.0     0 8/9/3/9/5/5           2     6  61.6   10.6  246.6  341.4 1749.0 S 0.97 -
1310   31   31    24 0/0/0/0/0                1750.0  1380.0   341.4   335.0  102.0  112.0     0 8/9/3/9/5/5           2     0  61.1   10.6  243.2  341.4 1749.0 S 0.97 -
1320   31   31    24 0/0/0/0/0                1750.0  1380.0   341.4   355.6  102.0  112.0     0 8/9/3/9/5/5           2     4  61.4   10.5  246.1  341.4 1749.0 S 0.97 -
1330   31   31    24 0/0/0/0/0                1750.0  1380.0   341.4   382.5  102.0  112.0     0 8/9/3/9/5/5           2     4  61.2   10.7  246.6  341.4 1749.0 S 0.97 -
1340   31   31    24 0/0/0/0/0                1750.0  1380.0   341.4   402.8  102.0  112.0     0 8/9/3/9/5/5           2     3  60.4   10.7  238.0  341.4 1749.0 S 0.97 -
1350   31   31    24 0/0/0/0/0                1750.0  1380.0   341.4   410.9  102.0  112.0     0 8/9/3/9/5/5           2     1  61.2   10.3  241.2  341.4 1749.0 S 0.97 -
1360   31   31    24 0/0/0/0/0                1750.0  1380.0   341.4   428.4  102.0  112.0     0 8/9/3/9/5/5           2     4  62.0   10.8  243.3  341.4 1749.0 S 0.97 -
1370   31   31    24 0/0/0/0/0                1750.0  1380.0   341.4   456.7  102.0  112.0     0 8/9/3/9/5/5           2     3  62.4   10.4  246.6  341.4 1749.0 S 0.97 -
1380   32   31    25 0/0/0/0/0                1750.0  1380.0   341.4   467.2  102.0  112.0     0 8/9/3/9/5/5           2     2  61.4   10.6  239.7  341.4 1749.0 S 0.97 -
1390   33   32    26 0/0/0/0/0                1750.0  1380.0   341.4   487.1  102.0  112.0     0 8/9/3/9/5/5           2     3  61.5   10.7  246.6  341.4 1749.0 S 0.97 -
1400   33   33    26 0/0/0/0/0                1750.0  1380.0   345.9   503.9  102.0  112.0     0 8/9/3/9/5/5           2     4  62.5   10.5  246.6  341.4 1749.0 S 0.97 -
1410   33   33    26 0/0/0/0/0                1750.0  1380.0   345.9   520.4  102.0  112.0     0 8/9/3/9/5/5           2     2  62.5   10.6  246.6  345.9 1749.0 S 0.97 -
1420   33   33    26 0/0/0/0/0                1750.0  1380.0   345.9   543.5  102.0  112.0     0 8/9/3/9/5/5           2     3  62.9   10.9  246.6  345.9 1749.0 S 0.97 -
1430   33   33    26 0/0/0/0/0                1750.0  1380.0   345.9   551.6  102.0  112.0     0 8/9/3/9/5/5           2     2  61.5   10.2  244.6  345.9 1749.0 S 0.97 -
1440   34   33    27 0/0/0/0/0                1750.0  1380.0   353.7   555.0  103.0  112.0     0 8/10/3/9/5/5          2     2  62.6   10.6  230.4  345.9 1749.0 S 0.97 -
1450   34   34    27 0/0/0/0/0                1750.0  1380.0   353.7   581.3  103.0  112.0     0 8/10/3/9/5/5          2     3  62.2   10.6    0.0  353.7 1749.0 S 0.97 -
1460   36   34    29 0/0/0/0/0                1750.0  1380.0   353.7   419.4  105.0  112.0     0 8/10/3/9/5/5          2     4  61.8   10.6  143.2  353.7 1749.0 S 0.97 -
1470   37   36    30 0/0/0/0/0                1750.0  1380.0   353.7   455.2  105.0  112.0     0 8/10/3/9/5/5          2     5  61.8   10.6  240.0  353.7 1749.0 S 0.97 -
1480   37   37    30 0/0/0/0/0                1750.0  1380.0   361.4   467.1  105.0  112.0     0 8/10/3/9/5/5          2     4  62.1   10.8  244.5  353.7 1749.0 S 0.97 -
1490   37   37    30 0/0/0/0/0                1750.0  1380.0   364.7   491.9  105.0  112.0     0 8/10/3/9/5/5          2     4  62.0   10.2  233.6  361.4 1749.0 S 0.97 -
1500   37   37    30 0/0/0/0/0                1750.0  1380.0   370.7   509.7  105.0  112.0     0 8/10/3/9/5/5          2     4  61.7   10.7  241.4  364.7 1749.0 S 0.97 -

targets for seed 1234 (1500 sols):
  T1 PASS run min pop 7 (needs >= 5), final pop 37
  T2 PASS deaths 0 (air 0 thirst 0 hunger 0 eva 0 other 0), unexplained 0
  T3 PASS births 30, first_birth_sol 288, at_capacity 0, cooldown_violations 0, pop@30=7, pop@100=7, pop@300=10
  T4 PASS min O2 262.5, food 203.1; ice never ran dry: min ice 64.7, ice>30 109.8, thirst deaths 0; max ice/target 1.38, regolith/target 1.13
  T5 FAIL demand>supply 0.36% of steps (<=10), max shorts/sol 1 (<=2), max offline 131.7 h (<=24.7), first new reactor sol 11 (<=15)
  T6 PASS limited 25261.4 h = 68.29% (>=2% provisional; 4 of 5 seeds), site busy 71.2%; waiting_regolith 280.0 h, site_no_crew 24981.4 h
  T7 PASS turn_backs_air 0, exhausted 298, reachable>=2 at 100.0% of 1500 sol samples (>=95), trips 768
  T8 PASS row avg energy 49.6..64.1 (40..90), row asleep 9.3..12.0% (5..30), max sleep 8.8 h (<=18)
  T9 N/A  checked by repeating the run and by tests/test_determinism.gd (compare the table sha256)
  T10 FAIL first settlement sol 316 (40..150), age_changes 1 (<=4), min gap between consecutive history entries 316 (>=20), history 2 entries (changes+1 = 2); report: sols_in_age landing 316 settlement 1184 council 0, age at end settlement, changes [sol 316 settled], fall back causes [none], not-ok sols 75 (by group, a sol can fail several: ice 0, food 1, oxygen 1, power 5, death 0, unrest 69)
  T11 FAIL (1) list lengths 1501/1501/1501/1501 ok; (2) lonely mean of last 50 readings 0.027 (max 0.35) ok; (3) friends_mean 18.92 (1.0..15.0) BAD; (4) first_friendship_sol 165 ok; (5) lines_dropped (total) 0 ok; report: web 0.97 second 0.00 lonely 0.03 friends_mean 18.92 friends share of colony 0.526 (pop 37)
  T12 PASS (1) list lengths 1501/1501/1501 ok; (2) C2 ok; (3) council changes 0 (<=4) ok; (4) proposals 0 ok; (5) one Council line per boundary ok; report: first Council sol <null>, meetings 0, proposals [], pledge sol <null> reason -, lines {"circles_few":2}, dropped 0; council_min_seeds 3 pledge_min_seeds 1
RESULT FAIL (target 9 determinism: table sha256 d01dd1f77f8a998f)
